5 64
5 193
5 802
5 194
5 195
5 3
5 808
5 59
5 4
5 192
5 411
5 58
5 4
694 158
513 192
236 238
595 159
694 398
22 128
398 694
522 932
694 398
128 22
193 808
649 411
526 7
526 7
187 75
158 694
158 398
22 21
64 5
64 821
398 158
398 158
193 3
808 3
158 694
158 398
158 398
158 398
53 535
526 7
7 526
64 5
64 821
588 378
378 588
782 57
656 286
64 59
64 138
64 252
64 243
64 59
64 138
64 194
647 81
647 81
647 661
398 158
3 193
3 808
5 64
5 821
64 5
64 821
64 5
64 821
64 5
64 821
59 58
96 62
96 124
410 4
193 5
193 3
3 5
3 64
3 4
3 5
138 665
417 361
293 260
293 248
293 74
67 68
68 75
68 67
68 67
67 68
67 68
68 67
67 68
68 67
67 68
68 67
153 279
67 68
374 279
68 67
67 68
612 518
612 306
65 6
68 67
612 944
67 68
68 67
30 437
254 32
637 298
36 37
518 612
48 49
48 49
249 83
835 931
87 75
22 210
421 405
181 342
421 394
394 931
222 75
699 303
84 373
361 174
492 87
419 6
46 267
157 378
339 378
77 120
77 49
378 157
77 120
77 49
84 373
83 122
83 87
374 197
179 178
179 177
394 88
852 86
59 582
330 114
29 24
29 24
254 637
67 68
210 22
574 330
68 67
665 838
214 179
330 574
367 279
108 87
124 96
58 482
58 175
133 87
210 298
74 215
210 55
177 179
55 210
226 86
133 210
210 55
944 143
260 293
260 94
838 665
210 406
179 177
665 838
122 609
122 111
122 544
260 293
260 401
260 308
260 259
260 94
232 53
122 83
41 897
238 910
68 67
208 209
210 208
910 238
447 267
238 910
368 468
910 238
67 68
428 140
428 267
208 944
208 243
928 61
90 300
28 29
300 90
944 208
83 122
269 132
645 20
888 898
58 64
291 558
182 378
119 118
300 337
300 326
300 29
300 22
300 256
300 115
300 82
300 170
300 368
300 365
29 36
119 52
68 67
133 209
317 62
641 173
641 277
133 406
302 7
87 75
67 68
436 839
123 180
87 492
405 125
96 199
96 796
143 944
245 330
68 67
143 106
796 201
509 6
52 119
118 119
368 641
82 108
132 133
132 269
106 143
82 249
232 231
67 68
130 221
289 522
238 236
876 872
5 821
5 64
269 132
107 146
68 67
107 291
28 298
191 339
191 150
191 342
191 344
191 345
191 214
191 157
191 829
191 663
191 349
191 350
191 231
191 275
191 131
191 179
191 887
321 12
1 147
504 835
321 12
132 269
67 68
544 122
36 29
416 97
270 269
181 432
181 432
181 432
122 835
181 432
181 432
181 432
181 432
181 432
181 432
181 432
181 432
181 432
181 432
181 432
181 432
181 432
181 432
181 432
181 432
181 432
181 432
181 432
181 432
181 432
181 432
181 432
181 432
181 432
181 432
181 432
181 432
181 432
181 432
181 432
181 432
181 432
181 432
181 432
181 432
181 432
181 432
181 432
181 432
181 432
181 432
181 432
181 432
181 432
181 432
181 432
181 432
181 432
181 432
181 432
181 432
181 432
181 432
181 432
181 432
181 432
181 432
181 432
181 432
181 432
181 432
181 432
181 432
181 432
181 432
181 432
181 432
181 432
181 432
181 432
181 432
181 432
181 432
181 432
181 432
181 432
181 432
181 432
181 432
181 432
181 432
181 432
181 432
181 432
181 432
181 432
181 432
181 432
181 432
181 432
181 432
660 49
602 926
68 67
288 177
416 115
49 660
343 181
838 787
97 416
302 482
142 464
180 157
67 68
249 82
352 353
352 918
352 16
352 320
352 916
352 101
352 126
177 288
249 326
249 278
249 153
249 367
249 107
68 67
67 68
518 135
366 422
416 97
422 366
286 569
286 798
6 7
531 169
420 362
792 171
298 210
95 888
95 898
792 171
518 594
14 298
80 444
143 146
298 14
174 406
898 199
14 298
526 634
526 7
526 6
526 65
526 525
174 406
298 14
68 67
67 68
5 193
5 3
14 298
439 412
439 232
439 273
298 14
264 931
679 281
14 298
68 531
226 86
68 67
67 68
80 444
99 126
665 838
133 256
133 781
81 647
418 286
522 87
292 104
87 522
278 355
215 75
130 184
278 266
49 41
394 62
1 75
65 7
18 931
798 286
41 49
944 59
161 181
584 457
584 107
68 67
405 352
584 249
90 512
584 106
479 212
68 67
67 68
55 782
55 59
58 97
584 215
210 298
210 133
210 133
3 5
3 55
133 269
133 781
210 115
835 504
210 97
300 97
300 90
210 97
154 143
459 46
210 97
490 153
68 67
451 450
454 90
97 210
298 210
67 68
184 130
68 67
429 496
87 720
324 22
210 97
49 41
68 67
210 281
888 201
249 584
97 58
97 300
97 903
97 616
184 130
210 281
58 97
53 232
97 58
59 931
53 535
647 81
647 376
53 535
67 68
838 665
5 64
5 821
406 174
53 535
406 174
641 368
326 355
68 67
319 267
319 46
665 838
263 938
412 439
412 273
206 87
289 522
84 154
291 292
291 388
838 665
67 68
155 88
155 174
84 612
68 67
405 174
67 68
665 838
195 3
68 67
938 932
938 678
444 80
838 665
507 82
263 262
22 11
22 21
22 323
22 324
402 424
67 68
932 938
665 838
436 839
938 932
932 938
106 584
154 84
32 254
838 665
3 5
665 838
215 584
694 398
108 5
437 116
451 450
938 932
932 938
231 232
938 932
932 938
116 437
437 116
938 932
932 938
932 938
64 58
938 932
932 938
522 87
468 171
468 368
406 872
406 256
406 297
406 107
406 791
406 174
406 365
406 876
378 292
378 180
910 238
442 41
584 279
362 598
64 5
64 821
238 910
595 159
5 108
210 132
493 171
210 712
281 175
210 14
184 542
238 236
158 380
158 694
158 339
158 214
158 280
191 7
694 158
171 493
171 493
354 129
171 468
493 171
171 493
171 493
493 171
171 493
493 171
171 170
380 158
158 694
193 3
694 158
158 694
158 694
324 22
158 380
158 380
616 97
616 97
3 193
3 193
6 7
22 324
22 705
22 21
22 230
22 947
22 493
424 257
926 324
281 679
13 263
13 263
68 67
67 68
926 324
68 67
174 155
174 260
174 70
174 303
174 135
174 405
174 297
174 259
174 750
174 876
281 59
67 68
401 75
68 67
944 159
135 594
135 551
135 174
135 518
14 210
199 888
498 499
41 49
160 90
132 210
132 97
421 116
173 412
65 6
90 160
493 22
132 97
97 616
160 90
36 31
809 365
291 279
230 22
90 160
97 132
97 616
160 90
373 135
373 279
373 432
373 87
373 374
132 97
97 132
838 411
30 39
30 26
30 27
30 28
30 31
30 32
30 33
30 34
30 35
30 585
30 36
30 40
30 41
30 543
944 236
119 298
97 132
90 160
211 163
211 167
211 278
211 492
211 430
211 83
211 256
211 421
211 122
211 87
211 161
211 433
211 88
211 143
211 544
193 3
22 705
432 163
432 217
432 51
432 153
432 431
432 181
432 50
432 85
432 71
22 21
67 68
119 298
705 22
68 67
161 211
332 587
332 319
332 331
67 68
65 6
68 67
319 141
319 332
509 339
319 141
141 140
67 68
298 119
171 170
297 127
544 146
87 211
421 211
68 67
297 174
297 174
67 68
439 412
68 67
376 81
376 647
429 541
594 135
67 68
324 926
122 45
122 835
171 468
821 5
821 64
339 509
180 158
68 67
324 22
45 122
67 68
7 3
459 46
93 21
319 141
319 587
319 332
319 271
319 331
68 67
122 211
509 339
67 68
339 509
68 67
509 339
180 382
450 494
450 486
450 359
450 566
450 451
135 518
418 471
418 493
418 433
418 249
910 238
518 135
67 68
544 211
295 361
68 67
888 199
67 68
796 898
308 215
425 402
835 122
97 416
297 174
68 67
67 68
200 898
249 106
426 116
426 171
68 67
67 68
445 267
445 216
433 106
300 90
210 115
87 508
87 164
87 516
87 88
87 146
87 154
87 544
87 452
22 230
22 705
380 158
249 106
898 888
259 260
838 665
259 75
255 84
143 87
87 238
18 121
838 5
275 181
796 52
796 897
796 129
134 45
278 21
45 677
45 937
45 932
45 358
45 213
45 246
45 740
45 948
45 522
45 654
45 570
45 359
45 497
45 429
45 498
45 778
45 289
45 500
45 501
45 635
45 8
45 408
45 566
45 706
45 502
45 375
45 329
45 9
45 357
45 893
45 365
108 37
108 82
108 530
108 311
108 406
108 64
108 472
108 42
108 107
108 78
108 116
108 253
108 174
108 170
108 323
108 354
108 368
108 291
108 452
108 148
108 249
108 796
108 330
108 504
154 211
181 285
181 617
181 382
181 339
181 340
181 150
181 341
181 342
181 343
181 158
181 344
181 345
181 214
181 157
181 829
181 346
181 663
181 347
181 348
181 349
181 887
181 280
181 350
181 231
181 191
181 275
181 131
181 179
181 123
181 180
181 351
181 257
373 87
154 87
184 361
12 321
12 321
41 25
361 295
23 22
97 58
97 300
97 903
97 616
161 201
161 796
898 888
87 569
938 932
504 365
541 423
796 201
796 161
97 58
97 300
97 903
97 616
423 541
122 234
122 159
796 161
296 612
504 365
418 471
165 138
96 796
418 471
932 938
796 161
691 22
412 273
796 108
18 304
18 178
18 75
18 306
18 218
18 215
18 248
18 121
18 307
18 86
18 308
18 221
18 309
18 222
18 310
18 223
18 1
18 19
18 224
18 311
18 293
18 225
18 226
18 852
18 74
18 313
18 314
18 228
18 338
18 219
302 526
541 184
418 471
418 493
418 433
418 249
526 302
146 87
264 263
263 264
418 471
691 21
138 411
249 471
249 418
249 433
106 433
541 423
21 691
416 97
287 449
302 526
21 278
115 210
422 366
264 263
422 366
541 429
234 122
58 138
138 165
165 138
78 79
78 444
302 7
210 22
263 264
50 85
340 181
231 340
231 340
180 382
444 796
665 838
40 29
28 29
138 165
138 165
361 295
566 45
796 897
796 52
796 129
167 211
361 295
291 279
796 201
264 263
106 423
264 263
308 215
159 160
159 237
159 208
159 238
159 241
159 242
308 215
708 699
308 215
145 490
145 186
234 209
234 122
234 159
145 254
308 215
63 835
238 159
197 96
772 446
308 215
838 665
23 128
23 666
308 215
583 30
583 30
22 326
22 21
22 323
308 215
209 133
308 215
22 324
839 880
839 327
839 436
839 728
839 437
839 116
22 23
291 378
133 209
839 880
839 327
839 436
839 728
839 116
308 215
209 245
209 170
835 63
839 880
839 327
839 436
839 116
665 838
90 97
569 286
931 893
436 839
839 436
839 116
97 90
839 880
839 327
839 728
839 116
931 59
839 880
839 327
839 436
839 728
839 116
249 504
504 108
931 835
931 893
173 277
173 641
838 665
90 300
300 90
378 62
21 22
665 838
418 471
418 493
418 433
418 249
308 215
838 665
234 209
234 122
234 159
418 471
418 493
418 433
5 194
665 838
59 931
132 269
647 376
647 81
5 194
21 22
155 491
115 300
291 292
291 388
838 665
128 23
492 87
835 893
479 212
122 234
491 130
130 491
234 122
141 267
117 171
838 411
194 5
249 418
382 180
115 210
68 67
56 210
308 215
324 22
22 210
67 68
130 221
85 143
191 339
191 150
191 342
191 344
191 345
191 214
191 157
191 829
191 663
191 349
191 350
191 231
191 275
191 131
191 179
191 887
146 106
146 249
56 210
433 106
181 131
291 104
210 115
146 426
115 22
115 25
115 326
115 81
115 29
115 315
115 261
115 376
115 36
115 337
115 170
115 368
115 210
249 146
12 321
545 454
249 22
78 80
103 192
140 447
236 209
146 164
493 418
3 193
885 75
885 306
885 215
885 308
885 222
885 313
3 7
146 148
154 167
154 278
154 492
154 83
154 367
154 122
154 87
154 108
154 84
154 161
154 143
154 63
143 279
493 471
493 418
493 433
493 249
122 255
8 835
122 154
413 371
679 479
154 122
179 439
174 211
146 544
56 87
174 405
232 439
373 87
373 84
132 210
132 97
331 587
331 332
231 340
569 798
108 796
108 330
108 504
87 508
87 522
84 167
84 430
84 255
191 339
191 150
191 342
191 344
191 345
191 214
191 157
191 829
191 663
191 349
191 350
191 231
191 275
191 131
191 179
191 887
527 142
232 263
179 214
108 5
264 605
264 263
236 944
264 605
134 555
87 352
87 126
96 197
87 456
45 107
439 412
439 232
439 273
96 796
569 378
193 5
96 796
838 665
158 380
115 416
45 375
665 838
838 665
171 170
4 411
210 479
96 796
96 796
96 796
96 796
96 796
96 796
96 796
96 796
96 796
418 493
242 159
96 796
96 796
96 796
838 665
411 4
456 87
195 3
376 81
376 647
673 255
182 395
526 7
526 7
236 238
592 298
7 302
694 398
694 398
606 31
358 527
3 195
7 6
192 3
3 7
65 6
65 6
65 6
7 6
7 6
362 6
59 6
509 6
302 6
302 6
158 6
158 6
7 6
7 6
482 6
279 6
703 6
7 6
3 6
65 6
103 6
296 6
194 6
249 6
249 6
215 6
7 6
296 6
7 6
418 6
526 6
194 6
191 6
7 6
663 6
7 6
215 6
158 6
129 6
7 6
526 6
410 6
7 6
3 6
210 6
218 6
8 6
7 6
215 6
60 6
526 6
479 6
7 6
525 6
3 5
3 296
3 4
260 293
260 94
260 94
260 174
486 450
486 556
152 36
152 30
152 31
182 317
20 13
152 416
152 30
152 31
378 569
796 897
796 52
796 129
21 22
22 11
22 21
22 323
46 141
582 59
298 592
83 84
796 442
609 153
592 298
298 592
83 122
298 720
83 122
83 106
418 471
418 493
418 433
418 249
122 83
84 143
418 471
418 493
418 433
418 249
531 68
171 170
418 471
418 493
418 433
418 249
318 62
531 188
22 21
944 237
909 332
287 169
699 303
437 88
367 279
269 132
796 196
796 52
796 197
796 198
796 888
796 199
796 200
796 897
796 129
796 168
796 201
796 898
796 202
796 588
796 203
796 204
796 749
796 774
796 205
796 206
796 42
796 95
796 96
796 207
66 433
796 196
796 52
796 197
796 198
796 888
796 199
796 200
796 897
796 129
796 168
796 201
796 898
796 202
796 588
796 203
796 204
796 749
796 774
796 205
796 206
796 42
796 95
796 96
796 207
7 3
442 796
66 257
29 24
29 36
459 46
439 496
796 442
87 594
87 551
87 518
87 43
839 880
839 327
839 436
839 728
839 437
839 116
119 52
153 432
454 117
378 250
22 115
436 839
59 132
59 838
132 133
132 269
132 410
59 88
914 140
914 267
914 47
298 119
286 167
286 256
286 130
88 59
5 108
570 13
23 22
167 286
174 406
174 406
174 406
122 209
122 159
29 36
87 597
122 209
122 234
138 517
181 231
87 108
132 930
119 14
119 298
119 419
119 637
234 122
361 308
22 23
22 21
20 645
184 542
184 45
209 122
209 122
46 47
222 312
87 816
87 425
298 119
545 48
545 48
545 48
545 48
609 270
545 48
545 48
545 48
88 212
62 378
97 210
263 262
201 161
545 115
545 115
545 115
545 115
406 174
569 286
406 174
406 174
132 269
133 88
13 20
306 184
306 75
306 248
306 401
306 134
306 223
306 293
306 226
306 74
306 96
609 804
609 122
609 50
609 72
609 85
154 609
694 158
406 174
132 609
108 153
944 236
367 279
245 115
306 270
306 215
306 221
306 222
306 266
306 1
306 18
306 313
368 261
932 938
161 201
119 298
266 306
174 609
13 45
13 419
587 267
108 153
115 245
87 456
554 462
133 132
331 16
331 267
245 115
583 30
583 30
88 133
332 16
332 267
237 944
140 267
96 306
306 308
83 122
355 326
446 267
355 278
12 240
278 355
122 83
38 335
355 278
138 161
279 367
835 609
306 6
451 799
269 132
85 609
486 450
486 556
367 279
210 97
210 479
665 838
87 396
588 129
195 3
373 135
373 279
373 87
373 374
87 816
87 425
215 308
486 450
8 835
271 267
193 58
193 3
115 245
115 330
115 22
191 349
133 298
78 495
349 191
226 75
395 182
279 255
279 367
208 944
944 208
50 85
412 173
6 65
796 199
796 129
796 168
796 201
796 206
263 62
838 665
191 349
944 237
296 5
296 3
665 838
296 5
296 3
319 141
319 332
838 665
108 154
198 229
198 184
88 935
198 229
198 388
198 184
816 87
319 271
141 267
141 447
934 29
240 159
279 167
279 672
279 373
279 278
279 492
279 597
279 727
279 83
279 367
279 122
279 87
279 108
279 84
279 161
279 374
279 589
279 912
279 143
279 63
595 159
240 159
7 525
87 279
198 229
944 237
182 395
240 159
198 229
442 330
442 441
442 34
442 48
442 426
442 49
442 39
442 41
198 184
83 279
106 609
279 490
279 167
279 153
279 256
279 516
279 365
232 262
158 180
308 361
374 279
48 49
226 86
122 279
83 106
232 439
232 231
166 29
166 115
166 170
166 368
484 49
108 452
108 148
108 249
108 796
108 330
108 211
108 164
108 132
108 426
108 181
108 154
108 18
108 440
108 233
108 804
108 835
108 267
108 24
108 394
108 405
108 491
108 530
108 472
108 42
108 78
108 116
108 253
108 174
490 279
132 133
269 210
210 269
158 694
84 279
195 3
84 609
437 839
207 184
893 835
345 191
22 324
22 322
22 11
22 21
22 401
22 303
22 323
22 279
22 23
602 28
191 345
395 182
191 345
411 4
53 369
62 262
62 317
286 491
184 207
694 158
193 5
193 3
694 158
286 580
270 609
270 306
5 132
464 142
4 3
3 4
4 3
4 3
3 193
3 5
293 885
174 406
108 87
516 279
153 279
597 279
838 64
838 90
838 4
373 279
839 436
838 821
838 4
486 556
20 645
839 880
839 327
839 436
839 728
839 437
839 116
839 880
839 327
839 436
839 728
839 116
418 471
418 493
418 433
418 249
376 81
367 308
249 279
352 918
352 126
418 471
418 433
418 107
418 249
352 918
352 126
368 152
796 196
796 52
796 197
796 888
796 199
796 200
796 897
796 129
796 168
796 201
796 898
796 588
796 203
796 204
796 749
796 774
796 205
796 206
796 42
796 95
796 96
796 207
888 898
885 293
835 108
835 893
59 108
24 31
24 36
24 37
24 40
267 141
180 123
893 835
52 897
163 720
352 126
443 484
418 114
418 471
418 45
418 493
418 29
418 372
418 115
418 15
418 433
418 107
418 249
835 211
237 944
897 898
269 302
159 595
595 159
479 56
479 5
479 3
479 210
479 782
432 163
432 217
432 373
432 51
432 153
432 431
432 181
432 50
432 85
432 71
177 382
87 456
368 437
29 24
238 236
122 143
437 368
885 75
885 306
885 215
885 308
885 222
885 313
479 5
479 3
29 934
885 293
406 297
406 174
222 75
222 457
222 187
222 215
222 558
222 266
222 313
96 796
96 796
96 796
368 437
437 368
835 362
5 3
65 7
96 796
96 796
96 796
796 197
96 796
237 243
96 796
115 114
5 56
5 3
5 210
5 479
5 782
133 410
133 132
728 880
728 839
728 120
731 457
479 5
479 56
479 3
479 210
479 782
108 838
158 694
349 344
302 269
373 135
373 279
373 432
373 87
373 84
59 122
59 838
368 114
368 29
368 170
116 334
116 839
116 117
116 124
116 436
116 166
116 333
116 437
116 171
116 137
116 335
116 170
116 894
116 251
116 136
116 336
376 81
116 117
302 7
492 108
492 71
492 63
368 416
269 302
442 86
442 48
442 49
442 41
286 491
29 36
117 116
366 422
838 108
491 279
23 22
491 286
491 108
491 108
491 286
796 897
796 95
796 898
796 204
133 410
62 263
160 159
159 160
263 62
210 132
835 362
160 159
160 159
90 97
108 491
97 90
210 479
130 268
130 462
130 169
130 173
130 277
130 523
130 449
130 134
130 402
130 287
130 288
523 130
62 263
432 217
432 373
432 51
432 153
432 431
432 181
432 50
432 85
432 71
184 130
462 130
362 835
479 210
133 781
411 838
462 491
816 87
59 122
59 838
302 59
592 218
492 87
29 114
29 170
29 368
492 87
541 17
504 365
65 7
526 7
59 155
59 163
59 167
59 373
59 156
59 597
59 430
59 367
59 421
59 87
59 108
59 516
59 161
59 531
59 146
59 85
59 374
59 544
59 639
206 290
59 302
154 108
106 83
106 122
106 249
665 838
22 82
96 796
22 632
96 796
22 372
96 796
158 62
96 796
123 124
240 12
96 796
210 372
93 138
93 665
5 3
888 898
138 294
138 82
138 21
398 694
7 302
302 7
910 238
910 236
115 416
170 114
170 29
170 368
298 210
69 22
418 471
418 493
418 433
418 249
418 471
418 493
418 256
418 433
418 249
86 311
418 471
418 493
418 433
418 130
418 249
81 376
372 210
479 212
52 496
171 117
22 69
22 260
22 21
22 401
22 170
22 209
22 210
22 691
507 189
694 158
158 694
158 694
694 158
694 398
158 694
62 158
198 388
198 229
376 81
437 124
352 353
158 62
5 193
5 3
5 193
5 3
5 193
5 802
5 3
5 4
5 192
198 388
198 184
81 647
81 376
238 241
238 618
198 184
198 184
198 388
198 388
198 388
198 184
456 87
22 21
198 229
198 229
198 229
136 117
136 436
136 166
136 336
3 5
270 269
16 47
5 296
3 5
5 3
23 22
398 377
198 229
5 3
398 380
398 694
191 344
198 388
198 388
198 229
198 229
198 388
