128 32
65 0.074839875 0.1813464 0.16565907 -0.12662835 -0.014328982 0.36489055 0.21205331 -0.003477748 0.1852134 -0.0135274865 -0.063869976 0.05828365 -0.4352493 -0.040642865 -0.034351394 0.24876405 0.31759697 0.5813665 0.032652978 0.069571875 -0.30647218 -0.019155497 0.031287782 -0.07730733 0.11951762 0.03524811 0.010285079 0.42332333 0.23806618 0.20625854 -0.17215538 0.0042643915
113 0.013142919 0.1526939 -0.11754473 -0.12205823 0.056962017 0.44915378 0.1290519 -0.08759192 0.18694231 0.095819436 0.023355246 -0.18457912 -0.35832444 0.15793866 -0.00860122 0.31892848 0.35428783 0.4474802 -0.07778003 0.17516743 -0.25526834 -0.073232375 -0.14199047 -0.17058441 0.20629713 0.16612239 -0.042218912 0.5019025 0.09572528 -0.0015889888 -0.04715367 0.029061249
5 -0.01307364 0.1626221 0.06140466 -0.33656257 0.2601821 0.21215943 0.029364793 0.021727763 0.03734321 -0.24968038 0.20638402 -0.06872624 -0.6172645 0.18541135 0.041544836 0.0287206 0.31588113 0.4290015 -0.15147758 0.06580599 -0.035388127 -0.14682817 -0.038683992 -0.15813707 0.3789754 0.10913121 0.03789417 0.544735 0.09814013 0.12013611 0.12486283 0.17512496
79 0.07873387 0.10873372 0.15151656 -0.22489871 -0.019152954 0.31215337 0.29356077 0.12745841 0.19243437 -0.06512903 0.0059533766 0.007445431 -0.4799644 0.05842511 -0.018813498 0.2202317 0.30951455 0.585623 0.13488445 0.021587964 -0.24063173 -0.001114382 0.008235765 -0.16095524 0.23251906 -0.07955458 -0.017484477 0.28062114 0.20903544 0.24372034 -0.12174559 -0.01695153
63 0.036058895 0.11269215 0.02089902 -0.24360794 0.01005826 0.30046168 0.2986385 0.089371584 0.17212534 -0.038534194 0.02155368 -0.08669769 -0.40701166 0.25055432 0.069753826 0.22328858 0.32425693 0.5457869 0.050982427 0.010103744 -0.26689988 -0.02651892 -0.031244133 -0.27333638 0.28755587 -0.13762215 -0.10699505 0.1976934 0.12800862 0.12687054 -0.08845381 -0.020998662
20 -0.0057183485 0.14918953 0.06442746 -0.29254505 0.17342435 0.22717163 0.10165038 0.064843 0.04772757 -0.15838845 0.14422987 -0.08057737 -0.54853547 0.22837633 0.044594124 0.08070394 0.303665 0.46938872 -0.074503124 0.083823904 -0.105318695 -0.13237043 -0.02997675 -0.2047168 0.35213253 0.039739285 -0.0025441458 0.43913347 0.07489217 0.12972361 0.07234823 0.08598589
61 0.10367775 0.025082182 0.12768504 -0.24407639 -0.110555075 0.28080794 0.4517996 0.21635434 0.19051589 -0.01986935 0.00017677314 -0.04164089 -0.41704714 0.24593465 0.037657507 0.1969765 0.33552194 0.61248505 0.21477409 -0.056737844 -0.36053425 -0.012705854 0.010736916 -0.3023099 0.26043218 -0.25918454 -0.1532872 0.091357045 0.1354415 0.22303124 -0.13169825 -0.103525616
21 -0.021501381 0.20735545 0.08982104 -0.36637738 0.22062507 0.22071001 0.1033897 0.030483399 0.04186387 -0.24019042 0.20666897 -0.09142048 -0.57337403 0.19778503 0.013546086 0.0329873 0.28636727 0.43958375 -0.062195506 0.06218232 -0.0360713 -0.13454248 -0.056405667 -0.15993343 0.37615544 0.053510565 0.01237114 0.45829803 0.080301054 0.13460791 0.057391528 0.098266244
128 -0.017130673 0.18513556 -0.14308397 -0.11071104 0.059503622 0.46668115 0.09253966 -0.12190463 0.18523516 0.17468502 -0.012621681 -0.23967336 -0.31336272 0.17727087 0.007939278 0.3485627 0.36060113 0.44045457 -0.11905201 0.23751205 -0.3033347 -0.06392605 -0.14822423 -0.14069465 0.17842256 0.2010557 -0.062469468 0.5156579 0.122146904 -0.026937973 -0.04416871 0.014185487
43 0.07605166 0.0015884129 0.061636597 -0.24726 -0.08665898 0.3079588 0.41817504 0.16978478 0.2202195 -0.00803961 -0.004136608 -0.064934544 -0.39114797 0.32456642 0.09228662 0.262749 0.33734268 0.5897851 0.17576157 -0.02261666 -0.33766687 -0.00074593053 -0.031562664 -0.36918443 0.300858 -0.2724005 -0.21258554 0.021036193 0.13276777 0.17005569 -0.14451593 -0.11727563
42 0.06467893 0.03604437 0.051532336 -0.24199696 -0.030992255 0.31226432 0.316495 0.15681787 0.11664244 -0.046017453 0.06828692 -0.10030925 -0.4446093 0.2708365 0.058076166 0.16307725 0.36263797 0.5615005 0.12074725 0.005858549 -0.2646418 -0.023813091 -0.017922264 -0.25558212 0.2988498 -0.14662586 -0.08852057 0.18150342 0.12217855 0.15724875 -0.04838006 -0.040221844
118 -0.020418763 0.17975055 -0.11537687 -0.18039538 0.14078957 0.39501 0.027781872 -0.12523115 0.14002357 0.039065506 0.08476522 -0.207539 -0.40483752 0.20690893 0.0429994 0.24145351 0.35067213 0.43474853 -0.14783871 0.19508794 -0.20535979 -0.1196201 -0.1435222 -0.16063315 0.2545908 0.19534782 -0.013034134 0.5364381 0.07440968 0.010932201 0.011957982 0.09213886
55 0.037778135 0.056083024 0.053249773 -0.22942135 -0.028287569 0.31581208 0.31173193 0.148694 0.15843388 -0.040347315 0.021905668 -0.0810888 -0.43368086 0.24284098 0.04957551 0.20157503 0.34460482 0.5720828 0.11461408 0.048809953 -0.2794619 -0.012290192 -0.03285297 -0.26931027 0.28710926 -0.15953301 -0.12344052 0.16150407 0.12366203 0.14383256 -0.08238609 -0.030714044
22 -0.02276044 0.2414492 0.07064093 -0.33073783 0.27215067 0.2546081 0.02426869 0.024917325 0.003293417 -0.23749815 0.21992694 -0.088670954 -0.60847265 0.13803604 0.018356577 0.024802376 0.3107167 0.42387 -0.13827114 0.079595834 -0.0032635573 -0.1406033 -0.010370219 -0.096676454 0.37408003 0.16569717 0.09950656 0.5991391 0.117506474 0.12936029 0.13528357 0.15796293
70 0.062237035 0.14838968 0.14374267 -0.2032313 0.0570492 0.3277782 0.24894613 0.07202861 0.13933636 -0.06050142 0.009672455 0.013983157 -0.46264708 0.057790525 -0.025997294 0.17539208 0.28997287 0.5612607 0.048951395 0.027426977 -0.24699569 -0.0612361 0.023378532 -0.14783905 0.20561172 0.0015807331 -0.05244555 0.37163353 0.20673029 0.2141387 -0.12831426 0.012143436
47 0.031621315 0.07643588 -0.024664046 -0.23108311 0.015601827 0.35593578 0.27026463 0.06231501 0.16851304 0.0024649336 0.055118486 -0.15264623 -0.39445132 0.274392 0.071603484 0.21931696 0.34145018 0.52810526 0.034840915 0.07180796 -0.2753662 -0.050458126 -0.087336995 -0.2759138 0.32177016 -0.1047504 -0.14351211 0.19164799 0.08800898 0.09115652 -0.05502574 -0.017982405
81 0.107020825 0.13058461 0.17278971 -0.16994669 -0.026224293 0.3775321 0.2208211 0.018938487 0.18408892 -0.012107589 -0.061585777 0.04377075 -0.46822953 -0.03337203 -0.056014385 0.26143384 0.33116066 0.57935894 0.09878674 0.011983109 -0.26569352 -0.007191581 0.010787744 -0.101068735 0.12027941 0.026923388 0.0059480714 0.42916918 0.26707476 0.21710828 -0.17677401 -0.013990028
127 -0.0054679033 0.2079542 -0.10069043 -0.12515257 0.065507464 0.46614954 0.06696196 -0.14029472 0.17509247 0.12461218 0.002296195 -0.20051534 -0.31401908 0.120550945 -0.02031934 0.3427221 0.35141674 0.46312612 -0.12958607 0.23605482 -0.24002934 -0.07809541 -0.15383993 -0.09741286 0.15712813 0.23055342 -0.01568576 0.5980988 0.1480273 -0.008151729 -0.09274422 0.06924505
23 0.030615572 0.15449539 0.0778558 -0.35022736 0.20877518 0.24878478 0.06638869 0.048994232 0.074110605 -0.23755765 0.19324443 -0.037379816 -0.59547305 0.15110338 0.02113697 0.08473457 0.30885512 0.4301253 -0.08113576 0.04949883 -0.049445223 -0.09160452 -0.045648232 -0.14813507 0.34529954 0.07336049 0.030673914 0.47252205 0.08452082 0.1274658 0.06967248 0.14061816
119 0.01744807 0.19601858 -0.07055369 -0.08198022 0.060228568 0.5054166 0.115746446 -0.16831888 0.21625452 0.11511915 -0.029298274 -0.13571921 -0.29776856 0.10307564 0.0029987646 0.35401505 0.3305487 0.5022196 -0.10308689 0.18811469 -0.26935455 -0.09854202 -0.119077675 -0.12667435 0.15694904 0.20820494 -0.09150791 0.47311407 0.16066517 0.053020034 -0.17005244 0.03443285
35 0.0505905 0.049809117 -0.042999085 -0.22894175 -0.04829992 0.33416182 0.33930823 0.10383472 0.1756551 0.044690896 0.009936428 -0.16912329 -0.3404927 0.35981193 0.11057244 0.26412526 0.35002097 0.5671772 0.10918075 0.037028793 -0.28544366 -0.033849914 -0.06946188 -0.36513257 0.30198702 -0.19403414 -0.20309876 0.08574509 0.06958366 0.08250774 -0.08801298 -0.071663186
101 0.023838747 0.16041224 -0.063595034 -0.1706694 0.058577772 0.405876 0.12544927 -0.0608296 0.18362685 0.07078655 0.03248473 -0.14463629 -0.34219524 0.18516883 0.025903026 0.24822426 0.34939882 0.4875393 -0.034406856 0.116002515 -0.2532096 -0.06170847 -0.089202166 -0.19517115 0.22450389 0.07706436 -0.08477829 0.43155947 0.14075622 0.04362835 -0.07857154 0.0076050707
14 0.0049845814 0.19045669 -0.002013769 -0.28522968 0.18280211 0.30426815 0.095314555 0.016104044 0.08722611 -0.13980065 0.13891566 -0.101115674 -0.5137622 0.19672577 0.018764293 0.1518779 0.31716394 0.4327747 -0.10930929 0.117740154 -0.1159738 -0.12012841 -0.065734304 -0.15008152 0.31261382 0.10238373 0.014646097 0.50766456 0.08668131 0.06652641 0.044357985 0.11330719
1 -0.008416968 0.18425523 0.08111728 -0.33857298 0.26427567 0.2405857 0.07917337 0.023863908 0.05820748 -0.27803093 0.21869199 -0.09090918 -0.61233413 0.18557225 0.025847698 0.0341252 0.2857823 0.42037442 -0.08971221 0.03918888 0.010201506 -0.17873555 -0.048251648 -0.1759757 0.38860282 0.07975929 0.018590521 0.50960684 0.067933686 0.13432916 0.11494833 0.12194203
82 0.09220782 0.13782671 0.105946235 -0.17046852 -0.028668102 0.3866892 0.27813092 0.08110374 0.21035379 0.006953637 -0.01729136 0.016618565 -0.43390214 0.05204654 -0.006533434 0.23779668 0.3226489 0.58075005 0.061764967 0.047427945 -0.29820672 -0.017953092 -0.00697602 -0.12660308 0.1850683 -0.058825817 -0.05330638 0.32351178 0.22715725 0.17589578 -0.18333974 -0.010206115
90 0.06716856 0.13692114 0.12559195 -0.20338629 0.05344075 0.339293 0.19265746 0.027860029 0.12459029 -0.087293305 0.021984635 0.034942202 -0.48738822 0.0064010615 -0.033813506 0.21165062 0.30377442 0.5188468 0.023289338 0.04959885 -0.20666982 -0.037638843 0.0077247964 -0.081296474 0.21093425 0.04099357 -0.009685731 0.42531458 0.23395367 0.19430333 -0.113613665 0.024632698
48 0.013207171 0.07127408 -0.015577639 -0.2926135 -9.471724e-05 0.26686364 0.32129148 0.1667018 0.13690098 -0.015855424 0.056384817 -0.12889495 -0.39961776 0.3781286 0.08670258 0.22829314 0.37084094 0.51315874 0.11382807 0.06253478 -0.28615975 -0.021210212 -0.059650913 -0.3488305 0.35948145 -0.20299129 -0.14976145 0.09452903 0.060267862 0.07069221 -0.02910056 -0.056216147
125 -0.05176862 0.20671095 -0.06329674 -0.15150909 0.13723145 0.41721833 0.043246645 -0.10603069 0.13544369 0.022505384 0.051158205 -0.14872485 -0.3857777 0.1307944 -0.0056415787 0.28017688 0.35229954 0.43646252 -0.14236026 0.17100948 -0.1532868 -0.08867996 -0.11902832 -0.1030071 0.2108949 0.24216546 -0.0167467 0.5848717 0.15095156 0.056071844 -0.0046757623 0.08113732
68 0.048863746 0.16579826 0.14989199 -0.23576449 0.070672035 0.31358647 0.19684641 0.066954225 0.13509655 -0.099172965 0.055951055 0.03710162 -0.4834814 0.060563866 -0.029254027 0.16778731 0.31080312 0.5523697 0.02518492 0.02438359 -0.17760476 -0.0228615 -0.018170604 -0.14706817 0.23710626 0.013093497 -0.014923745 0.37431347 0.15645987 0.18284082 -0.08682929 0.052790705
36 0.024682749 0.07095405 -0.012876069 -0.24904379 -0.0038946327 0.33311388 0.28163266 0.11672001 0.17984146 0.046471566 0.031176316 -0.1405902 -0.37827608 0.3072688 0.048983306 0.2734366 0.36312267 0.5260869 0.0802957 0.08468578 -0.27681938 -0.042712238 -0.074082755 -0.28607005 0.32057318 -0.1230696 -0.159528 0.18239969 0.077093385 0.057343934 -0.058762163 -0.03911678
3 -0.019372903 0.13702425 0.0014845262 -0.3003696 0.17499721 0.26039976 0.106203265 0.027761156 0.094544575 -0.11217042 0.12198425 -0.084571764 -0.49998873 0.22848503 0.014395573 0.10082273 0.32299033 0.46074182 -0.07052373 0.07829816 -0.1005208 -0.13671403 -0.07720906 -0.21843842 0.30544 0.03434252 -0.027069889 0.44402364 0.107744835 0.08768836 0.027900757 0.06487216
8 -0.070027456 0.23910248 0.023810701 -0.3340688 0.26593444 0.2143884 0.026886944 -0.014129242 0.0065900274 -0.23267055 0.23304127 -0.13441056 -0.5851377 0.17691517 0.048909225 0.036900066 0.2804139 0.39991012 -0.15086631 0.1112382 -0.0037119149 -0.18043514 -0.07995127 -0.12994859 0.3992306 0.16167568 0.076819584 0.56276566 0.07589565 0.098091185 0.12527864 0.16633302
33 0.017697059 0.08315555 -0.05628388 -0.24409775 0.0041487264 0.33257073 0.32183275 0.11429444 0.13018398 0.006045354 0.06555228 -0.18274185 -0.38282913 0.3452699 0.08753717 0.20819381 0.3666203 0.54363495 0.082058534 0.03861673 -0.27335924 -0.06286527 -0.062133737 -0.3130909 0.31548426 -0.16624543 -0.1523901 0.14081337 0.08728376 0.06711355 -0.043642797 -0.059153304
62 0.027087077 0.034117192 0.0031021335 -0.28096208 -0.011443513 0.26562995 0.35521832 0.1563288 0.1576221 -0.046550144 0.074464574 -0.1287039 -0.40839285 0.33214355 0.071000986 0.22004192 0.36279055 0.5381446 0.0999267 0.032456044 -0.27047983 -0.053020068 -0.05150651 -0.34198427 0.3669026 -0.22798133 -0.1664564 0.10342046 0.07212601 0.10284601 -0.046230543 -0.055188056
100 0.0059801694 0.20417441 -0.129608 -0.1428024 0.10152916 0.45655382 0.07470281 -0.14161196 0.1511418 0.089016 0.054105926 -0.2320347 -0.33787414 0.18212579 0.01271967 0.28017592 0.3402589 0.4456862 -0.11372935 0.24011725 -0.21852516 -0.08230319 -0.15369417 -0.12711821 0.2099636 0.21071479 -0.05600338 0.5716594 0.09968837 -0.019949418 -0.054400858 0.049249772
51 0.045982216 0.057792697 0.027541133 -0.32029933 0.038598236 0.2783522 0.31562287 0.15525162 0.13264048 -0.123302676 0.10027712 -0.11656342 -0.4554061 0.27895936 0.05428623 0.15721643 0.3248427 0.5157081 0.093393266 -0.011800687 -0.2027868 -0.0278278 -0.024982642 -0.33096522 0.36724132 -0.17354062 -0.102826096 0.1565806 0.07316969 0.12627886 -0.021281796 -0.023381889
58 0.052672524 0.07620178 0.018426 -0.2559089 -0.0009508635 0.28162396 0.3273994 0.11270244 0.14585818 -0.02923527 0.024813643 -0.124520525 -0.39319944 0.3010595 0.048208244 0.24754402 0.35461572 0.5510969 0.09006548 0.028859915 -0.2545407 -0.029189762 -0.052992724 -0.32394934 0.30557036 -0.14337194 -0.15169561 0.17328443 0.07784423 0.105454646 -0.075587556 -0.052504536
32 0.009884596 0.19435695 0.044276383 -0.29500058 0.18897985 0.30803204 0.11945857 -0.0012768335 0.08440745 -0.17461824 0.14265944 -0.07517264 -0.54023314 0.12373525 0.0059193787 0.10538837 0.28951657 0.45603812 -0.115125425 0.082120046 -0.104179546 -0.15268809 -0.039113548 -0.14442773 0.31930795 0.11650588 0.030130396 0.48216546 0.077932775 0.12845203 0.041959815 0.11749692
126 0.017786125 0.15352456 -0.12251752 -0.13842727 0.031673957 0.38464272 0.17975822 -0.087026626 0.1956066 0.13278662 0.021545231 -0.20090513 -0.3267655 0.24854 0.05436139 0.3089391 0.36919868 0.47128427 -0.024270272 0.19282107 -0.3055285 -0.08611713 -0.17027402 -0.18683413 0.20975594 0.09986649 -0.13126257 0.40713477 0.09881955 -0.0010520685 -0.098912194 -0.005158588
115 0.046479106 0.17570853 0.052490193 -0.190208 0.05795142 0.41139108 0.11729609 0.0035944537 0.1751535 -0.00084825465 0.018516907 -0.061250404 -0.42741257 0.08191836 -0.026137091 0.25255588 0.2920598 0.49201298 -0.040320784 0.1407624 -0.20981833 -0.03998707 -0.05012616 -0.12788777 0.19288024 0.08749636 -0.02285162 0.47698727 0.14863351 0.12692575 -0.07774201 0.059128802
112 0.0010288424 0.21940121 -0.15791209 -0.13659796 0.10448411 0.4744715 0.05263963 -0.15624462 0.17334637 0.12869968 0.024930356 -0.23677893 -0.32471603 0.16579345 0.008849076 0.2980795 0.36481926 0.42462838 -0.14717875 0.23775627 -0.25345892 -0.07084284 -0.15107518 -0.08792636 0.18448621 0.23312068 -0.04901138 0.544535 0.112653755 -0.034497526 -0.04059132 0.04102863
74 0.076325156 0.13593167 0.15343082 -0.21378747 -0.034148857 0.32710055 0.29271078 0.10785272 0.13944772 -0.02697398 -0.0050184317 0.0037669614 -0.45101035 0.085144304 -0.020697694 0.20823516 0.30562726 0.60096943 0.12632526 0.033382136 -0.286072 0.023134306 0.015803099 -0.16269687 0.19399205 -0.07183509 -0.02295627 0.26145294 0.20470205 0.24332683 -0.1516906 -0.06436189
122 -0.028304951 0.21077238 -0.15977158 -0.14978012 0.06740268 0.46245703 0.08315935 -0.11790789 0.13885912 0.1463789 0.023563515 -0.21270624 -0.29832557 0.21510683 0.015481216 0.35279948 0.36928427 0.44170555 -0.14822456 0.2455504 -0.27691364 -0.04229153 -0.1622273 -0.15845647 0.18818535 0.21336068 -0.050431505 0.51591855 0.1085514 -0.04383158 -0.06501894 0.03454894
56 0.064942166 0.03135277 -0.0008570759 -0.19033535 -0.08513591 0.36343762 0.3718399 0.10932911 0.19769354 0.072193034 -0.040064186 -0.1028988 -0.35351384 0.28570968 0.07295042 0.2888403 0.3598145 0.5952028 0.13502201 0.037489932 -0.35505012 -0.02597037 -0.038579807 -0.31967884 0.26704141 -0.17972845 -0.20017111 0.11344744 0.1415087 0.10427637 -0.16840515 -0.0787514
91 0.085452914 0.13601525 0.15302075 -0.15571944 -0.01572339 0.3592525 0.25660086 0.041789044 0.14621563 -0.036424834 -0.027852202 0.03430737 -0.4649224 0.0016439013 -0.029842986 0.21299362 0.27987152 0.59282374 0.086045176 0.03459345 -0.2781298 0.0037695644 0.012844027 -0.096720405 0.16232704 0.02296413 0.014372864 0.38172206 0.25853017 0.23086047 -0.18062614 -0.023670632
45 0.03630654 0.11921715 -0.010901556 -0.28864163 0.047999524 0.3034685 0.23716797 0.10214836 0.12355102 -0.013292373 0.081068136 -0.15169008 -0.42078084 0.28701705 0.038745876 0.21189475 0.3655109 0.51774776 0.058343656 0.04875269 -0.21550748 -0.047012318 -0.06501684 -0.25941852 0.32699037 -0.079918124 -0.09141803 0.23436733 0.07077287 0.04664245 0.010719809 -0.013556233
106 -0.049358543 0.19448641 -0.0979741 -0.15437278 0.14405268 0.42925936 0.019170329 -0.15108143 0.14329393 0.044595633 0.08238818 -0.18577759 -0.39441007 0.20352718 -0.0002603368 0.26283967 0.34409407 0.40307674 -0.1879382 0.21863297 -0.19828472 -0.120527685 -0.16187325 -0.13648908 0.27055112 0.24380338 -0.027509239 0.5871316 0.08904348 -0.023712471 0.0094003435 0.09712341
92 0.05777386 0.1516166 0.09007258 -0.17998958 -0.03791228 0.367574 0.2535473 0.015330018 0.17862585 0.0040766406 -0.048252907 -0.000710852 -0.41115278 0.104250364 -0.0030458055 0.26183918 0.30867308 0.5834421 0.037430163 0.03573114 -0.27215102 -0.01187604 -0.013586074 -0.12973529 0.19760886 -0.037797358 -0.07040357 0.34996936 0.23900013 0.15110448 -0.19217604 -0.005096473
105 -0.01716443 0.19678219 -0.10457097 -0.16183832 0.1490442 0.42922324 0.069314376 -0.14224271 0.16552378 0.023787528 0.04809433 -0.19086584 -0.34314126 0.19374782 0.00450095 0.28545776 0.34264097 0.42251027 -0.15422548 0.17353998 -0.18769443 -0.10756225 -0.14020829 -0.16329227 0.24941884 0.19165607 -0.065576695 0.53411233 0.09905151 -0.009063396 -0.0148811685 0.08218025
120 0.023351 0.16668658 -0.07646737 -0.1789422 0.102671616 0.44096175 0.09836945 -0.10109686 0.16236897 0.06600738 0.021768326 -0.16641171 -0.34008175 0.17795244 -0.015450462 0.31150666 0.3588898 0.45438156 -0.112657316 0.16964144 -0.23659414 -0.06451478 -0.12801132 -0.14268528 0.1883052 0.15217641 -0.08558196 0.510772 0.116884656 -0.013838975 -0.07063921 0.05476026
66 0.08116518 0.17520139 0.19776621 -0.19349934 0.09406268 0.3243337 0.19007766 0.042345203 0.111100174 -0.1668421 0.038723335 0.069294855 -0.5676048 -0.03163039 -0.06271867 0.102497995 0.2555943 0.5532327 0.027433656 0.016624391 -0.14867409 -0.090978175 0.04035516 -0.08167097 0.21553557 0.09517973 0.046133026 0.46611482 0.2140919 0.27542517 -0.10548511 0.0744885
96 0.14270106 0.14551057 0.23235765 -0.21201257 -0.035409193 0.33799338 0.28482306 0.099384524 0.16759063 -0.12871185 -0.0044541494 0.1282614 -0.5387708 -0.04843819 -0.06444607 0.15054241 0.2831507 0.60712117 0.11652668 -0.027027454 -0.24824634 0.010701409 0.07454678 -0.102549165 0.15906037 -0.031509675 0.024300763 0.35231975 0.24119239 0.30018443 -0.17461587 -0.01020587
78 0.10663096 0.14051913 0.1911788 -0.17863153 -0.022227708 0.34939304 0.2620483 0.058166403 0.1916644 -0.057143338 -0.04111601 0.08961883 -0.47741455 -0.040485702 -0.04597079 0.22635198 0.28079823 0.5997504 0.110100225 0.01512406 -0.27896246 -0.00078087184 0.05729086 -0.09053349 0.16210799 -0.012824418 -0.019492608 0.3432053 0.28588235 0.25904086 -0.20559174 0.0182813
116 0.01795509 0.1503517 -0.060556944 -0.14151186 0.074169 0.43639907 0.09140635 -0.080583416 0.18092008 0.034323316 0.040351268 -0.17179376 -0.39171016 0.13791037 -0.0061955326 0.27340943 0.35080805 0.4282878 -0.10524861 0.15283273 -0.20750345 -0.0735379 -0.137979 -0.15235771 0.19841188 0.19598462 0.005955013 0.5728946 0.118710145 0.026867703 -0.025416845 0.050357606
46 0.03424871 0.065509684 -0.050487347 -0.21597835 -0.04877106 0.31075713 0.2955172 0.13278566 0.18459591 0.04431549 0.037686974 -0.12875554 -0.36455724 0.3320998 0.047902096 0.25918373 0.3885931 0.5349106 0.10969098 0.05472586 -0.3027404 -0.028777938 -0.084601834 -0.33724 0.32721657 -0.18332393 -0.1444037 0.13935304 0.072240226 0.07318482 -0.035688985 -0.06434614
98 0.0068311263 0.17396814 -0.10797223 -0.10799059 0.07281353 0.48843497 0.06595723 -0.16741478 0.1788953 0.1380927 -0.028516019 -0.16830225 -0.32370716 0.14868131 0.0058790813 0.3377692 0.36656296 0.45347556 -0.122837 0.20343605 -0.2846028 -0.07562849 -0.13638942 -0.13046701 0.15025897 0.19966666 -0.04241927 0.55503607 0.15630117 -0.007370826 -0.10480324 0.045587573
88 0.1245469 0.122401476 0.19971249 -0.1742324 -0.05268327 0.31943214 0.27319178 0.08707553 0.19226192 -0.03120981 -0.026936099 0.07898232 -0.48556644 -0.0091396235 -0.040645167 0.19673735 0.3038876 0.6178087 0.15678895 -0.006615906 -0.2918259 0.014334645 0.053705223 -0.08560561 0.1401388 -0.057061896 0.0022624454 0.3263255 0.25635946 0.2511041 -0.19284253 -0.0061202836
99 0.02714946 0.114068784 -0.097509325 -0.1812298 0.052823495 0.41376787 0.19727392 -0.047090244 0.20935163 0.090124376 0.010846144 -0.14671835 -0.3257496 0.24531774 0.026317963 0.30612084 0.36233538 0.5033028 -0.026884539 0.13513133 -0.2545424 -0.08922294 -0.12939495 -0.20915955 0.21802318 0.061211683 -0.13737118 0.35132346 0.13458392 0.046256173 -0.096858576 -0.00527435
2 0.0045238687 0.1822542 0.07924783 -0.300822 0.18206935 0.27242342 0.10921407 0.04994761 0.075861104 -0.17767428 0.16706377 -0.072387576 -0.552083 0.1573806 0.009993044 0.08389295 0.30814826 0.43653208 -0.06039804 0.09258134 -0.08449458 -0.12380557 -0.03241075 -0.14713718 0.32478735 0.08505614 0.04932097 0.48119026 0.072545044 0.14586334 0.048459176 0.1030386
117 -0.0187815 0.2177891 -0.12780116 -0.124480754 0.092770115 0.48881483 0.029793225 -0.19303855 0.16145684 0.15515271 0.00031778135 -0.20910186 -0.30564812 0.16628899 -0.0011530765 0.3422457 0.33867395 0.442909 -0.14331295 0.26437145 -0.24819921 -0.10184753 -0.15863319 -0.11901555 0.17699015 0.29686937 -0.05203653 0.6081823 0.14004365 -0.03673797 -0.09756106 0.067859724
71 0.08043815 0.118123725 0.053805787 -0.17847477 -0.017418627 0.38668054 0.1974656 0.025668083 0.18522139 0.020442067 -0.0405759 -0.06589366 -0.4111429 0.0378211 -0.011856533 0.26219967 0.32053217 0.55422086 0.0762821 0.072989486 -0.2535963 -0.05511538 -0.016871905 -0.14409396 0.1716441 0.00956156 -0.02218568 0.38122863 0.2174315 0.14655834 -0.119468994 0.018345997
97 0.010695159 0.16696312 -0.16615109 -0.15179902 0.055767644 0.41904303 0.100133695 -0.11351659 0.18702209 0.15436305 0.041264616 -0.2622007 -0.3127734 0.2671348 0.06350421 0.33376575 0.37644517 0.4419745 -0.072916016 0.21144949 -0.27373645 -0.07212973 -0.17111164 -0.18196428 0.21514751 0.14416987 -0.061075963 0.44090977 0.0818511 -0.020307103 -0.018388873 0.019296704
50 -0.015344686 0.12783071 -0.045006905 -0.17188813 0.0185268 0.33998802 0.21123646 0.035644505 0.14071076 0.035142425 0.038497645 -0.16061103 -0.4202214 0.20764837 0.024565736 0.20957354 0.3412725 0.50539035 0.039054424 0.11720834 -0.25731903 -0.08750584 -0.09028758 -0.22119273 0.2921153 -0.040287104 -0.06917948 0.3082526 0.10502399 0.081243545 -0.03128157 -0.02224574
60 0.023592267 0.07740602 -0.07793881 -0.25500658 0.0009957715 0.30697772 0.31250185 0.12120944 0.16774493 0.039812595 0.035706405 -0.15422943 -0.3823544 0.32486352 0.07344489 0.2568005 0.35578778 0.5421808 0.06520075 0.06956064 -0.29746205 -0.018133633 -0.09061666 -0.29884854 0.3052648 -0.1390707 -0.116205916 0.1597968 0.067440175 0.06257632 -0.030060638 -0.045632318
64 0.046954017 0.054142777 0.023475833 -0.25625443 0.002939824 0.28945935 0.292469 0.15020324 0.16530813 -0.049276955 0.05311771 -0.10405232 -0.42139685 0.29529262 0.073271826 0.18533643 0.35462612 0.54049164 0.0839376 0.01599121 -0.23004381 -0.034649864 -0.053948533 -0.295268 0.33587956 -0.14592691 -0.10851077 0.18673708 0.07374088 0.08397847 -0.015911093 0.007293221
80 0.08681865 0.13446169 0.1719369 -0.20752312 0.05707839 0.30753422 0.22558305 0.059738126 0.10267919 -0.07722115 0.014779666 0.07422791 -0.49154544 0.032999106 -0.0019935716 0.17661726 0.3062307 0.5572892 -0.0076604676 0.0026930778 -0.23729497 -0.030832691 0.03547957 -0.11433969 0.18242033 0.0127596455 -0.010210569 0.4087509 0.22246067 0.2161326 -0.13265392 0.0337049
53 0.043288216 0.082102746 0.005774872 -0.22008531 -0.034276143 0.3523141 0.33069324 0.09440366 0.18818995 0.060432546 -0.034680326 -0.11340378 -0.3271854 0.27002153 0.07895583 0.2780298 0.37660185 0.5552005 0.07150439 0.04443959 -0.31265104 -0.025705561 -0.043466374 -0.2776237 0.25751442 -0.14817965 -0.18745361 0.15471804 0.14456312 0.098834105 -0.123875864 -0.048977014
6 -0.022355491 0.20371574 0.07871678 -0.30532074 0.21134254 0.25621155 0.058719885 0.01963345 0.032491647 -0.20852324 0.18772335 -0.0953043 -0.5824245 0.16278256 0.03182015 0.086295635 0.29488775 0.41233605 -0.11033275 0.059035726 -0.0431623 -0.11459914 -0.060400967 -0.14393823 0.37938043 0.12259156 0.06331311 0.5209745 0.092374444 0.12832516 0.10352537 0.110707544
76 0.03662228 0.15794963 0.16716911 -0.22198917 0.048778344 0.29800716 0.19393912 0.06059252 0.0962316 -0.116513945 0.04669031 0.011430865 -0.5200143 0.037861362 0.015423078 0.13870257 0.29262003 0.54906774 0.022213176 0.04018531 -0.20142183 -0.05155061 0.036410533 -0.103993654 0.22209513 0.047705196 0.027773665 0.43287766 0.18636829 0.21862742 -0.07429344 0.06552034
37 0.03973992 0.03411511 -0.002252073 -0.3032581 -0.039698254 0.25300145 0.36713722 0.20082906 0.17309114 -0.05560268 0.0731805 -0.11611814 -0.4020488 0.35250473 0.075826764 0.23300691 0.35377228 0.5419628 0.14551723 -0.02641953 -0.27290764 -0.0070118676 -0.047619775 -0.38215998 0.37821427 -0.2406205 -0.16158655 0.052298423 0.0689687 0.10582314 -0.054960035 -0.070582666
7 -0.004401658 0.1777387 0.08769995 -0.329211 0.16381937 0.26005206 0.1251658 0.038300946 0.033071946 -0.2038875 0.14346218 -0.05683168 -0.5491442 0.17309134 0.039258376 0.101843424 0.28194165 0.4517877 -0.09596377 0.06399156 -0.074859135 -0.12263164 -0.02751017 -0.17273948 0.35965878 0.046818443 -0.031525496 0.42474905 0.11792013 0.13417478 0.019343723 0.107572265
59 0.06960387 0.08083854 0.07316605 -0.24639963 -0.056718875 0.31476688 0.3672086 0.11923603 0.15133277 -0.043185923 0.020568399 -0.047116205 -0.42735553 0.22902992 0.028921025 0.18050826 0.32808802 0.5732084 0.13479005 -0.005001654 -0.25807816 -0.05247629 -0.0037267578 -0.27791375 0.27992612 -0.15864933 -0.15393038 0.17193486 0.14572546 0.15977132 -0.13830192 -0.07517748
17 -0.032518853 0.18378812 0.07641013 -0.3083104 0.23501281 0.2593897 0.030024268 0.027388614 0.014188445 -0.21943194 0.20284878 -0.08616354 -0.60249954 0.14054157 0.030070474 0.05687945 0.29990935 0.41860506 -0.15475944 0.08253028 -0.040800057 -0.1446315 -0.0551359 -0.07941399 0.3473047 0.16040134 0.08697208 0.5997917 0.10815125 0.11798325 0.10240168 0.16808955
16 -0.017836759 0.16703808 0.024848763 -0.29173264 0.19714716 0.2724854 0.0840979 0.018798413 0.060243655 -0.18001282 0.15360983 -0.12204248 -0.5354424 0.21702859 0.0281532 0.1086036 0.3318459 0.41232425 -0.09430565 0.1054879 -0.08658096 -0.14011009 -0.1010147 -0.19745985 0.3514157 0.070825286 -0.029375857 0.45784694 0.047769427 0.09065529 0.048314456 0.09627287
10 -0.037472773 0.20842992 0.11772665 -0.3423712 0.2462331 0.23125646 0.08890964 0.042464074 0.04253536 -0.28427103 0.18316305 -0.013265378 -0.60748553 0.12528738 0.009568911 0.025281087 0.24970151 0.4265346 -0.12493591 0.05579516 -0.01913686 -0.12637095 -0.04495231 -0.12391326 0.3906747 0.104977 0.0295338 0.50025225 0.10346378 0.15824191 0.051003654 0.13489194
18 -0.015009899 0.12948763 0.083210476 -0.32157546 0.20248981 0.25083712 0.07686908 0.06279049 0.034333255 -0.23719877 0.1685894 -0.086196445 -0.5769739 0.19193323 0.03905337 0.07793017 0.29516718 0.46086633 -0.06455174 0.06749989 -0.05877608 -0.11940852 -0.027554303 -0.18462175 0.38516155 0.07206623 0.011322914 0.42935967 0.09624176 0.14302258 0.08157574 0.1276746
12 0.0062396564 0.2003274 0.052224003 -0.24446608 0.17356487 0.28097087 0.10941597 0.016531913 0.060577124 -0.10816629 0.15257296 -0.045131486 -0.53710985 0.11583024 0.0003556259 0.11666502 0.29114503 0.43618274 -0.093603276 0.1260793 -0.15089998 -0.080153644 -0.03610716 -0.10318629 0.3049281 0.11965974 0.049074735 0.5512052 0.11573604 0.11590344 0.019208586 0.06891443
103 0.035602972 0.17113733 -0.10553457 -0.10344906 0.06252921 0.5103437 0.09435091 -0.14566535 0.18235639 0.14718288 -0.03268938 -0.17983773 -0.30173257 0.15057164 -0.016006092 0.37015364 0.3574476 0.45980936 -0.1403134 0.19056074 -0.26815668 -0.065348186 -0.13948911 -0.14043702 0.13508824 0.21584271 -0.041041598 0.56193167 0.12445519 -0.022059245 -0.08715556 0.036743972
9 -0.010705341 0.12682205 0.070746884 -0.29582116 0.113034636 0.2625257 0.16759004 0.10781444 0.06821566 -0.18658158 0.13336731 -0.06982961 -0.52741414 0.17629185 0.04045007 0.11567135 0.30972233 0.47055957 0.0025160923 0.06587031 -0.120742135 -0.1040219 -0.03385732 -0.20835009 0.37294164 -0.051765677 -0.015188873 0.33114058 0.09731243 0.15963309 0.040299598 0.07493139
38 0.034106303 0.06890011 0.013356288 -0.26030722 0.0126213785 0.3449651 0.28122115 0.088806316 0.16530198 -0.037247688 0.04017344 -0.115592554 -0.4132484 0.28648406 0.026204936 0.2249687 0.35644382 0.5340302 0.081947304 0.029358014 -0.23414037 -0.03413274 -0.047597397 -0.28791216 0.32380468 -0.13719809 -0.13825299 0.20141914 0.08087922 0.09536826 -0.06544182 -0.035606246
11 -0.034659356 0.18434998 0.053232953 -0.30374828 0.22319464 0.23200828 0.05362987 0.025705785 0.0337157 -0.18881837 0.1981689 -0.093550265 -0.56773466 0.19600578 0.039778832 0.049896456 0.29432356 0.44635224 -0.095203884 0.12114131 -0.0396324 -0.16041562 -0.04505893 -0.16911562 0.36250666 0.1057965 0.041278735 0.5570989 0.10508796 0.13616072 0.09864471 0.1473613
107 -0.034032103 0.17208585 -0.20081645 -0.11660539 0.069904596 0.43219763 0.063515835 -0.14251332 0.18723103 0.1450895 0.047240175 -0.24524067 -0.31661478 0.24688186 0.07088379 0.32698712 0.35967016 0.42006138 -0.10584748 0.25956962 -0.2688939 -0.08214063 -0.19523208 -0.1907897 0.22064534 0.18781832 -0.058618125 0.5104371 0.09388107 -0.025519326 -0.04760481 0.045636404
95 0.11830101 0.11552658 0.14470421 -0.14885911 -0.07504449 0.39150435 0.33446014 0.06197257 0.20762293 0.0051213843 -0.070230536 0.047353663 -0.40138686 -0.0013497975 -0.044201866 0.26521435 0.28832057 0.607894 0.14696467 0.03999758 -0.36494112 -0.018159427 0.024229823 -0.13444261 0.095225014 -0.03964447 -0.04502734 0.3129494 0.23688973 0.27160543 -0.2622951 -0.04759782
27 -0.04209454 0.24050476 0.08210284 -0.3569252 0.2842208 0.20791352 0.017824333 0.019575434 -0.018528808 -0.27660897 0.23701037 -0.076352164 -0.633947 0.16336195 2.7712304e-05 0.03204526 0.2853899 0.39583445 -0.15583558 0.07487229 -0.0041979672 -0.16762038 -0.046139754 -0.11235739 0.39757717 0.153708 0.07640856 0.5701699 0.07791045 0.13336632 0.13814873 0.15116465
40 0.016881349 0.057180226 -0.08979942 -0.23366289 -0.03795641 0.32185453 0.30718282 0.113045156 0.17398603 0.04695025 0.055194885 -0.20928648 -0.33985403 0.3517804 0.09737438 0.2613553 0.3704873 0.5297377 0.07881119 0.07501896 -0.30978844 -0.049111463 -0.092792094 -0.35544133 0.32805413 -0.17289358 -0.14932066 0.15428407 0.049194977 0.038514014 -0.020005481 -0.066850625
114 -0.00766298 0.12478571 -0.19857702 -0.15068392 0.053629708 0.41941723 0.11282058 -0.12004754 0.16990186 0.14511593 0.042863134 -0.2713524 -0.29356232 0.29049486 0.06502618 0.3444107 0.3863529 0.44426253 -0.10722388 0.25209633 -0.2799657 -0.08586579 -0.18479843 -0.19861469 0.23971163 0.14698039 -0.095686294 0.46578008 0.06476038 -0.058912273 -0.03733267 0.030519083
52 0.039234787 0.05867241 0.049743623 -0.24271163 -0.03747781 0.29827383 0.32422107 0.1355178 0.1408924 -0.010455803 0.020960089 -0.088174425 -0.4060163 0.24611382 0.05721304 0.2381794 0.34630257 0.5501212 0.10690649 0.027273783 -0.28369305 -0.037964582 -0.0413233 -0.31000108 0.3123145 -0.15084538 -0.1434367 0.16454732 0.106082946 0.1495505 -0.0813695 -0.06681374
84 0.10300821 0.141104 0.1512079 -0.24695228 0.010226847 0.32228458 0.23549072 0.08184055 0.16544396 -0.08477837 0.009547869 0.045177598 -0.49891365 0.06460148 -0.018684018 0.20314877 0.30422068 0.56126434 0.10289318 -0.006046661 -0.22099568 -0.029731566 0.009365173 -0.13348207 0.21607664 -0.019582208 -0.02874438 0.33648914 0.196654 0.22378005 -0.15785342 -0.0018225542
44 0.058732428 0.06372678 0.043313514 -0.2919357 -0.014425685 0.2794028 0.34043816 0.1513933 0.13985421 -0.051377606 0.06937762 -0.11375387 -0.40322787 0.30611384 0.05755213 0.1866339 0.33161855 0.54645455 0.13346696 0.028596578 -0.25348634 -0.038619354 -0.062064424 -0.2784311 0.2934526 -0.15811682 -0.14311881 0.15303451 0.08940796 0.134421 -0.0692253 -0.036792397
87 0.08335641 0.074934445 0.1978898 -0.2376632 -0.029110191 0.259972 0.33659044 0.15740061 0.1877594 -0.080141924 -0.014566432 0.071401544 -0.49198782 0.076100715 -0.031207735 0.19021426 0.28579235 0.6453682 0.19159016 -0.010991543 -0.2789461 0.008362499 0.06508666 -0.16341513 0.22025618 -0.123870976 -0.037753433 0.2163778 0.24157538 0.28321362 -0.19094542 -0.041878738
110 -0.009340568 0.20330586 -0.12932375 -0.11573187 0.056257896 0.46678177 0.06857509 -0.113656774 0.18156554 0.13673732 0.016564157 -0.19334425 -0.3293801 0.16636044 -0.0028967424 0.3165178 0.3347915 0.43699232 -0.09440112 0.22050296 -0.24377792 -0.060832083 -0.12967037 -0.10639488 0.18384571 0.1908834 -0.037581395 0.5491259 0.14095965 0.008707701 -0.08054175 0.01820681
108 0.008901541 0.113272384 -0.15071371 -0.16352183 0.03546133 0.39189175 0.18659918 -0.047868475 0.20574631 0.15167181 0.023490578 -0.22672139 -0.29231572 0.3090786 0.10579863 0.32888052 0.3915281 0.48942447 -0.019867314 0.19820714 -0.315748 -0.0608296 -0.18350574 -0.28559467 0.24946386 -0.0010710717 -0.1608313 0.2993328 0.07327043 -0.017881395 -0.0827588 -0.029878005
39 0.045645773 0.0298881 0.04582527 -0.21906239 -0.0791488 0.29647958 0.39902988 0.15159547 0.19248506 -0.013301065 -0.006946581 -0.08433209 -0.38844407 0.2862714 0.06888927 0.24416159 0.34277868 0.6024547 0.15584944 0.027482076 -0.32718897 -0.026449569 -0.06383227 -0.33977515 0.27551466 -0.2332343 -0.17787309 0.1076533 0.1020014 0.16507901 -0.16545373 -0.09454514
30 -0.03396653 0.21999365 0.052423786 -0.33471644 0.25869113 0.23514304 0.032899294 0.015029344 0.005413984 -0.22987232 0.21441473 -0.09630463 -0.5844504 0.18667479 0.0027876154 0.043631263 0.3111712 0.40726903 -0.16772504 0.078448474 0.008000244 -0.14574516 -0.047623258 -0.13402589 0.39517957 0.14934616 0.052125014 0.5722174 0.08846332 0.096905194 0.13021615 0.16806728
75 0.07856478 0.092185155 0.18479186 -0.20041913 -0.029815875 0.32503167 0.29306942 0.089174464 0.17259184 -0.057783626 -0.022260785 0.067845024 -0.46311504 0.040337488 -0.030476522 0.22287874 0.32408562 0.6074968 0.11844548 -0.032195207 -0.27966654 -0.021206915 0.03771996 -0.13833484 0.1889595 -0.057449944 -0.020519119 0.29131135 0.23290607 0.24120815 -0.18821535 -0.051815987
86 0.043402888 0.098699495 0.12842292 -0.25121778 0.034408234 0.26678285 0.25657204 0.07837867 0.11442971 -0.06075219 0.01940259 -0.00072423887 -0.46810532 0.17182349 0.03542398 0.18088478 0.30903724 0.57722056 0.063006036 0.02433726 -0.22287549 -0.06135325 -0.012109755 -0.17668803 0.24422005 -0.062350225 -0.07913956 0.30480462 0.18561341 0.1908255 -0.11822135 0.030476892
123 0.0068989983 0.18901901 -0.092016056 -0.16058534 0.059050895 0.42176822 0.100220926 -0.09061938 0.18238902 0.0996038 -0.015824527 -0.15147264 -0.35673082 0.15490536 -0.005243142 0.31618842 0.35473737 0.48673666 -0.08306625 0.1586287 -0.22221155 -0.06595293 -0.09053773 -0.16542943 0.18192625 0.15820365 -0.062758446 0.49365625 0.16214697 0.03490486 -0.08964854 0.028206838
85 0.10433885 0.11180104 0.23734458 -0.19750653 -0.07215796 0.29861015 0.31558463 0.12815323 0.12768637 -0.061806776 -0.025814798 0.10834293 -0.5157907 0.020933993 -0.034020822 0.18917535 0.31175238 0.6309235 0.16739249 -0.04674872 -0.2919229 -0.0020694626 0.094441466 -0.13647786 0.17838635 -0.098142646 -0.008381464 0.25238207 0.260822 0.33052823 -0.1891199 -0.030458461
54 0.014258459 0.048343074 -0.056953542 -0.26024854 -0.07103787 0.29207286 0.38073137 0.13790298 0.18568456 0.026110629 0.01051904 -0.15058465 -0.35194373 0.39354515 0.1042318 0.25929555 0.38448536 0.57146496 0.122981936 0.009772631 -0.3292572 -0.034838554 -0.08406322 -0.38425085 0.3407899 -0.27612877 -0.21407886 0.043992504 0.061293196 0.06836773 -0.09886103 -0.09594519
24 -0.032368004 0.17457828 0.04449371 -0.3148558 0.20207672 0.26200187 0.08397094 0.024467029 0.03792881 -0.18845843 0.17610615 -0.09109513 -0.5454399 0.1965744 0.023040548 0.049326 0.2912344 0.4563287 -0.1197211 0.08681482 -0.06369839 -0.15205765 -0.040112212 -0.13411388 0.34393397 0.07925431 -0.021390386 0.48464134 0.1206766 0.1265428 0.07607165 0.14627174
104 -0.02235738 0.25650644 -0.15452063 -0.14039533 0.1220525 0.4718872 0.019710708 -0.16622686 0.12823378 0.1047399 0.05863765 -0.25889593 -0.33902803 0.20431359 0.024689576 0.29634842 0.35469493 0.41122591 -0.16887803 0.28429756 -0.22492127 -0.078654096 -0.18084967 -0.12626871 0.224802 0.25560686 -0.014655982 0.60340434 0.080721945 -0.03953785 -0.020601988 0.054520853
77 0.10124108 0.138688 0.18850954 -0.18857019 -0.03186728 0.30317882 0.24511822 0.08202367 0.15240797 -0.040372442 0.006916191 0.08170089 -0.5060149 0.018781016 -0.022403056 0.18972129 0.28016767 0.61264545 0.09589343 0.03664087 -0.27332002 0.003707903 0.041809317 -0.10053237 0.1771628 -0.03715796 -0.01028767 0.32779336 0.25498784 0.2645234 -0.16424789 0.017285721
109 0.020459555 0.1577851 -0.1516501 -0.12819487 0.060703438 0.4771958 0.12494996 -0.12377753 0.19144198 0.14984064 -0.014912817 -0.23415142 -0.289179 0.25450814 0.019662488 0.32795984 0.34915924 0.43892947 -0.08290981 0.23242573 -0.26015905 -0.102634445 -0.18146287 -0.20168987 0.2229237 0.16251409 -0.11707609 0.4697796 0.10377542 -0.0195628 -0.088166215 0.022763534
73 0.0901424 0.10880295 0.2181298 -0.20169511 -0.03860512 0.29206827 0.3067996 0.112070866 0.14856172 -0.06662479 0.0018817569 0.045488946 -0.51696664 0.033569515 -0.0021446107 0.17482726 0.28883305 0.59716094 0.14181289 -0.0032752387 -0.2950026 -0.042633843 0.067709364 -0.13799979 0.16347657 -0.08629892 -0.017575419 0.3037818 0.2228303 0.29924965 -0.18475784 -0.044446785
69 0.048840772 0.15193583 0.05848599 -0.1465874 0.024684824 0.4301385 0.16170955 -0.0316372 0.16997956 0.026452301 -0.04815653 -0.055038434 -0.39725515 0.080264226 -0.010901268 0.27088758 0.328542 0.5312529 -0.005067043 0.09860873 -0.2726311 -0.0030696378 -0.06887962 -0.12769936 0.13848783 0.061485138 -0.033900127 0.4353014 0.19625092 0.11976964 -0.14952104 -0.013367086
83 0.09388305 0.12727696 0.20798539 -0.19797802 -0.03695883 0.3397303 0.28891167 0.09943643 0.16834459 -0.060958814 -0.023305625 0.07972801 -0.48249063 0.033240113 -0.023076449 0.19454941 0.2918298 0.6318967 0.13027671 -0.015537185 -0.2895547 -0.012079995 0.030427216 -0.124409325 0.1887136 -0.08916514 -0.04714432 0.2900356 0.25105774 0.25800142 -0.17448169 -0.014041941
34 0.06638913 0.06038992 -0.0035076113 -0.24461354 0.0022966794 0.3148482 0.31972054 0.07774865 0.19207403 0.00070635113 -0.014931846 -0.14003342 -0.40314606 0.26060125 0.07602079 0.2216811 0.35692325 0.54847884 0.090710334 0.0521828 -0.26794884 -0.06423661 -0.051250577 -0.29865825 0.27557507 -0.09958243 -0.16175012 0.18376563 0.0839168 0.08000842 -0.10023144 -0.029328719
57 0.10086512 0.03440627 0.0668977 -0.22383934 -0.09675536 0.3631147 0.4542837 0.17120993 0.23935515 0.019339899 -0.053430434 -0.07797142 -0.34989062 0.2562281 0.06911805 0.28635207 0.36856124 0.64137256 0.18557182 -0.013334041 -0.3528119 0.00851852 -0.020689739 -0.33097097 0.25634176 -0.25699216 -0.2240896 0.022802461 0.13107313 0.146772 -0.178626 -0.08580882
29 -0.032892864 0.18248491 0.029469673 -0.38224304 0.3010597 0.18922274 0.021836843 0.06586821 0.029333154 -0.26929885 0.2466746 -0.09583631 -0.60414004 0.2226195 0.015275069 0.059074603 0.2916373 0.4134985 -0.1328643 0.07843469 0.03976021 -0.14041418 -0.06976613 -0.18366319 0.4269278 0.14096144 0.06558549 0.5762475 0.06013976 0.082819015 0.14949083 0.19451039
28 -0.04826956 0.22503512 -0.056487337 -0.25041834 0.17316447 0.33561933 0.021743905 -0.108524576 0.07406749 -0.06055871 0.10432084 -0.18366729 -0.45339352 0.19270623 0.034856778 0.18824205 0.32147846 0.42718336 -0.14465278 0.16139786 -0.11082691 -0.14464097 -0.09779335 -0.12360008 0.28874713 0.19728583 0.011274742 0.55215585 0.10878198 0.050878197 0.013111511 0.08647884
111 -0.0022614922 0.19220322 -0.1329338 -0.067060106 0.04128583 0.5175444 0.086376056 -0.16004907 0.20197204 0.1921682 -0.04447169 -0.1995554 -0.29507607 0.13225706 -0.014073563 0.38603416 0.36214715 0.46016794 -0.11475809 0.24563201 -0.30025023 -0.035119303 -0.17517804 -0.10537944 0.12788907 0.23435132 -0.0324111 0.58493596 0.1733358 -0.026782867 -0.12127575 0.03964822
67 0.0580932 0.12440686 0.14716285 -0.16046661 -0.023520002 0.32940054 0.25438863 0.028429043 0.18755873 -0.007253932 -0.056919266 0.0482081 -0.45061174 0.017815983 -0.0014731755 0.24405056 0.3157032 0.5898629 0.036964647 0.039086327 -0.31878954 -0.015666643 0.019438308 -0.12555483 0.14710571 0.007552142 -0.021014387 0.3520811 0.24645808 0.19068158 -0.17008981 0.007176812
41 0.0139106 0.06069264 -0.01290862 -0.24782497 -0.028141607 0.30727986 0.31222796 0.12858371 0.14158747 0.003750795 0.071154594 -0.17664753 -0.40574935 0.3520273 0.085323736 0.20450234 0.36975536 0.51593477 0.11523061 0.06759793 -0.30020347 -0.028764937 -0.07803754 -0.32877576 0.3502516 -0.17611809 -0.13503572 0.1555292 0.061901536 0.07924364 -0.016042575 -0.0647758
89 0.08801871 0.06909216 0.098783314 -0.15469433 -0.03188572 0.3529155 0.280455 0.0637539 0.20548926 0.002337494 -0.025682569 -0.023411103 -0.43261015 0.0825472 -0.0030040173 0.21165352 0.30888903 0.5577174 0.09979678 0.07074857 -0.2821654 -0.07092263 -0.03041315 -0.16768785 0.15714926 0.012768917 -0.08490226 0.33749866 0.17153868 0.20806153 -0.16447604 -0.0016755279
94 0.109373346 0.12922052 0.1997045 -0.1341935 -0.030099262 0.3946055 0.22898814 0.024347948 0.18926996 -0.025505817 -0.047009535 0.057572406 -0.4574419 -0.06781577 -0.024794376 0.23988949 0.28695738 0.59103537 0.06204402 0.039950974 -0.29033175 -0.016160944 0.041376993 -0.050572984 0.11549038 0.032439575 0.023474764 0.4168161 0.2617988 0.26459935 -0.21264708 0.03524004
26 -0.04234964 0.22041027 0.017697195 -0.23148005 0.19752648 0.28107247 0.026974538 -0.04782355 0.06409981 -0.11993271 0.15161 -0.10960552 -0.5255968 0.15473516 0.032766283 0.15279584 0.3310932 0.4354779 -0.12790462 0.14219297 -0.08750775 -0.11123173 -0.10219844 -0.10898906 0.3207773 0.1949408 0.060713768 0.5969657 0.111382775 0.074826956 0.047264885 0.1439524
121 0.013363916 0.18160613 -0.078554645 -0.10701911 0.031602345 0.4595497 0.15623884 -0.122479886 0.21552359 0.13060774 -0.055952985 -0.1447919 -0.30954397 0.1599895 -0.0083840275 0.35373595 0.36070696 0.491536 -0.059755143 0.17954879 -0.28952172 -0.04059492 -0.11304343 -0.16366644 0.12804405 0.1580501 -0.08833481 0.46804568 0.14366156 0.028313458 -0.12617868 0.017510107
19 -0.013099124 0.15878929 0.038334988 -0.27506405 0.20733328 0.28533944 0.09408114 -0.029760867 0.06947206 -0.13788791 0.14557339 -0.12533657 -0.5154399 0.15479639 0.014530955 0.124065794 0.28010246 0.42389077 -0.13188829 0.12585586 -0.12008602 -0.14691837 -0.0812004 -0.1322897 0.2942646 0.1486545 0.038279556 0.5550399 0.12025216 0.07710532 0.032900136 0.13090776
31 -0.08602287 0.20314673 0.041125722 -0.30340114 0.2642875 0.22890022 -0.010345496 -0.020893253 -0.0035931547 -0.24845679 0.20133592 -0.08487854 -0.5850903 0.17134628 0.006582071 0.06139901 0.27484086 0.4244166 -0.16916001 0.1080943 0.021915296 -0.14875624 -0.080878936 -0.14586627 0.38156793 0.17169464 0.043566793 0.5994871 0.11790783 0.12376483 0.08274498 0.177834
102 -0.057618514 0.17002307 -0.091783226 -0.16500518 0.12807943 0.4161065 0.057871405 -0.13111697 0.11261861 0.020929778 0.061285358 -0.19989964 -0.35947976 0.21937065 0.03386239 0.25823355 0.34893504 0.4354109 -0.1583 0.19324046 -0.15009868 -0.1253902 -0.14729762 -0.15639631 0.26223895 0.20730036 -0.068860255 0.53957146 0.10650018 0.022371324 -0.032051776 0.07745938
25 0.018439077 0.1490459 0.089344695 -0.37326187 0.24802203 0.21687178 0.10538377 0.050799116 0.07673386 -0.24671435 0.17335495 -0.045294426 -0.60059476 0.16930342 0.017461732 0.037410937 0.29909545 0.47278577 -0.06813218 0.018116858 -0.030054225 -0.12797968 -0.021979036 -0.17302555 0.3485878 0.02602883 0.000761595 0.4322603 0.116176344 0.1460104 0.060378563 0.10602888
49 0.0455202 0.031144679 -0.045027673 -0.24954979 -0.06000738 0.30646864 0.39161706 0.14836636 0.21061459 0.07966717 0.019310089 -0.16465364 -0.3325944 0.34769964 0.07727151 0.2661401 0.3943818 0.54129386 0.12614365 0.065637834 -0.3783682 0.014532852 -0.07074838 -0.33284637 0.29991344 -0.26358384 -0.15975039 0.05463661 0.07707426 0.05613587 -0.10618176 -0.1377025
124 -0.0061303847 0.20242041 -0.09989503 -0.1445118 0.07237453 0.46766976 0.09662682 -0.09873038 0.1670655 0.08550298 -0.014595135 -0.18172702 -0.32441628 0.16551858 0.018593699 0.32323086 0.3534604 0.47688577 -0.14018258 0.19636898 -0.22727336 -0.048810277 -0.1262024 -0.14289424 0.19744372 0.16693754 -0.07866657 0.47784188 0.13926604 -0.0030919625 -0.05905304 0.05947199
4 -0.01416257 0.19149235 -0.01738948 -0.3024237 0.22592367 0.26554942 0.02800574 4.302575e-05 0.019279225 -0.1653248 0.19604541 -0.16276018 -0.5410722 0.19131488 0.04972592 0.100654215 0.32641047 0.3819108 -0.14473538 0.12729578 -0.07467535 -0.14353283 -0.091448285 -0.14931665 0.34743866 0.1409976 0.028863776 0.5690919 0.060037427 0.06993971 0.12897143 0.11753554
93 0.058245864 0.20693982 0.06866257 -0.17654291 0.05991816 0.36929396 0.10306717 -0.025755452 0.16112357 -0.029012972 0.012126305 -0.02198027 -0.47943524 -0.009771465 -0.010702062 0.18523768 0.29255763 0.50072837 -0.016703056 0.09380176 -0.21260521 -0.04847213 -0.023280228 -0.055708088 0.15792324 0.119842894 0.036253504 0.5378161 0.20634124 0.18414268 -0.08241903 0.06660826
13 -0.036255483 0.21499272 0.0145216845 -0.3253712 0.23207507 0.2718939 0.04511305 0.002377007 0.030110294 -0.18449405 0.17028509 -0.124328874 -0.57042557 0.2150682 0.02764703 0.08801077 0.30089203 0.4035643 -0.1391527 0.10520185 -0.049586408 -0.120624594 -0.07238102 -0.1620948 0.35981986 0.1320493 0.044380676 0.559461 0.08327598 0.074657515 0.12399463 0.117758445
72 0.098482974 0.1236843 0.23376758 -0.18877397 0.005787372 0.30682632 0.27811655 0.103908546 0.15688655 -0.090684064 -0.024704104 0.097463146 -0.48414943 -0.00022997044 -0.030167729 0.16058719 0.24752241 0.6041204 0.09477086 -0.0076857423 -0.27682647 -0.046560038 0.08055733 -0.08434432 0.1888554 -0.03028054 -0.004701311 0.391253 0.27426335 0.2664953 -0.16763537 -0.0077699195
15 -0.00057605834 0.15602066 0.007847331 -0.30883706 0.19319741 0.26225284 0.09959591 -0.0033545736 0.06468484 -0.104696594 0.12910463 -0.102627605 -0.5184137 0.19551352 0.0229818 0.09443404 0.29604018 0.46357632 -0.07223753 0.106916316 -0.123196505 -0.13936736 -0.07370256 -0.19888756 0.3121083 0.06702769 -0.00013904234 0.46012968 0.09201563 0.09831888 0.02881634 0.06534853
