128 32
36 0.03457653 0.015642127 -0.22773178 0.12641308 0.12666069 0.19249074 0.2834787 -0.22542325 -0.31454456 -0.16479358 -0.0026740453 0.008178573 0.0065802196 0.14738274 0.09451084 -0.18749692 -0.31318176 -0.09705699 0.13708475 -0.09240124 0.15019733 -0.22138543 0.09377887 0.23140673 0.20990062 0.047681525 -0.50096244 -0.1427189 -0.2900351 -0.345046 0.0016611585 0.07797389
51 0.17775215 -0.13971566 -0.29000515 0.15383798 0.11387297 0.16212252 0.32605773 -0.20414266 -0.38470492 -0.23961413 -0.06983866 -0.08107105 -0.06703764 0.124350704 0.13535234 -0.07041173 -0.35402766 -0.00040718095 0.09703835 -0.07812143 0.29162446 -0.24697419 0.10656127 0.3997333 0.28361553 0.112358585 -0.36240643 -0.17508447 -0.26986313 -0.25775906 -0.11856412 0.036683433
108 0.16697134 -0.1076139 -0.2580256 0.021663746 0.12615849 0.18081307 0.31541324 -0.1865911 -0.35305846 -0.2553441 -0.06318162 -0.048649676 -0.005650862 0.13356222 0.16741508 -0.10055552 -0.31426457 0.006971826 0.09196627 -0.01794051 0.2634967 -0.29500243 0.2065131 0.28041583 0.26354784 0.03824279 -0.4047029 -0.2107308 -0.33964333 -0.22666752 -0.25282025 -0.06886949
56 -0.09358916 0.27215543 -0.23142707 0.1536794 0.10998757 0.18680002 0.25440407 -0.26392463 -0.28918874 -0.10326016 0.08032443 0.09208857 0.13220231 0.21518792 -0.035154328 -0.26304504 -0.21022272 -0.18391412 0.20570861 -0.13141952 -0.06302904 -0.2629181 -0.0008057225 0.09056988 0.12670694 0.0416458 -0.7133884 -0.09369821 -0.2362654 -0.4712097 0.26419482 0.1601198
25 0.09903173 -0.12709738 -0.20766239 0.20163962 0.09448468 0.13814566 0.32145444 -0.26192185 -0.37771738 -0.23859948 -0.07810943 -0.021047397 -0.043666717 0.12163625 0.11541002 -0.11364595 -0.35582185 -0.027286373 0.13385144 -0.13030891 0.23353326 -0.17797945 0.061702065 0.40333042 0.2467628 0.10361941 -0.42850354 -0.12997384 -0.26624498 -0.3234223 -0.0012198882 0.12102236
68 0.05551405 0.013917566 -0.20101056 0.20928124 0.13153817 0.3673589 0.32249022 -0.22973406 -0.25091198 -0.24780823 -0.09513704 -0.022135144 -0.076270804 0.22238152 0.16691424 -0.24707773 -0.35523263 -0.08088806 0.27344623 -0.13438155 0.24854961 -0.20951355 0.14793734 0.2977856 0.24004194 0.08362523 -0.25373113 -0.0029011995 -0.30262026 -0.30004492 -0.063604064 -0.001731392
28 0.07551676 0.16126443 -0.26737577 -0.17124496 0.13920014 0.29064858 0.22901273 -0.10327508 -0.2484247 -0.20329547 0.0075458353 -0.0009812498 0.0686958 0.23741277 0.14549811 -0.19812176 -0.24701816 -0.029727394 0.13061647 0.061422598 0.15062876 -0.39749408 0.35050616 -0.035650764 0.19864073 -0.03494595 -0.5270949 -0.18994133 -0.40388137 -0.18478303 -0.30806643 -0.18113258
113 0.19459817 -0.18685934 -0.28855854 0.16795565 0.1189395 0.040614597 0.30823824 -0.25100827 -0.45453134 -0.20232409 -0.06776879 -0.083822146 -0.024963735 0.077385046 0.11436152 -0.047022298 -0.32596564 -0.026718356 0.046045903 -0.058868844 0.25677833 -0.21838316 0.09302785 0.37654254 0.26216766 0.08801132 -0.49403715 -0.25267982 -0.2346091 -0.29226136 -0.03954942 0.1006353
11 0.0018886323 0.1230273 -0.26161817 0.13749692 0.11297551 0.046339646 0.2487188 -0.2598027 -0.3836847 -0.11472963 0.05816056 0.04923582 0.12564605 0.16324522 -0.021157833 -0.15689813 -0.226225 -0.13679229 0.10704673 -0.07000303 -0.011002036 -0.24356121 0.040271673 0.13937053 0.14572257 0.03295889 -0.7659687 -0.20566016 -0.20452578 -0.39418694 0.18881834 0.16815297
89 -0.07878464 0.275248 -0.11842355 0.18681203 0.14607589 0.48020643 0.25725627 -0.20010118 -0.12977839 -0.13090996 -0.018920435 0.056266107 0.04128762 0.29177266 0.100748226 -0.37491128 -0.31168333 -0.17689775 0.3123523 -0.15517002 0.13788113 -0.275782 0.14248638 0.10008527 0.20241976 0.041850246 -0.3587605 0.081647664 -0.35208693 -0.39110503 0.04961951 0.009273022
74 -0.04092923 0.09275712 -0.16163142 0.21465975 0.12007347 0.37503275 0.2875643 -0.23605904 -0.22579795 -0.18956825 -0.043326717 0.00699248 -0.006255423 0.23381312 0.10721952 -0.28475216 -0.32806337 -0.1149833 0.2683891 -0.16211946 0.19903079 -0.2007535 0.096320435 0.2614776 0.20555586 0.08785385 -0.32999438 0.04408523 -0.2983579 -0.38581273 0.078047074 0.04899856
107 0.2311857 -0.21282858 -0.3059815 0.066812955 0.11172893 0.057618022 0.32787967 -0.17051785 -0.41844332 -0.25179183 -0.07000105 -0.087385595 -0.028877715 0.11538121 0.14244105 -0.052651204 -0.35342112 0.027294958 0.054985624 -0.022817295 0.29776916 -0.2647836 0.15697272 0.36343774 0.27424714 0.08412875 -0.44340828 -0.26038203 -0.29732102 -0.22585958 -0.20448732 0.012749754
100 -0.04111632 0.1623541 -0.13175802 0.1998536 0.12773992 0.446908 0.29439884 -0.1887104 -0.20215592 -0.16846776 -0.04487264 0.034795128 0.010183708 0.22617766 0.11904508 -0.34290913 -0.32034025 -0.13610047 0.31072104 -0.18084984 0.17586005 -0.21352366 0.091536224 0.20263384 0.19736552 0.074277535 -0.32544866 0.047645234 -0.31312278 -0.40563488 0.099251345 0.02564611
124 0.27288494 -0.37749264 -0.31003052 0.17966455 0.103112 0.037076425 0.36730123 -0.2288468 -0.47188956 -0.29094502 -0.1179183 -0.13868621 -0.06307362 0.06682188 0.15589589 0.002344302 -0.39373815 0.032720502 0.03941255 -0.0033744257 0.36573935 -0.17346723 0.12735677 0.51163626 0.3272239 0.09709892 -0.4014447 -0.2776224 -0.2521709 -0.19604945 -0.17428039 0.05417769
34 -0.029856253 0.18212058 -0.18336068 0.14457971 0.14886568 0.34037876 0.2522314 -0.20230506 -0.21497977 -0.14039095 -0.031562965 0.029260432 0.02747111 0.23608756 0.0855651 -0.30561635 -0.30609846 -0.13873854 0.23008806 -0.14749452 0.10863336 -0.23713614 0.13714586 0.13117121 0.17940348 0.051243838 -0.44443735 -0.04275717 -0.3021343 -0.39183566 0.042606838 0.027951142
3 -0.0020393152 0.13981278 -0.17474249 0.14870702 0.14542043 0.38550022 0.279423 -0.17162997 -0.21454203 -0.2165964 -0.022299644 0.020612363 0.011020688 0.2279759 0.14950924 -0.2688094 -0.29644206 -0.094780356 0.28700873 -0.16586569 0.17609902 -0.25618023 0.12881261 0.1776288 0.21932459 0.06636436 -0.3575593 0.010097088 -0.3107538 -0.37480217 0.024599338 0.0072863884
81 -0.018537723 0.20854677 -0.271532 0.019339709 0.13459985 0.18009439 0.21923947 -0.21777081 -0.28172463 -0.10516281 0.024357103 0.06381427 0.11639781 0.19442153 0.0040122652 -0.26241228 -0.25562048 -0.12080039 0.14615901 -0.035542514 0.008752978 -0.29919264 0.1347877 0.037319332 0.13455395 -0.00083702 -0.6644312 -0.18308814 -0.27059114 -0.3417602 0.028107371 0.028864712
127 0.11918624 -0.1478106 -0.2453431 0.17768939 0.122981794 0.1048384 0.34668776 -0.2245994 -0.39493278 -0.21875764 -0.075186655 -0.0739238 -0.04048737 0.12864432 0.0820582 -0.10110051 -0.33336174 -0.043558534 0.112182565 -0.0850401 0.24454713 -0.20203847 0.08054257 0.36968735 0.25490686 0.09436721 -0.4801236 -0.18125235 -0.24836855 -0.2749949 -0.05555942 0.07148919
26 -0.1183131 0.17424202 -0.11540705 0.30733335 0.1255634 0.4661521 0.27273485 -0.2646031 -0.18060347 -0.17102244 -0.059650958 0.04620673 -0.019027127 0.2602732 0.093329586 -0.3874385 -0.32815644 -0.18268529 0.3574861 -0.23154148 0.17293984 -0.177384 0.07243024 0.25152233 0.22916932 0.08418985 -0.3080363 0.09942708 -0.28858292 -0.44052806 0.14458343 0.059771117
58 0.13206065 0.08105724 -0.29574153 -0.16853388 0.14762722 0.23051296 0.258958 -0.11499377 -0.31608412 -0.2144116 -0.029546581 -0.036340415 0.09217311 0.19333409 0.1264742 -0.18009697 -0.29308012 -0.0075009055 0.07437854 0.043367796 0.16923207 -0.36972517 0.33793786 0.019744791 0.17958055 -0.03819421 -0.51324105 -0.23972343 -0.3447669 -0.19520502 -0.3168936 -0.16496453
128 0.15529299 -0.20593256 -0.2963169 0.18261988 0.091307744 0.09135873 0.35935673 -0.2295971 -0.40145817 -0.23798284 -0.083258815 -0.08635604 -0.02206091 0.10105298 0.10663344 -0.06894549 -0.36190647 0.0067785666 0.103034794 -0.08694565 0.26107046 -0.19105364 0.057507146 0.41648173 0.2906751 0.1177747 -0.40256855 -0.16491796 -0.24705623 -0.31140983 -0.080951996 0.10428246
79 0.18082906 -0.18102267 -0.29658577 0.18376432 0.07785058 0.080528505 0.31309864 -0.23167603 -0.3697522 -0.21355464 -0.06131518 -0.071453914 -0.026374714 0.13320804 0.11288542 -0.07097437 -0.3305573 0.004632254 0.10617273 -0.06529367 0.2576727 -0.18820788 0.07755472 0.40133283 0.27062783 0.09208469 -0.46120661 -0.20816699 -0.25865853 -0.29094085 -0.03323712 0.096003465
104 0.18735659 -0.23580562 -0.28699675 0.21902473 0.12581626 0.15170732 0.37847266 -0.24966915 -0.43789196 -0.28184974 -0.13211785 -0.07794274 -0.04718662 0.12890904 0.13320763 -0.06948134 -0.3737619 0.016410919 0.09666076 -0.09422319 0.29553115 -0.19523247 0.049457554 0.46755606 0.25999317 0.1269177 -0.3362976 -0.14712664 -0.23262864 -0.2825393 -0.0782755 0.072779
86 0.069147244 0.08769505 -0.21797222 -0.07023144 0.15674727 0.28417432 0.27368972 -0.16851276 -0.26768792 -0.22018376 -0.015138098 0.021468587 0.06776389 0.21653329 0.12802404 -0.20471227 -0.28161728 -0.034852885 0.111433655 -0.003119192 0.16881885 -0.317108 0.27341715 0.073409356 0.20317382 0.005702764 -0.4546727 -0.1546859 -0.34097108 -0.25484675 -0.23416072 -0.12145607
20 -0.013619222 0.16350667 -0.28227526 0.07938971 0.13021216 0.109381415 0.23760518 -0.23089041 -0.32392272 -0.1490124 0.06246332 0.03097926 0.10709575 0.16666117 0.014526325 -0.23882279 -0.21732537 -0.14035313 0.12488138 -0.04267065 0.028614968 -0.26244769 0.073192656 0.11072041 0.17544678 0.038728543 -0.69531125 -0.19314149 -0.22772807 -0.36365286 0.13080904 0.087271556
69 0.17147858 0.07537889 -0.37257317 -0.20508407 0.1522566 0.15172432 0.24281797 -0.13360536 -0.29613397 -0.19898228 -0.020316774 -0.018840717 0.06188756 0.18975435 0.14395563 -0.16203646 -0.3004926 0.0047947285 0.040249202 0.100105055 0.12668811 -0.3791112 0.33883992 -0.031307444 0.19636764 -0.06289651 -0.5644612 -0.33537114 -0.35768986 -0.15227495 -0.36569217 -0.1739851
50 0.15738611 -0.18447402 -0.2509462 0.19152005 0.11763297 0.13124755 0.3226029 -0.23203607 -0.39242855 -0.21759051 -0.059963994 -0.07066522 -0.057899356 0.1220573 0.118644185 -0.09717803 -0.32708803 -0.03190402 0.11970074 -0.079324916 0.24325491 -0.21510088 0.054457568 0.41234723 0.26710394 0.104969904 -0.44194385 -0.15817103 -0.272368 -0.2953913 -0.042044885 0.09057426
117 -0.0008302912 0.17522106 -0.26126483 0.11343246 0.13360351 0.091224924 0.24396265 -0.21326686 -0.3549599 -0.12643985 0.06202703 0.009500004 0.13168854 0.18126589 0.036643237 -0.19088219 -0.20153268 -0.15512285 0.111460984 -0.08065542 0.012245903 -0.2842519 0.07147126 0.11723089 0.15681909 0.04246243 -0.6978245 -0.1674919 -0.2541147 -0.4025417 0.13906784 0.12776665
6 -0.07066988 0.21706198 -0.14651018 0.23075476 0.14854349 0.46828833 0.27904564 -0.21468557 -0.19956453 -0.17564788 -0.028545719 0.036478266 0.023622803 0.24364729 0.094854325 -0.32701534 -0.3089557 -0.18069986 0.30822626 -0.17428903 0.13964058 -0.26092193 0.13946462 0.15942731 0.17585622 0.079003625 -0.34852228 0.07461743 -0.32121128 -0.39936873 0.06680681 0.02516088
49 -0.029530214 0.2440841 -0.27386102 0.04314381 0.14960368 0.09015554 0.22289145 -0.22954567 -0.33963293 -0.09539515 0.07211285 0.07765906 0.14299963 0.1990868 -0.017900428 -0.23145792 -0.18168917 -0.16076985 0.10241959 -0.04295217 -0.0556465 -0.28951505 0.07218162 0.02517536 0.14800389 0.010321659 -0.77373624 -0.18056002 -0.25684845 -0.38793835 0.11857512 0.09546148
2 -0.079261474 0.21429622 -0.12419368 0.24292837 0.1353089 0.51323086 0.2894171 -0.22188607 -0.19902831 -0.18594223 -0.04624974 0.05949944 0.011424833 0.27016583 0.083516054 -0.35629004 -0.31377083 -0.15143093 0.35200036 -0.2082553 0.17811455 -0.24436188 0.11723079 0.17565152 0.21257265 0.07451076 -0.28082836 0.10117351 -0.3385179 -0.37952164 0.07363191 0.008290706
90 0.08566319 0.15719424 -0.30742827 -0.2567353 0.19260457 0.29753312 0.23702249 -0.11385438 -0.25040594 -0.20219348 0.012848888 0.013048477 0.10368117 0.23276003 0.15408032 -0.19002861 -0.2984609 -0.012550808 0.0800829 0.108424634 0.14203876 -0.3952494 0.4161124 -0.11530969 0.17777367 -0.08364914 -0.5542264 -0.24674699 -0.40676793 -0.15171741 -0.3811933 -0.22292511
96 0.111440964 0.11082593 -0.30764273 -0.17251687 0.16333395 0.2666245 0.23626778 -0.14775144 -0.27823088 -0.19496034 -0.006940403 0.0009001673 0.08377131 0.20823067 0.13503654 -0.1932193 -0.29441842 -0.020363294 0.09210142 0.10268036 0.15145837 -0.3611888 0.34914264 -0.028573925 0.19208801 -0.03373779 -0.52888274 -0.25605115 -0.37457427 -0.17563485 -0.3304124 -0.18383162
115 0.035840742 0.20425019 -0.24987957 -0.12987448 0.17042388 0.25633126 0.20324753 -0.1671011 -0.29551584 -0.15396327 0.043725684 0.032180738 0.14233863 0.2147158 0.11299159 -0.21754734 -0.23684476 -0.08144097 0.09785273 0.05523651 0.09159079 -0.38212255 0.29551166 -0.06358735 0.18356371 -0.044803094 -0.5872376 -0.22054124 -0.35804656 -0.2146488 -0.21368857 -0.11350656
101 0.21504901 -0.19747178 -0.25557825 0.143084 0.12022107 0.035990637 0.30339226 -0.23052722 -0.42232865 -0.23051997 -0.060562402 -0.061159138 -0.0053898194 0.114873715 0.13828093 -0.02663004 -0.34796858 0.01161598 0.06636359 -0.02615773 0.26663378 -0.24215771 0.09636008 0.37830505 0.2613952 0.065255 -0.47917452 -0.24285905 -0.25892326 -0.23037943 -0.14026263 0.049841564
123 0.17439872 -0.20693472 -0.2620465 0.14983979 0.11137825 0.17571184 0.33575562 -0.22020057 -0.3762617 -0.24981152 -0.12073903 -0.0961597 -0.047961462 0.12450476 0.17618291 -0.07337224 -0.35144803 0.0037436793 0.11916584 -0.06013342 0.32985583 -0.22891535 0.1218001 0.41202906 0.29476577 0.10944486 -0.34359694 -0.17416976 -0.28273752 -0.25661707 -0.11029375 0.02624243
105 -0.037796885 0.11795149 -0.14783229 0.2126594 0.14640686 0.51136416 0.31809863 -0.25102356 -0.18577904 -0.20843041 -0.09260209 0.019455876 -0.046039026 0.2539262 0.10314527 -0.29590958 -0.3423669 -0.13418661 0.29793245 -0.15879329 0.20905699 -0.23168147 0.1449421 0.20954503 0.19847386 0.07932739 -0.21112739 0.091769464 -0.32073328 -0.34789017 -0.025314925 -0.02088522
42 -0.003771973 0.083567075 -0.21641836 0.17083524 0.13120261 0.16387628 0.26385933 -0.2212977 -0.31780443 -0.13673773 0.008147621 0.02029559 0.08188842 0.19284408 0.054163646 -0.22168171 -0.2561658 -0.118241936 0.15423909 -0.11484621 0.11315002 -0.2288311 0.03876198 0.21569751 0.17377226 0.042449266 -0.6121387 -0.11228592 -0.26247215 -0.40445188 0.14357208 0.12350729
84 -0.0035937831 0.19681795 -0.25388512 0.016120173 0.13934256 0.10623804 0.24015388 -0.16685224 -0.28913587 -0.12025602 0.059770416 0.019924339 0.1333392 0.20800067 0.023026207 -0.21446244 -0.18930227 -0.11234445 0.071414515 -0.011377354 0.025676657 -0.3307532 0.12609223 0.05504447 0.13875239 0.016295463 -0.7352448 -0.18131606 -0.2900436 -0.35289246 0.02833584 0.03260808
53 0.005490817 0.17334215 -0.26582405 0.0852925 0.1202655 0.063157715 0.25110263 -0.21025868 -0.33739048 -0.12717111 0.076522954 0.013013626 0.11368377 0.19284178 0.019086698 -0.20199293 -0.22632289 -0.111903645 0.09344803 -0.037921157 0.010373109 -0.25818217 0.06278377 0.1318917 0.17352834 0.013612648 -0.7190389 -0.18445821 -0.2626796 -0.38667873 0.11063206 0.11710115
122 0.0058325003 0.060603783 -0.1554924 0.24860562 0.09832082 0.42434826 0.33520886 -0.20658277 -0.21173106 -0.22868158 -0.09374133 -0.01615253 -0.03772989 0.238295 0.1497224 -0.27839586 -0.38373896 -0.09012142 0.27979288 -0.17913827 0.2671047 -0.22611353 0.10417431 0.29455057 0.2039225 0.0733498 -0.2478717 0.057013553 -0.3208531 -0.33947635 -0.029362254 0.0068858014
63 -0.09266701 0.3147254 -0.25981906 0.15795228 0.1314998 0.09616505 0.20953926 -0.22675732 -0.3152143 -0.07545691 0.11677205 0.10165068 0.14736661 0.22629954 -0.062382888 -0.27437195 -0.16124426 -0.19039078 0.1444298 -0.111820035 -0.124992296 -0.25875354 0.011663622 0.055877853 0.11058913 0.04002063 -0.84452176 -0.12687573 -0.25426888 -0.4944042 0.3183594 0.17782
10 0.1536945 0.03700291 -0.289937 -0.12377601 0.15666749 0.22203718 0.2541348 -0.14001383 -0.29794994 -0.22256865 -0.068023525 -0.04417695 0.04297416 0.19849007 0.15149178 -0.13965395 -0.30673024 -0.0161203 0.07444131 0.061202347 0.20766492 -0.3754641 0.34366262 0.099857375 0.23691942 -0.019998865 -0.46512008 -0.24930662 -0.35739556 -0.1535124 -0.32036585 -0.16467316
15 -0.055721264 0.14668308 -0.10222248 0.25935018 0.12473893 0.502362 0.34066406 -0.22633296 -0.17776486 -0.18991221 -0.07608453 0.051057655 -0.036596525 0.25588673 0.12272205 -0.33850423 -0.36254102 -0.14642796 0.36836195 -0.21279392 0.20780082 -0.20987642 0.0785404 0.2621204 0.22583362 0.080079675 -0.24006262 0.13493101 -0.3098444 -0.42563617 0.06520432 0.03271738
65 0.082840726 0.20397432 -0.28524554 -0.21581393 0.15419433 0.28436396 0.21452281 -0.09671988 -0.21719454 -0.17991823 0.02392932 0.014672442 0.0969416 0.24557558 0.110068254 -0.22083941 -0.27088764 -0.01923891 0.1243933 0.066441 0.121272065 -0.42244983 0.36875516 -0.0647308 0.16012907 -0.05402862 -0.5628767 -0.1938159 -0.39505 -0.19652738 -0.33785513 -0.18820707
4 -0.05123338 0.20168926 -0.242175 0.12247637 0.14755426 0.14212845 0.24988487 -0.23362856 -0.31554174 -0.12088113 0.0930002 0.051832784 0.1275098 0.19882819 0.0061344905 -0.24294667 -0.20367017 -0.15997502 0.13380724 -0.09058133 -0.014792393 -0.25961614 0.05616635 0.082811624 0.1451866 0.035500098 -0.71300423 -0.14782935 -0.23299146 -0.40435556 0.19595653 0.14770456
76 0.15928108 0.028412681 -0.34362382 -0.14828005 0.15097761 0.20719233 0.26255578 -0.14892651 -0.31009898 -0.23356716 -0.04058044 -0.05752795 0.017491492 0.19568832 0.17525475 -0.12871158 -0.31092098 0.011190842 0.054161068 0.06817927 0.1809945 -0.35615578 0.3447379 0.05985334 0.21496505 -0.030132083 -0.49302495 -0.26269522 -0.34846976 -0.12705559 -0.3353242 -0.1672215
78 0.10222075 0.045022927 -0.2944974 -0.0761124 0.12288911 0.15408614 0.25126222 -0.17276959 -0.34256104 -0.19776186 0.020050988 -0.035050068 0.08617022 0.16963144 0.10454235 -0.13857557 -0.2900867 -0.015704814 0.046602525 0.02695889 0.16820613 -0.3171108 0.23479983 0.102106184 0.21669602 0.0039363694 -0.55880725 -0.27080137 -0.2837961 -0.22843139 -0.19761842 -0.07124746
75 0.13155419 0.12916704 -0.32794842 -0.12074512 0.16018824 0.21677072 0.24422471 -0.16250913 -0.31325322 -0.23174766 -0.022634756 -0.038201865 0.091870494 0.22264205 0.15172912 -0.14914496 -0.26803383 -0.03490578 0.061472543 0.06761667 0.15423077 -0.3767293 0.33021894 0.025672114 0.19407809 -0.061990876 -0.55105585 -0.23380548 -0.3299332 -0.14880809 -0.29994264 -0.1635292
32 0.05156109 0.012426298 -0.19700857 0.1879597 0.122850224 0.37024313 0.3173448 -0.16139992 -0.25804695 -0.23859651 -0.078710474 -0.027695276 -0.0025232458 0.21232475 0.1494333 -0.22610152 -0.33485565 -0.08504294 0.2233306 -0.15480474 0.2577166 -0.23703904 0.12025785 0.24770601 0.23088437 0.08329925 -0.28118733 -0.0058847163 -0.33238888 -0.3211852 -0.06120024 -0.015790515
23 0.21756172 -0.22496338 -0.28061315 0.15086745 0.09617116 0.07643614 0.32176834 -0.19203372 -0.38745052 -0.24308774 -0.09137134 -0.09166649 -0.0687408 0.12301526 0.16250277 -0.05237159 -0.38585266 0.003853035 0.10435193 -0.044823725 0.31111112 -0.21231572 0.1312111 0.42436123 0.2833974 0.073835276 -0.40594777 -0.21308926 -0.27499068 -0.2403061 -0.14734203 0.052538626
59 -0.026773382 0.19720574 -0.25952652 0.09114425 0.14525415 0.07925788 0.2242859 -0.2517845 -0.32660973 -0.11331633 0.08233605 0.04121158 0.118159525 0.17691252 -0.005746244 -0.22070283 -0.23326483 -0.15110701 0.108392134 -0.050476808 0.0026365593 -0.2806228 0.06635828 0.10385226 0.15963136 0.020279096 -0.7518548 -0.1735837 -0.2563623 -0.39701372 0.16292346 0.1381267
60 -0.07665853 0.30098018 -0.27484053 0.023882318 0.15961379 0.12950848 0.20237046 -0.22198379 -0.2790183 -0.09909736 0.11993698 0.05932685 0.17377123 0.21804917 -0.011960795 -0.25049245 -0.21036896 -0.14962003 0.111807846 -0.06906567 -0.028495105 -0.29357758 0.1192889 0.007969915 0.13242404 0.016535139 -0.7506805 -0.188254 -0.27003905 -0.40868035 0.14224987 0.090517506
64 -0.007614018 0.13572793 -0.14292303 0.21956919 0.10783588 0.4851534 0.2893914 -0.2057018 -0.18808141 -0.20530993 -0.06861457 0.020459427 -0.03980327 0.2509184 0.124482125 -0.2824043 -0.33276075 -0.11933896 0.3225185 -0.18618396 0.222865 -0.22906445 0.16237539 0.2313924 0.20312205 0.06639515 -0.25535935 0.07664231 -0.31490397 -0.35818693 -0.0059305383 -0.0010729183
48 0.067544356 0.14742592 -0.27074918 -0.11446897 0.16831438 0.23856987 0.22618258 -0.15050092 -0.29129338 -0.15917403 0.0041281334 0.0038757105 0.12108624 0.22470224 0.11582033 -0.17555021 -0.2372736 -0.046969704 0.097022735 0.03586767 0.105552 -0.3885733 0.29332104 -0.006249252 0.19536541 -0.025060406 -0.5803473 -0.21667294 -0.34392303 -0.22646669 -0.24030873 -0.12629001
52 0.17048408 -0.112156115 -0.293126 0.048226893 0.12189956 0.13982865 0.29649243 -0.19823 -0.37291884 -0.2501683 -0.083872296 -0.069977954 -0.009544385 0.15264516 0.12857588 -0.09802051 -0.33452508 -0.0075140214 0.06974805 -0.0011689927 0.23220006 -0.26933324 0.15018602 0.26549518 0.27200043 0.039986026 -0.46565565 -0.24758528 -0.28466892 -0.23382731 -0.19044465 -0.01590705
44 0.119458064 -0.069226846 -0.25788006 0.113548465 0.10701323 0.077240616 0.30974418 -0.20124058 -0.36492705 -0.19750021 -0.012317967 -0.042375512 0.02512455 0.13361916 0.088347554 -0.14243236 -0.29277712 -0.049739942 0.062114645 -0.015947247 0.1837976 -0.24291293 0.09774171 0.28253362 0.21697554 0.051249143 -0.5511888 -0.20800358 -0.26144576 -0.2852923 -0.057461217 0.068151034
29 -0.089664236 0.25657082 -0.14513458 0.17982784 0.11603396 0.5076483 0.27567473 -0.21774235 -0.15048967 -0.17092201 -0.04262636 0.06998978 0.008993041 0.28739655 0.11793762 -0.40405145 -0.31027105 -0.18380988 0.3222698 -0.17484008 0.13528591 -0.23509124 0.12308171 0.124317445 0.16287376 0.049594667 -0.30826133 0.08262961 -0.3451117 -0.41362053 0.06337475 -0.014528751
27 0.097205475 0.14143784 -0.29476565 -0.098748304 0.1571035 0.24612266 0.22758472 -0.1457507 -0.2759513 -0.18226916 -0.013919225 0.01516386 0.087427594 0.20059954 0.12944053 -0.17950186 -0.27902076 -0.036376756 0.08230306 0.03429378 0.119677626 -0.34851465 0.28181937 0.030504122 0.19149485 -0.033889804 -0.54538083 -0.21863483 -0.3322138 -0.22185172 -0.23533785 -0.11959371
82 0.119360305 0.08222788 -0.27316284 -0.07537774 0.15102425 0.21971647 0.26082668 -0.1678695 -0.30397987 -0.1848661 -0.023721427 -0.009956003 0.034548502 0.16858153 0.0926288 -0.15821536 -0.31402466 -0.038159657 0.09569858 0.0230325 0.14695941 -0.3262476 0.27048415 0.058875233 0.21875258 0.008326689 -0.5079959 -0.22008072 -0.32441676 -0.23224735 -0.23675826 -0.09670661
47 -0.06077993 0.293142 -0.26876807 0.060194023 0.1096211 0.05159496 0.18706302 -0.21544687 -0.28516862 -0.046874765 0.121401235 0.06465286 0.13291208 0.18251285 -0.009795219 -0.23634246 -0.1822433 -0.15125228 0.13617039 -0.08274827 -0.08404584 -0.32678625 0.07872345 0.010108221 0.14669763 0.025885241 -0.84538054 -0.19150624 -0.27377275 -0.42623404 0.18525991 0.121896826
99 0.1566381 -0.16632278 -0.2435988 0.164119 0.092411526 0.19945869 0.3508966 -0.21505633 -0.3486145 -0.268755 -0.09826868 -0.09280235 -0.06416826 0.15460442 0.17275064 -0.14116953 -0.3637111 -0.012442261 0.13017562 -0.066096626 0.30856192 -0.19945905 0.1309385 0.3754727 0.25255808 0.08177637 -0.3390727 -0.15153313 -0.29786116 -0.278801 -0.11896764 0.007465045
91 0.2057935 -0.2385845 -0.2563079 0.17600568 0.1064403 0.11015552 0.36037076 -0.22379014 -0.39944607 -0.25778037 -0.10299584 -0.10741396 -0.09580265 0.099365175 0.1667456 -0.084495366 -0.3809739 -0.02114243 0.09798461 -0.052180447 0.3201876 -0.19744153 0.08862727 0.42291245 0.30369622 0.109965146 -0.36490375 -0.21397449 -0.28572288 -0.24404827 -0.086536065 0.04156482
102 0.28264952 -0.3390637 -0.30876032 0.11050429 0.08849229 0.033009958 0.37355226 -0.20123847 -0.42697003 -0.25647345 -0.110167496 -0.15079437 -0.11043572 0.06446662 0.18783812 0.035164826 -0.382576 0.06174355 0.026763225 -0.01075175 0.37077814 -0.24516091 0.13267235 0.4845324 0.33401948 0.09612856 -0.41455394 -0.29388484 -0.26164326 -0.22515588 -0.21347308 0.05018048
1 -0.030866671 0.14528878 -0.15186931 0.19418997 0.12793425 0.4340896 0.3068202 -0.20396669 -0.22455834 -0.21119599 -0.05935395 0.046062153 -0.020288413 0.24499333 0.09694939 -0.33205837 -0.30482647 -0.11639892 0.28385028 -0.17242649 0.18845534 -0.23267691 0.10678947 0.18484178 0.1803307 0.05959717 -0.3043389 0.03822168 -0.30293864 -0.37727845 0.04572069 -0.0007262525
54 -0.05232785 0.27756956 -0.3218037 -0.00069470354 0.13002636 0.047886718 0.21966185 -0.23211864 -0.31077588 -0.06736501 0.12826389 0.09057421 0.15763003 0.17954522 -0.009401648 -0.25196967 -0.18355875 -0.161265 0.099550225 -0.044902608 -0.1001696 -0.29057336 0.05649908 0.027137658 0.11515022 0.006659959 -0.84377897 -0.24400727 -0.23129714 -0.38202897 0.17086597 0.113076724
19 0.008346196 0.052464 -0.18922365 0.17920935 0.13138051 0.30959582 0.29861394 -0.20195845 -0.2643926 -0.22207017 -0.040647686 -0.017786982 0.02828509 0.19561513 0.10040466 -0.23328872 -0.2735298 -0.06764333 0.20341666 -0.09872205 0.19871116 -0.2404693 0.1269137 0.23075236 0.20163094 0.06445125 -0.41211283 -0.047176614 -0.3135805 -0.32377157 -0.0035634825 0.023811016
125 0.038225427 0.17395453 -0.27186853 -0.12164234 0.15893616 0.24485245 0.23017468 -0.16173998 -0.27389774 -0.15785646 0.05035622 0.03916454 0.09400184 0.21615826 0.06433774 -0.214999 -0.28531903 -0.07492515 0.13137627 0.028655158 0.05565772 -0.36008054 0.278195 -0.021616967 0.16149352 -0.0010313811 -0.56245285 -0.18601927 -0.36126003 -0.25920254 -0.16616201 -0.08899071
37 -0.038137775 0.09675161 -0.14548536 0.2731098 0.124177285 0.4465156 0.31748942 -0.22630826 -0.21134637 -0.21793796 -0.08100694 0.009143067 -0.05138702 0.2706641 0.14064676 -0.33779764 -0.35338405 -0.14427462 0.31677288 -0.17443934 0.21045968 -0.19780697 0.1104602 0.26163745 0.2198454 0.08050301 -0.23404095 0.08022117 -0.3188316 -0.35431117 0.04152823 0.015073205
95 -0.020213773 0.26653978 -0.29171503 0.04677935 0.15331402 0.053420067 0.22060809 -0.20432489 -0.35931152 -0.10901221 0.10856163 0.051398315 0.18810493 0.19421835 -0.027431453 -0.19534856 -0.13759546 -0.1387577 0.08148657 -0.04998938 -0.067082256 -0.2979447 0.095308706 0.019323818 0.11879941 0.01096815 -0.8404346 -0.22377044 -0.23684174 -0.39140344 0.15090962 0.09907818
62 -0.145802 0.3897109 -0.25017488 0.028310526 0.15247323 0.09030028 0.19076216 -0.24653852 -0.31229725 -0.032956846 0.16548157 0.1303623 0.22655886 0.20562905 -0.061220076 -0.3411541 -0.16376218 -0.19619879 0.11427636 -0.08470285 -0.1718278 -0.3223247 0.06312506 -0.06909033 0.08295463 -0.017152466 -0.9047389 -0.18945543 -0.27985194 -0.46392334 0.27850306 0.14455621
39 -0.05448494 0.20351122 -0.2232932 0.17943725 0.14254722 0.16855966 0.22998169 -0.24471545 -0.28875872 -0.10096316 0.04759897 0.048406728 0.119623266 0.19235015 0.016072173 -0.23604873 -0.22175176 -0.17991821 0.15219207 -0.10260352 0.014304395 -0.25573817 0.058133554 0.16124138 0.20313816 0.054644518 -0.64145374 -0.12340964 -0.24011879 -0.42998725 0.19592988 0.13856912
98 0.07124662 0.21995449 -0.34149227 -0.20549375 0.1538443 0.21002567 0.22083928 -0.12667112 -0.28890482 -0.16115828 0.046035834 0.007410774 0.13029358 0.20457405 0.10801156 -0.19553062 -0.22584732 -0.045579396 0.07668493 0.06032963 0.052201837 -0.43500856 0.31295216 -0.109066874 0.16574468 -0.0418879 -0.63793945 -0.2631167 -0.32741195 -0.19376546 -0.25335076 -0.16443543
8 0.03436696 0.059308045 -0.16116954 0.2369253 0.11722696 0.38746837 0.28575212 -0.23458198 -0.21963087 -0.20598905 -0.08782095 -0.0075692125 -0.018071199 0.22216484 0.13393421 -0.28476784 -0.36071244 -0.10647544 0.26616216 -0.15254621 0.23422152 -0.22411373 0.11010272 0.27787942 0.22058426 0.06656388 -0.2769891 0.02471084 -0.3002118 -0.35396323 0.0066926614 0.02250806
126 -0.03126956 0.13375214 -0.1442879 0.2266376 0.1343393 0.38147345 0.31012243 -0.2109088 -0.19323769 -0.187608 -0.07539099 0.03704134 -0.02557793 0.24156621 0.113084756 -0.31015646 -0.321493 -0.16390131 0.3096855 -0.17271756 0.18050632 -0.21069562 0.098935224 0.22853765 0.22137617 0.06371377 -0.33294818 0.029015241 -0.31298608 -0.40338075 0.042150255 0.026969614
112 0.11791566 -0.09759232 -0.24772389 0.17905554 0.11971491 0.07843719 0.28435025 -0.23952855 -0.3910324 -0.18707432 -0.030451195 -0.05171546 0.023228634 0.11385903 0.08615021 -0.09437296 -0.32321164 -0.043028418 0.0834285 -0.07096631 0.18096797 -0.20395277 0.069855236 0.32489994 0.21262662 0.0686169 -0.5364267 -0.18294714 -0.24459031 -0.34354964 0.020153364 0.1289624
5 0.1921127 -0.1945395 -0.25960574 0.20533404 0.14781949 0.14181565 0.34218514 -0.2643941 -0.40837827 -0.26364163 -0.09120402 -0.058285005 -0.045111645 0.14127193 0.12213599 -0.059843548 -0.35466984 -0.011198122 0.08775415 -0.06749087 0.2505387 -0.19020276 0.07049679 0.4145776 0.28183106 0.08370155 -0.3803288 -0.19855632 -0.23844513 -0.26354182 -0.09412808 0.067479864
38 -0.008926564 0.25958854 -0.25916395 -0.0017902281 0.13503739 0.17688517 0.20412835 -0.18185504 -0.25581968 -0.111415096 0.07417042 0.064696535 0.15032347 0.21604268 0.02464604 -0.23595119 -0.23384072 -0.118833765 0.14465708 -0.06365201 0.027517075 -0.30877417 0.14097166 0.012196777 0.15434514 0.0015187591 -0.7017497 -0.18651588 -0.28932688 -0.34494284 0.031627595 0.040366534
22 0.016653903 0.057605665 -0.1863359 0.17239974 0.10858984 0.32090017 0.31973222 -0.20203605 -0.21992274 -0.20387106 -0.057462096 -0.01703932 -0.018151144 0.23110127 0.100792035 -0.25547805 -0.3215935 -0.1061346 0.25630325 -0.09521158 0.1801234 -0.22651096 0.1355787 0.24588685 0.2096252 0.06960313 -0.3580955 -0.0058353315 -0.3199849 -0.34052277 -0.02750262 0.010121996
118 -0.032364074 0.123726726 -0.13283229 0.2171044 0.11180147 0.42726088 0.29128468 -0.22877659 -0.21920352 -0.19029623 -0.053941723 0.015299754 -0.017021298 0.2428226 0.099396415 -0.31431144 -0.31933656 -0.1403041 0.28116375 -0.15878412 0.17519706 -0.20731458 0.08949381 0.24782863 0.20523447 0.066488944 -0.2917203 0.059483726 -0.32536426 -0.36002427 0.04088881 0.022005185
72 0.18331271 -0.06456779 -0.33813524 0.010805576 0.12564108 0.10229458 0.27095082 -0.17019977 -0.37818912 -0.19768143 -0.033445235 -0.065748096 0.052337725 0.17552474 0.14551924 -0.07894444 -0.30036703 0.006855143 0.046074145 0.04145712 0.20607118 -0.29817587 0.21501744 0.19149974 0.21469581 0.0139170345 -0.55366623 -0.2848165 -0.28446484 -0.21196526 -0.1880423 -0.031848617
24 0.19305743 -0.25922632 -0.31875247 0.18770911 0.111143164 0.08962 0.37030908 -0.20977856 -0.45262665 -0.28838292 -0.10945831 -0.087486 -0.032351457 0.12594168 0.14356707 -0.022323158 -0.3486758 -0.0046412246 0.07168049 -0.045246553 0.29974452 -0.19247851 0.070602976 0.40484282 0.2854703 0.11034975 -0.39023754 -0.21760885 -0.24090703 -0.25637296 -0.090198845 0.08832153
121 0.15980187 -0.1316667 -0.2234491 0.17911756 0.100114495 0.22241175 0.31345406 -0.19639622 -0.30486137 -0.23438235 -0.12939933 -0.093787745 -0.05483797 0.15626004 0.15117556 -0.12994498 -0.3579469 -0.037165944 0.17134908 -0.09731873 0.29350343 -0.22452192 0.12783332 0.3923101 0.2577104 0.07943264 -0.34056896 -0.11514511 -0.28030086 -0.28479987 -0.11742679 0.03229278
83 0.11353999 0.15042973 -0.34073645 -0.17764713 0.16707629 0.16024253 0.25957438 -0.14290275 -0.3276011 -0.20083134 0.025579698 0.012291529 0.10948066 0.20598064 0.09724961 -0.20574483 -0.249674 -0.031418927 0.034792524 0.09286146 0.094673075 -0.37388903 0.30868414 -0.054956026 0.18271866 -0.02721564 -0.63308287 -0.27240756 -0.35802042 -0.19210944 -0.25364432 -0.11892398
88 0.14918773 0.092302434 -0.33575523 -0.22859435 0.19162162 0.22492962 0.2543961 -0.11851764 -0.31528363 -0.21759821 0.0066320365 -0.04064535 0.09654432 0.20210677 0.1476488 -0.13568866 -0.28900328 0.015609176 0.0081970375 0.11955984 0.16741917 -0.41418868 0.37799034 -0.04885514 0.1820134 -0.05156627 -0.5736013 -0.2916122 -0.34791306 -0.10427794 -0.38215297 -0.1955692
106 0.011131902 0.17169058 -0.2772139 0.00070519676 0.15286544 0.16672572 0.2614367 -0.18693265 -0.2974186 -0.11389546 0.06436145 0.034994286 0.11693488 0.17558315 0.036634825 -0.26388827 -0.2618034 -0.113219894 0.114753604 -0.024073748 0.022099046 -0.27705124 0.13459457 0.03938018 0.16664635 0.02242498 -0.65283996 -0.19030504 -0.2916237 -0.32964456 0.051083047 0.027359758
70 -0.11144691 0.21103323 -0.11540699 0.26156676 0.13699228 0.55630696 0.31777605 -0.24491873 -0.11142018 -0.17313705 -0.052985787 0.046061605 -0.0029920824 0.27479267 0.10296729 -0.38728708 -0.36322102 -0.1643446 0.40339395 -0.19584292 0.1816038 -0.23024255 0.091826394 0.20210588 0.18912685 0.09458168 -0.25007898 0.18843482 -0.3228406 -0.44012338 0.109277375 0.012157043
41 0.12530576 0.09085633 -0.30382627 -0.16068421 0.14606819 0.21579659 0.25000125 -0.12789087 -0.2971215 -0.2103599 -0.018013982 -0.027402844 0.09751417 0.22155356 0.12928076 -0.158004 -0.2917969 0.011135858 0.08061025 0.086415835 0.1609796 -0.36089513 0.34055692 0.032800894 0.18665007 -0.014596801 -0.5550523 -0.23808077 -0.32378137 -0.19729353 -0.31283715 -0.14235586
77 0.18270211 -0.037252035 -0.32799333 -0.095397905 0.1257787 0.16497234 0.29429576 -0.13941579 -0.31858313 -0.23813197 -0.032219965 -0.05257937 0.012448519 0.15442105 0.15061513 -0.13929194 -0.34577638 0.01672908 0.06862779 0.049281515 0.19123462 -0.34972546 0.26872867 0.12633789 0.22850887 0.008960321 -0.4752532 -0.27889946 -0.31949985 -0.20243298 -0.28663608 -0.12760888
17 -0.04775726 0.18904655 -0.15327775 0.19873376 0.13581967 0.38601086 0.2656447 -0.24815416 -0.21992543 -0.15993159 -0.052378558 0.036391288 0.0063965 0.2519669 0.08692023 -0.32516223 -0.33423635 -0.15153956 0.28321958 -0.16330421 0.12451879 -0.2607144 0.118806444 0.14232768 0.20556505 0.057989027 -0.37286395 0.04762861 -0.29179853 -0.37183094 0.030926444 0.03344443
61 0.12964492 0.061075605 -0.30474788 -0.12162835 0.167415 0.1484589 0.2750139 -0.17055157 -0.33048305 -0.21957867 0.0014409943 -0.0025799258 0.07059159 0.16067582 0.09320794 -0.15840742 -0.27025217 -0.004363481 0.04662473 0.06656219 0.1177721 -0.35090095 0.27118626 0.04235898 0.18319845 -0.0036012933 -0.5519854 -0.2906548 -0.3359603 -0.21255945 -0.27446502 -0.1368109
16 -0.0020896883 0.056128737 -0.15385282 0.2250419 0.113959365 0.4052378 0.31968418 -0.21584629 -0.23477365 -0.21074523 -0.09848111 0.008919853 -0.038235128 0.23802283 0.12254804 -0.25914958 -0.36113006 -0.11479132 0.29868385 -0.14478445 0.2322071 -0.21735227 0.14618434 0.24297191 0.19068576 0.071800955 -0.26888084 0.044672906 -0.29635832 -0.3255059 -0.005878373 -0.005035176
87 0.12259537 0.069123484 -0.2751053 -0.13761804 0.17064755 0.27890617 0.24883744 -0.13216245 -0.26453573 -0.22412242 -0.047468916 -0.03191054 0.053529534 0.20646662 0.15294892 -0.16513045 -0.3040794 -0.0054265414 0.09019297 0.030937893 0.18791595 -0.39438906 0.344727 0.00426574 0.21717077 -0.018463936 -0.46310306 -0.22250018 -0.37756422 -0.15149818 -0.3699217 -0.2022212
35 -0.03499808 0.26299712 -0.23445724 0.07969852 0.17295146 0.095738165 0.23725352 -0.24397323 -0.3476714 -0.12132242 0.11432285 0.074884064 0.17366499 0.20938286 -0.030525627 -0.20932865 -0.14710322 -0.1626706 0.082991086 -0.031777553 -0.07740969 -0.27737227 0.033606708 0.05208039 0.12031589 0.013059394 -0.83828366 -0.19763865 -0.2359485 -0.41406298 0.21694547 0.16929768
9 0.14985283 0.08855857 -0.31950992 -0.1582364 0.18039827 0.18606457 0.2567184 -0.14944366 -0.32857946 -0.23189649 -0.02520043 -0.021130815 0.056365546 0.22277229 0.120775126 -0.16381025 -0.2918332 0.01075894 0.060227964 0.10124158 0.14837156 -0.35481167 0.30756214 0.0042097447 0.2232236 -0.034467492 -0.52229804 -0.28221545 -0.35267195 -0.14487252 -0.31592244 -0.14809372
110 0.14350408 -0.08014622 -0.26742002 0.12839678 0.124692366 0.13722913 0.30428404 -0.2269158 -0.36991316 -0.19656785 -0.04987656 -0.0336595 -0.0101555595 0.1527966 0.10496933 -0.096455544 -0.3514814 -0.02718559 0.12255722 -0.0625031 0.22109044 -0.21523032 0.1226547 0.32915005 0.2353912 0.081033476 -0.46382707 -0.19883285 -0.27804083 -0.28490505 -0.08218198 0.044056017
73 0.10564341 0.14079593 -0.3262294 -0.12163565 0.14328627 0.25223145 0.23743692 -0.14928858 -0.3202389 -0.18793477 -0.0050551533 0.0097061265 0.11061446 0.21735159 0.13320957 -0.18474191 -0.28614488 -0.03529229 0.084727414 0.06216936 0.109153084 -0.36594614 0.2990334 -0.0002570112 0.18771745 -0.017102715 -0.50105864 -0.23074092 -0.34875557 -0.19079126 -0.2939297 -0.169029
40 -0.100499235 0.19732727 -0.078825764 0.27838114 0.12691578 0.51555204 0.30370942 -0.23823927 -0.13852555 -0.18762799 -0.05920348 0.036759794 -0.021248922 0.27649385 0.11666906 -0.38714626 -0.35099304 -0.17366359 0.3612858 -0.22777528 0.17141081 -0.20439881 0.09713646 0.21933234 0.22012568 0.05715046 -0.2539905 0.11874945 -0.3513412 -0.3993858 0.092351295 0.025036542
31 0.21289353 -0.2367641 -0.2790971 0.2237717 0.10235668 -0.017898884 0.33552796 -0.23381644 -0.4372074 -0.21387817 -0.07623641 -0.10681615 -0.037335705 0.096449785 0.10003182 -0.015758008 -0.35427925 -0.032523464 0.054972723 -0.080568746 0.27092233 -0.20845802 0.056442413 0.44260764 0.27224213 0.09152806 -0.49548706 -0.23672691 -0.22466427 -0.2848603 -0.03699744 0.14146517
97 -0.045622688 0.21691513 -0.27444604 0.07392125 0.13670291 0.16625145 0.23941143 -0.2246053 -0.2719324 -0.12588038 0.06708768 0.06267169 0.12838766 0.1926058 0.0013854641 -0.26469064 -0.22676733 -0.1280217 0.12920979 -0.07516558 0.006828427 -0.2833556 0.102350436 0.055594217 0.15060972 0.008593518 -0.6678577 -0.16548775 -0.28264663 -0.3951112 0.119372584 0.07023735
67 0.18907729 -0.14632946 -0.2921656 0.015427313 0.120298915 0.13029549 0.33120963 -0.17462444 -0.37694 -0.24801531 -0.0675107 -0.059535358 -0.029963931 0.14017765 0.14718787 -0.08568569 -0.3351464 0.044660773 0.078601316 0.0107429195 0.26873532 -0.28476217 0.16648029 0.30542877 0.24769995 0.06914507 -0.4389963 -0.25255755 -0.28892618 -0.20788567 -0.22584397 -0.046071503
13 -0.1239962 0.2527691 -0.09080215 0.31775087 0.1347969 0.6000873 0.32090625 -0.23188725 -0.11168014 -0.17474712 -0.042105954 0.078953914 -0.03770033 0.29154065 0.10043332 -0.43435705 -0.32638094 -0.21373291 0.41825807 -0.25190768 0.14408563 -0.19214627 0.08897275 0.19580819 0.20479901 0.09062912 -0.23374668 0.19768256 -0.32738882 -0.47583285 0.15441488 0.029074484
14 -0.053474102 0.17486335 -0.2325079 0.1100223 0.11059616 0.12312002 0.23324655 -0.20581226 -0.28792265 -0.10766896 0.08093642 0.03043486 0.09261758 0.1799374 0.003980859 -0.23227374 -0.20819102 -0.14435127 0.15349296 -0.10994461 0.0085652545 -0.25013414 0.0622482 0.1215084 0.14539267 0.055286992 -0.70811033 -0.13125232 -0.27252024 -0.43884477 0.16661486 0.097204566
12 -0.035094317 0.10699467 -0.1819963 0.16668631 0.10488557 0.3987627 0.304524 -0.20545004 -0.18673189 -0.17523445 -0.050365612 0.021365147 0.008735905 0.21911183 0.119670205 -0.33626387 -0.32806045 -0.124419734 0.29433098 -0.14002736 0.16549386 -0.24988568 0.12578347 0.21278253 0.19536902 0.06362168 -0.3490667 0.022189468 -0.32202998 -0.3648968 0.023904944 -0.019767785
111 0.13691297 0.115483135 -0.316823 -0.21882237 0.14724061 0.24470262 0.21986674 -0.099042244 -0.24484791 -0.20948292 -0.03107981 -0.026957808 0.074456856 0.22443838 0.15666261 -0.16792658 -0.31463486 0.027544744 0.08374227 0.07872699 0.17350465 -0.41541898 0.4028825 -0.048736155 0.19103812 -0.036632784 -0.50335896 -0.25793436 -0.4171972 -0.15553525 -0.42016274 -0.22007157
120 0.09648237 0.14770001 -0.28769702 -0.12366044 0.13667957 0.29185 0.23994733 -0.14287478 -0.25418025 -0.18651134 -0.03616028 -0.0018083261 0.07373367 0.22274967 0.1363949 -0.23882616 -0.30674797 -0.055525277 0.12826583 0.046601366 0.140887 -0.36312634 0.32684055 -0.0121660745 0.17883039 -0.028549757 -0.47970724 -0.1773735 -0.33770895 -0.19724132 -0.26603153 -0.16911446
71 0.07828471 0.08467174 -0.30198643 -0.054215353 0.15867127 0.21360375 0.2676172 -0.18531726 -0.31402576 -0.1753937 -0.012896664 -0.012745034 0.05631195 0.18955255 0.09788443 -0.14363652 -0.29293028 -0.02487251 0.096069686 0.00046303414 0.13996781 -0.33791974 0.25171632 0.072478995 0.20560735 0.0008659681 -0.5286252 -0.2122718 -0.3251041 -0.21253645 -0.19230644 -0.073042795
116 0.09842559 -0.060821895 -0.22254111 0.21012081 0.095502175 0.119962364 0.2881695 -0.24239494 -0.3507302 -0.1986735 -0.05823213 -0.03573607 -0.021634145 0.13769579 0.071282 -0.12581083 -0.29476243 -0.059891887 0.12550059 -0.11322107 0.22238915 -0.2405401 0.07377989 0.36433733 0.23878482 0.078449085 -0.48504075 -0.1323764 -0.26688743 -0.32793579 0.0070817503 0.08987299
57 0.083619595 0.10186271 -0.26448536 -0.024264706 0.13185737 0.28639397 0.25649634 -0.17783555 -0.29205823 -0.2240647 -0.0019424406 0.01487159 0.057418667 0.17982404 0.120304845 -0.19594081 -0.2921439 -0.03702411 0.15366952 -0.029166156 0.16389266 -0.33886206 0.23677027 0.1038579 0.18354751 0.015240439 -0.43910298 -0.14122295 -0.31796387 -0.25587547 -0.17991503 -0.08509492
94 -0.03276803 0.16987532 -0.2036904 0.2013694 0.12686215 0.14958091 0.27035463 -0.25208768 -0.29881918 -0.107316546 0.057885934 0.023067866 0.10177153 0.17715938 0.0008795414 -0.19740267 -0.22874795 -0.15375818 0.13432173 -0.14158882 0.050418116 -0.24887082 0.020484893 0.15923129 0.16388997 0.05184307 -0.67483646 -0.08310677 -0.24121858 -0.42481703 0.19741724 0.16554472
93 0.17320867 -0.18701859 -0.31073514 0.11001153 0.11772588 0.062976114 0.3393955 -0.2301269 -0.44622964 -0.23863403 -0.08954521 -0.05521436 -0.029165994 0.09404897 0.116476744 -0.06573772 -0.33149198 -0.015613789 0.05871422 -0.0019059477 0.24544668 -0.2133556 0.1125268 0.37290868 0.26600716 0.087039106 -0.45750555 -0.26127535 -0.24232867 -0.24795493 -0.09961517 0.0474117
66 0.11617082 0.11539995 -0.3085832 -0.15817316 0.15618744 0.20044011 0.2269784 -0.13839146 -0.27639124 -0.22093259 -0.016180882 -0.00796444 0.07404978 0.22903994 0.13076559 -0.18232246 -0.26822177 -0.008857143 0.078313336 0.083454564 0.1441951 -0.37588528 0.35124025 -0.024153117 0.17822438 -0.041868284 -0.54915196 -0.2578496 -0.35891512 -0.1645775 -0.35102257 -0.19737013
103 0.21224236 -0.19083871 -0.2851983 0.10877158 0.11492762 0.07382132 0.33282843 -0.1899114 -0.4026964 -0.24208625 -0.064319685 -0.070195876 -0.053807802 0.12673588 0.14048411 -0.047557503 -0.3335341 0.025504276 0.08328635 -0.036755368 0.26782608 -0.23645976 0.075066924 0.36734194 0.27393213 0.10650839 -0.44339815 -0.23776712 -0.24708822 -0.25850886 -0.13149492 0.06926532
30 -0.05933329 0.3271457 -0.24731903 0.009980402 0.12770793 0.13608283 0.21869887 -0.22276758 -0.3059045 -0.06704969 0.114492215 0.08811175 0.18608059 0.18605363 -0.02631257 -0.2440115 -0.1930073 -0.1431432 0.14379266 -0.0691989 -0.080269426 -0.34164146 0.10434669 -0.040019423 0.12819158 0.015575792 -0.78648454 -0.20694764 -0.25901407 -0.41328052 0.14873941 0.094139725
21 -0.0035341054 0.075944975 -0.18717742 0.15506768 0.13927446 0.3587819 0.3069855 -0.19710074 -0.22997639 -0.19400658 -0.0759785 0.023305828 -0.0009804899 0.23765106 0.10525262 -0.26875198 -0.30651465 -0.10946127 0.23853414 -0.12462477 0.20719053 -0.25217304 0.12050337 0.20266731 0.21517606 0.086468734 -0.33475855 -0.017922089 -0.3380925 -0.3465787 -0.043374013 -0.01679464
43 -0.0061508194 0.18992612 -0.24198979 0.059300147 0.12925121 0.025996113 0.24124248 -0.24816431 -0.3460191 -0.105585605 0.09217076 0.034974657 0.14672674 0.15514332 -0.012835912 -0.1960543 -0.1747561 -0.17049184 0.072165914 -0.02744097 -0.030275963 -0.2884712 0.057812635 0.10498814 0.14621434 0.024461774 -0.81636536 -0.23968008 -0.2582016 -0.40038595 0.17989725 0.13340518
85 0.235488 -0.22061095 -0.3010736 0.15570351 0.097549684 0.01625498 0.29974627 -0.22923146 -0.41771698 -0.23405726 -0.08242081 -0.09757837 -0.03997964 0.10942968 0.13783102 -0.009992559 -0.36300054 -0.0015786221 0.05129953 -0.0143404165 0.26021996 -0.22288439 0.11407062 0.4234023 0.2734279 0.08970065 -0.47802687 -0.26875433 -0.24401145 -0.22350214 -0.11464 0.06270259
18 -0.060034357 0.17155348 -0.1743945 0.22022231 0.13351828 0.4762634 0.29982483 -0.21941459 -0.20076773 -0.1922887 -0.056910075 0.03936821 -0.023543226 0.254395 0.09437522 -0.3202786 -0.34967303 -0.14484349 0.3397574 -0.1739577 0.16448732 -0.24890237 0.094080195 0.20983796 0.19021744 0.09491586 -0.28194764 0.08680826 -0.3061212 -0.38002032 0.055364102 0.026843553
46 -0.015675519 0.20219378 -0.24349818 0.07960026 0.14156789 0.09520461 0.22296189 -0.22282062 -0.33174315 -0.13674456 0.06588009 0.039157704 0.15931673 0.21109186 0.004990824 -0.21718702 -0.18531786 -0.14748508 0.106246196 -0.060467307 0.000586502 -0.290146 0.10764674 0.06675648 0.15762685 0.01718403 -0.7429641 -0.17773591 -0.27711278 -0.3773071 0.10336595 0.082869224
33 0.17504561 0.023849731 -0.35260716 -0.23304361 0.16919467 0.18266213 0.24304494 -0.105501145 -0.3236851 -0.21816796 -0.042575646 -0.05707697 0.06847151 0.19564223 0.17481928 -0.12731785 -0.31377697 0.035043303 0.02344373 0.11870902 0.19245622 -0.4071041 0.40945354 -0.0023685058 0.21328856 -0.06156222 -0.5522516 -0.3378171 -0.36735567 -0.10881597 -0.42804426 -0.22441366
45 -0.023390086 0.2000967 -0.2524979 0.10051944 0.11154461 0.12025405 0.23779681 -0.22315527 -0.32425374 -0.09756899 0.048351116 0.047997277 0.10147258 0.18373182 0.0014128957 -0.25571063 -0.23681419 -0.12319895 0.15743391 -0.074733615 0.004344177 -0.27185985 0.08496026 0.108592145 0.18342903 0.026773307 -0.65081626 -0.13664244 -0.28025153 -0.38717166 0.09480413 0.09539121
119 -0.07393857 0.30248055 -0.24011889 0.058767457 0.14081562 0.16640206 0.23799157 -0.22173797 -0.26380205 -0.10693625 0.09150497 0.07798098 0.13583456 0.23468418 0.0067873537 -0.28133854 -0.21046695 -0.16230182 0.16482684 -0.05715409 -0.059536263 -0.2823034 0.0954682 -0.0034153769 0.16520627 0.017733624 -0.7312663 -0.13825046 -0.26301387 -0.40105152 0.13924627 0.096716866
55 -0.056772485 0.23521616 -0.2227922 0.099414885 0.13128228 0.10282651 0.20908499 -0.21363203 -0.2882965 -0.0890803 0.096648395 0.0841156 0.14820893 0.19495077 -0.018516628 -0.26588333 -0.15855587 -0.15869427 0.11909229 -0.06852405 -0.053292144 -0.29713202 0.042826448 0.05935074 0.15163212 0.038692746 -0.8097685 -0.17315364 -0.27164006 -0.4477372 0.22429389 0.14276227
109 0.23384689 -0.23150375 -0.31768587 0.117733575 0.12480566 0.07367084 0.36132258 -0.19744103 -0.4099268 -0.27658734 -0.07095467 -0.09639576 -0.052332677 0.1162012 0.12984979 -0.026941018 -0.38635856 -0.0045757894 0.06503622 -0.0013105778 0.29420984 -0.1998106 0.12928855 0.39987996 0.26860765 0.07104094 -0.45167938 -0.2675022 -0.23338553 -0.24822488 -0.14898723 0.04891623
92 0.13796923 -0.1268568 -0.2617522 0.097901076 0.13041374 0.15757076 0.3328962 -0.19389592 -0.40364268 -0.250176 -0.048594486 -0.04409299 0.0071079177 0.12843317 0.1364273 -0.08327241 -0.30711597 -0.03866392 0.073351696 -0.022146078 0.23925135 -0.21401851 0.10657986 0.3306892 0.2747233 0.09428015 -0.46311337 -0.21841596 -0.2598638 -0.24266306 -0.094414845 0.033196058
80 0.027174536 0.16068348 -0.2538597 0.108263895 0.14175439 0.07415121 0.24634227 -0.23264746 -0.3981406 -0.15331404 0.06340761 0.04564382 0.15547702 0.17231853 0.018222945 -0.1890853 -0.17483678 -0.12876268 0.076912716 -0.05583963 -0.012936983 -0.27028495 0.0722782 0.13828781 0.17951465 0.050799754 -0.71255755 -0.20316266 -0.21911359 -0.380037 0.1220523 0.10776679
7 -0.06834894 0.20391646 -0.12148041 0.18904002 0.1310433 0.5247301 0.31821743 -0.20481916 -0.15119901 -0.20518613 -0.050985925 0.029121904 -0.020253306 0.28928995 0.1465803 -0.34641153 -0.36364084 -0.13811763 0.35926846 -0.16239262 0.203941 -0.252195 0.1536484 0.14237441 0.20865953 0.06599001 -0.22873098 0.09987982 -0.36664835 -0.35663226 -0.000794262 -0.032225076
114 -0.029877538 0.12439635 -0.17099778 0.22071408 0.11816847 0.39893603 0.27782103 -0.23546016 -0.20593612 -0.22668573 -0.036364652 0.041505963 -0.01754245 0.25323987 0.09307048 -0.2776201 -0.29808158 -0.14641987 0.30708322 -0.1654056 0.1496994 -0.21015207 0.12543921 0.22776727 0.22014333 0.06454019 -0.34601486 0.048613545 -0.3157671 -0.3702461 0.049114652 0.021306587
