128 32
35 -0.013790127 0.26493254 0.096599475 0.30591726 0.22615303 0.04174118 0.0009307134 -0.0930361 0.39381984 -0.2811088 -0.27734858 0.2801409 -0.13157552 -0.010453922 0.19958241 0.15514944 0.054877564 0.09284523 -0.18399365 -0.51467544 0.33538136 -0.34844822 0.24214077 -0.14432295 0.1438791 0.094126835 0.15766348 0.20955813 -0.060757454 -0.11410046 -0.06922766 0.052649416
108 0.1369087 0.30226785 0.10200531 0.15499194 0.105620764 -0.18702331 -0.13314669 -0.106008545 0.39086825 -0.35434613 -0.2401562 0.3750391 -0.18101901 0.095430896 0.28569543 0.22525011 0.061322052 0.057177287 -0.19021714 -0.37233528 0.2229395 -0.3801057 0.23036721 0.04364295 0.015344416 0.08736489 0.21637 0.24024186 0.04780677 0.013352471 -0.06820335 -0.06807841
97 -0.036936052 0.2779088 0.08942528 0.28524357 0.2420997 0.03821216 -0.0098144505 -0.07645119 0.4334878 -0.30867088 -0.28995708 0.28747034 -0.12082246 -0.046682544 0.17170155 0.20029247 0.05594095 0.08798586 -0.18992732 -0.52695626 0.30989805 -0.36001942 0.19595464 -0.1514909 0.159269 0.07619202 0.1836873 0.28239682 -0.03774414 -0.13735959 -0.09519722 0.031549457
109 0.1627583 0.093869545 0.07602936 0.23374672 -0.115645 -0.009875288 -0.26868585 -0.18653789 0.4161268 -0.20347765 -0.31357038 0.2989409 0.028041758 -0.02564914 0.35377106 0.2479056 -0.09925428 0.12079953 -0.13358645 -0.28651235 0.1255122 -0.55138236 0.29494205 0.10563208 0.14824665 -0.052049592 0.11646981 -0.123038076 -0.11376493 0.023483822 -0.2321062 0.14324515
118 0.22645746 0.3494337 0.093596905 0.34636074 -0.051153228 0.049129855 -0.19351569 -0.1375335 0.3711968 -0.1381169 -0.09032062 0.21827188 -0.24653286 -0.055738583 0.41983914 -0.03130992 0.05347262 0.38379803 -0.05165451 -0.29235148 0.34812728 -0.2916196 0.33791697 -0.08515356 0.19400424 0.055486552 0.12819277 -0.15285762 -0.28636134 0.10487506 -0.20624794 0.008844265
116 0.13618554 0.10765759 0.06737053 0.20646988 -0.09861256 -0.002875382 -0.23885141 -0.17389208 0.40339968 -0.1998144 -0.2856452 0.29259008 -0.029265832 -0.042563 0.35842025 0.18314733 -0.04476965 0.20112193 -0.12529486 -0.29699004 0.17579687 -0.52728325 0.30808538 0.0760123 0.14619035 -0.00030658967 0.08086875 -0.12565279 -0.12059924 0.070176505 -0.18672936 0.10259407
63 -0.0028649827 0.35985202 0.08985798 0.3010501 0.3336363 0.0052638254 0.0058961157 -0.09030163 0.4059686 -0.33192873 -0.28832442 0.29705116 -0.16147065 -0.025168734 0.15806967 0.14911868 0.111187026 0.05513431 -0.24084641 -0.5669177 0.3782316 -0.3027088 0.17276442 -0.13438839 0.1354675 0.117424525 0.18327075 0.33743697 -0.045728017 -0.13604863 -0.030676283 0.0013492989
77 0.13604748 0.22375268 0.08924237 0.15448368 0.045079518 -0.15534514 -0.18642828 -0.07764975 0.42087966 -0.33626893 -0.23927462 0.37774304 -0.18710151 0.08752919 0.30720377 0.24017787 0.022974314 0.069831416 -0.18579249 -0.36336896 0.20307378 -0.42940181 0.22355801 0.093691364 -0.0019837455 0.13252892 0.16761553 0.20546657 0.06487395 -0.00029532184 -0.08267513 -0.031805873
20 0.02176873 0.2165861 0.078987114 0.24080546 0.20754111 -0.019077633 -0.08236517 -0.0907431 0.38212827 -0.26430285 -0.32650384 0.34500226 -0.0394566 0.005454011 0.20282932 0.24645996 0.02664483 -0.015337186 -0.20616415 -0.4767059 0.25130737 -0.48704886 0.19570656 -0.051828615 0.11146388 0.058281098 0.12338979 0.2223319 -0.0055871448 -0.09226928 -0.13657752 0.08662039
67 0.055379804 0.30271617 0.10436972 0.292305 0.19874832 -0.008840103 -0.04810519 -0.094030835 0.38279545 -0.30191636 -0.24318472 0.30249503 -0.12128413 -0.004120367 0.22585355 0.16205458 0.040784903 0.10096454 -0.16711038 -0.45733777 0.28895432 -0.34926075 0.22049077 -0.075172156 0.13867745 0.06197325 0.18323499 0.22425407 -0.07893674 -0.06431757 -0.1027086 -0.008710347
51 0.05136619 0.07372781 0.06983951 0.2529236 0.034887284 0.06253917 -0.177651 -0.15308176 0.40476313 -0.19733088 -0.3778141 0.30175483 0.033481322 -0.09222714 0.28330937 0.25298083 -0.061096314 0.08006325 -0.15471512 -0.36593083 0.17175673 -0.5728312 0.23365316 -0.0111738425 0.2234622 -0.0636358 0.077685915 -0.03058296 -0.114633776 -0.053577743 -0.20657109 0.20905328
60 0.023422133 0.19385439 0.08006226 0.29023966 0.1342005 0.06831744 -0.04943614 -0.10566207 0.40544298 -0.24486193 -0.28791335 0.26754433 -0.059813917 -0.030490953 0.23348902 0.15846139 0.028956423 0.106193736 -0.17176238 -0.4911959 0.27721852 -0.427728 0.2791776 -0.10056984 0.17254663 0.066262275 0.117611095 0.11439105 -0.09106617 -0.08791774 -0.15400958 0.07291702
2 0.21132292 0.20114282 0.06382242 0.16205366 -0.060708374 -0.18889263 -0.27593547 -0.13931844 0.38544515 -0.3118508 -0.21995082 0.36163402 -0.15731898 0.11476474 0.35269898 0.24123895 -0.0078080073 0.09717838 -0.14559114 -0.2674427 0.13237724 -0.50352824 0.22512728 0.17720924 -0.01974227 0.06346402 0.20529231 0.07202907 0.07688107 0.07590536 -0.16339245 0.0045873043
14 -0.00036473438 0.24926713 0.10398274 0.25641763 0.21357201 0.025171345 -0.055235453 -0.087434225 0.42415732 -0.22414869 -0.2922824 0.29930475 -0.08415539 -0.036428567 0.25691748 0.18479513 0.018991018 0.10594263 -0.16107032 -0.47743997 0.28840122 -0.39121372 0.24814554 -0.107146494 0.16471864 0.07364079 0.15254457 0.16578434 -0.05607976 -0.07081885 -0.10718857 0.041600183
78 0.039194714 0.049708672 0.039006304 0.28419226 -0.02129747 0.10886599 -0.21471399 -0.19947287 0.40289712 -0.16677605 -0.41564512 0.3089021 0.11913516 -0.121815674 0.2565925 0.25962248 -0.058328465 0.0479724 -0.13685441 -0.34320113 0.13307674 -0.6418986 0.24351326 0.017994987 0.20387968 -0.0757599 0.07174637 -0.0849671 -0.07085802 -0.040683094 -0.2677767 0.28098089
102 0.10511774 0.08509599 0.04937001 0.22284608 -0.058320537 0.05040158 -0.22208318 -0.17204407 0.39779556 -0.15775803 -0.31093496 0.29299173 0.019351793 -0.05553218 0.32034495 0.2103035 -0.056474824 0.14953865 -0.11234655 -0.32553533 0.151807 -0.57714945 0.2695252 0.021801436 0.16918562 -0.043999236 0.054926887 -0.11511026 -0.114028074 0.036851734 -0.20844427 0.18624572
19 0.20243508 0.33090824 0.12669633 0.27369785 -0.030290108 -0.08233361 -0.17976181 -0.11565224 0.41858622 -0.17480016 -0.1058423 0.27781716 -0.28462127 -0.005076727 0.420001 0.047021303 0.056249745 0.3386149 -0.06660004 -0.31310198 0.3207847 -0.27287042 0.3312174 -0.014455063 0.10907565 0.07347021 0.18941237 -0.051675588 -0.2076622 0.07249936 -0.10302727 -0.095190994
57 0.27254203 0.26444337 0.071366064 0.1926151 -0.10436048 -0.1929718 -0.31202355 -0.1533768 0.380798 -0.26000747 -0.15384851 0.34542528 -0.22598362 0.068470694 0.41760027 0.14464013 0.038110953 0.20638567 -0.13880022 -0.21355425 0.18181998 -0.40945852 0.25372416 0.1839892 -0.0038050427 0.0753677 0.23279016 0.015983133 -0.058196686 0.14844528 -0.12336969 -0.046825513
84 0.020267116 0.29981846 0.10045613 0.2900123 0.24797744 0.052363597 -0.0022794162 -0.07266952 0.4073066 -0.25420287 -0.25202826 0.29415923 -0.16324343 -0.026793249 0.20354922 0.11803961 0.07251146 0.12356634 -0.16821606 -0.5133693 0.3720543 -0.34935555 0.24247736 -0.18146959 0.13541152 0.08643296 0.17097981 0.19968456 -0.09983276 -0.07931862 -0.089549854 0.013715525
52 0.09630315 0.08066452 0.04493555 0.20009473 -0.03277623 -0.01423421 -0.23422828 -0.17095298 0.37116626 -0.23611061 -0.36220384 0.33513233 0.041029032 -0.046414305 0.28941804 0.254796 -0.05998679 0.062315997 -0.18723956 -0.31527343 0.12643856 -0.6139185 0.27165335 0.06705902 0.13019669 -0.043094274 0.096947715 -0.041991502 -0.064053506 0.014088746 -0.23975655 0.15971819
65 0.12881288 0.077211104 0.072602026 0.22990064 -0.10025776 0.0083555635 -0.25415438 -0.18114094 0.40942135 -0.19764028 -0.30382857 0.32984486 0.020303326 -0.041203257 0.31843168 0.22892925 -0.07938664 0.12819187 -0.111173935 -0.27597845 0.13740467 -0.5994877 0.3013043 0.06526738 0.1602125 -0.07422215 0.063298106 -0.090751134 -0.11722279 0.04075399 -0.24694431 0.19855271
29 0.1128962 0.08753518 0.07341582 0.2486683 -0.04330549 0.07594097 -0.17602603 -0.16613552 0.40703794 -0.20259292 -0.3278317 0.28179014 0.01901284 -0.08288225 0.28164142 0.20890613 -0.05232675 0.115220904 -0.13879476 -0.35252863 0.15330824 -0.54450846 0.29242465 0.03785386 0.14770639 -0.044510216 0.10270566 -0.06827218 -0.11697835 -0.04836806 -0.21733892 0.18119535
6 0.2122869 0.32960433 0.126889 0.32015803 -0.12494796 0.041365836 -0.20619704 -0.1612127 0.39035052 -0.1343757 -0.0981013 0.22000499 -0.2721102 -0.052887775 0.45337427 -0.032131173 0.04071603 0.43300763 -0.048820067 -0.31067273 0.35512337 -0.23914765 0.34405565 -0.089974284 0.18275566 0.05104695 0.12098599 -0.21624242 -0.3459068 0.11926541 -0.19415253 -0.018295115
46 0.24696861 0.35816965 0.102611065 0.29830378 -0.1009993 -0.06019675 -0.25316542 -0.14363952 0.3800071 -0.16067223 -0.07120002 0.26574567 -0.26924714 9.6432406e-05 0.45264766 0.0010016698 0.059953354 0.36902794 -0.05264693 -0.26334223 0.32626128 -0.24912545 0.32452774 -0.00896863 0.11607447 0.073542826 0.16345918 -0.12242288 -0.26661783 0.15021762 -0.15468413 -0.06825147
124 0.026783945 0.29906836 0.09350367 0.3241792 0.22595309 0.033072464 -0.027970858 -0.11003044 0.39532247 -0.22170876 -0.28237745 0.28562248 -0.089203775 -0.04269321 0.2247717 0.13424535 0.047647808 0.11315765 -0.1908909 -0.5061993 0.34681225 -0.3477005 0.23776403 -0.12403291 0.1661028 0.051197834 0.1253583 0.15606298 -0.116254754 -0.12434613 -0.10312079 0.05867853
85 0.12599513 0.07428431 0.06230599 0.2331991 -0.089182064 0.01646219 -0.21720521 -0.20131132 0.3934707 -0.20028917 -0.32737496 0.30941546 0.043054406 -0.06556901 0.3406184 0.25310904 -0.09576047 0.10467895 -0.15396704 -0.26314905 0.09242359 -0.58989984 0.28539944 0.09087047 0.15440238 -0.06643191 0.090799466 -0.12623426 -0.057138402 0.031178268 -0.2405415 0.18557848
49 0.04404358 0.24717176 0.06385738 0.30359477 0.19044264 0.017718628 -0.03591555 -0.08578257 0.41843244 -0.22822203 -0.22756277 0.28871632 -0.11752335 -0.008307887 0.26319498 0.16007443 0.04289764 0.12402948 -0.14014654 -0.4406642 0.28436485 -0.40840214 0.2579238 -0.094899975 0.16920213 0.06557101 0.1515992 0.1488796 -0.0692869 -0.06452187 -0.12079676 0.015900183
112 0.07435042 0.009153777 0.0729563 0.2849971 -0.12385339 0.13851401 -0.20871212 -0.20605168 0.41241 -0.15117967 -0.40537283 0.29451865 0.1438354 -0.14280534 0.30286708 0.19946405 -0.099494845 0.11461919 -0.14520909 -0.33059564 0.14724506 -0.6375672 0.28651774 0.010542496 0.24139 -0.11374786 0.029405238 -0.22195064 -0.1653688 0.003964643 -0.28422737 0.24737224
110 0.1362291 0.09133598 0.070120916 0.26616248 -0.1262822 0.08378119 -0.2664081 -0.18359886 0.41222644 -0.14349273 -0.31247947 0.28791907 0.03749776 -0.07340245 0.35570332 0.1987977 -0.06588742 0.14763558 -0.11338792 -0.25824353 0.14549154 -0.5547186 0.27739623 0.06732182 0.17224102 -0.07832835 0.09136002 -0.16243835 -0.1667065 0.02899876 -0.25215274 0.2392044
87 0.18894859 0.24191362 0.09545002 0.1586914 0.0010561942 -0.18666144 -0.20614497 -0.10872225 0.40559614 -0.33046293 -0.20833448 0.34956145 -0.16055363 0.0915557 0.33565626 0.2121677 0.008871445 0.099375606 -0.13958853 -0.31274983 0.17774518 -0.46030566 0.24465623 0.12603967 0.017314889 0.063753664 0.21930544 0.12658966 0.06466741 0.061128937 -0.11519546 -0.04371634
13 0.16355589 0.40769178 0.10845892 0.27969605 0.06516594 -0.07541347 -0.13266611 -0.10267745 0.3965024 -0.17986377 -0.07317478 0.28498328 -0.29883274 0.023574496 0.4005708 0.043904997 0.05821679 0.32509702 -0.071890436 -0.36365578 0.39473206 -0.22975925 0.32278106 -0.08167808 0.11168587 0.11216183 0.20773017 0.040089663 -0.18398446 0.08794973 -0.11323505 -0.111460514
56 0.15698414 0.24343425 0.10063163 0.27430865 -0.02981838 0.04784764 -0.19308193 -0.13447754 0.41170377 -0.14046225 -0.2122021 0.25595903 -0.13891421 -0.053687762 0.37532297 0.08294065 0.018044496 0.263605 -0.071138255 -0.3385199 0.29703787 -0.35210553 0.30407405 -0.05659372 0.16137366 0.026646303 0.122089006 -0.09316666 -0.20116591 0.062145036 -0.18658686 0.07780715
62 0.03343214 0.31920326 0.1102664 0.27697298 0.22973785 0.036110684 -0.03331366 -0.078923546 0.3962152 -0.27068645 -0.26999587 0.29522413 -0.13431838 -0.03939491 0.20768921 0.111469924 0.059090417 0.13097191 -0.16927236 -0.5061579 0.32946995 -0.3059444 0.24487865 -0.121900365 0.14637333 0.08904972 0.1522145 0.1988417 -0.10873889 -0.090953045 -0.11806791 -6.124042e-05
81 0.13502151 0.2677376 0.0815111 0.25235164 0.036211856 -0.09477157 -0.19466257 -0.09926788 0.396551 -0.23826048 -0.2077094 0.3392307 -0.19126645 0.03773893 0.32007176 0.138585 0.06433051 0.17347407 -0.14162545 -0.35492548 0.26461124 -0.37585127 0.25734136 0.019978864 0.07730721 0.08898855 0.17048076 0.07280092 -0.06173625 0.050991457 -0.12910777 -0.01141042
103 0.1458361 0.07712087 0.09804544 0.20302747 -0.10644686 0.005760992 -0.23435938 -0.17438373 0.43237975 -0.18488507 -0.31098443 0.30462515 0.012198474 -0.041742958 0.34166357 0.25044835 -0.07473177 0.15282704 -0.10833403 -0.26784632 0.14637603 -0.57660323 0.28591296 0.07528084 0.16009723 -0.05036194 0.088140085 -0.12802182 -0.08897566 0.042989794 -0.23468685 0.17843187
114 0.1904582 0.28446722 0.088388495 0.26428124 -0.07181569 -0.038707577 -0.22474688 -0.1588169 0.40044898 -0.1944315 -0.14220665 0.26368186 -0.22098671 -0.024793006 0.42372194 0.06560516 0.020398827 0.32339373 -0.077129215 -0.30851528 0.30293697 -0.31576857 0.35113108 0.006381827 0.104763314 0.07078373 0.12812094 -0.13706127 -0.22243643 0.10730361 -0.17448682 -0.0067423056
92 0.061804008 0.016359009 0.035724554 0.28645492 -0.060884595 0.1143407 -0.21155028 -0.16935068 0.3892501 -0.15848549 -0.40892258 0.31212997 0.1158283 -0.13287939 0.30165502 0.26516294 -0.08571674 0.0777521 -0.15340148 -0.31349808 0.117615506 -0.6809934 0.26758116 0.021101031 0.21356234 -0.12069099 0.02934026 -0.14024684 -0.11699638 -0.042019427 -0.2718749 0.31604883
126 0.039821513 0.08324502 0.06604725 0.27804765 0.053517867 0.042781092 -0.1377678 -0.1614196 0.38928562 -0.25115424 -0.4178506 0.33589637 0.10812666 -0.08020746 0.24864309 0.2793807 -0.054288674 0.005365847 -0.1968844 -0.39003682 0.14533834 -0.60276496 0.2189759 0.033995833 0.14982098 -0.07338179 0.10790235 0.03275839 -0.052041493 -0.07096534 -0.21299824 0.19531003
89 -0.018022178 0.27557555 0.1046812 0.2345208 0.3132278 0.0023316974 -0.004290685 -0.03988045 0.3971105 -0.3368351 -0.344541 0.33560172 -0.13974056 -0.014380997 0.12414489 0.21490403 0.09100682 -0.03277648 -0.23956963 -0.5680242 0.33060843 -0.37339172 0.17921509 -0.12778743 0.11984777 0.1284299 0.20089105 0.41009623 0.00288861 -0.15816487 -0.07707548 0.009356991
115 0.2522766 0.23776689 0.06262986 0.18393217 -0.037211727 -0.18782225 -0.25303575 -0.1350174 0.39198515 -0.24701138 -0.15052003 0.35807052 -0.22441636 0.09724166 0.41071337 0.16890255 0.0066330777 0.20415086 -0.11329911 -0.27745822 0.1966551 -0.44440785 0.30862325 0.10650756 -0.0064815665 0.08857737 0.16612417 0.029468566 0.013998586 0.12661892 -0.136874 -0.04385022
128 0.18341751 0.048443545 0.04710094 0.1726536 -0.17742991 -0.0509798 -0.27676263 -0.16220298 0.41105005 -0.20731719 -0.2927905 0.33913845 -0.02367823 -0.038143624 0.37099248 0.25549394 -0.09583037 0.13499698 -0.11827137 -0.23143558 0.10207331 -0.5597145 0.31334648 0.1462608 0.14437823 -0.040464684 0.08698963 -0.1473667 -0.083611295 0.09520307 -0.21491401 0.15085594
27 0.12581326 0.24931335 0.087143876 0.19729033 0.070765086 -0.14059752 -0.17614257 -0.10350732 0.38773522 -0.3147162 -0.24440867 0.33349514 -0.16621567 0.07460058 0.30449426 0.24272208 0.032665044 0.05249663 -0.18270734 -0.3698925 0.19683002 -0.41886467 0.20503592 0.06836413 0.009949559 0.0790776 0.22750036 0.16774213 0.036393683 0.018087223 -0.076983236 0.0024198135
36 -0.027723774 0.19706604 0.08808735 0.28141052 0.21186145 0.084064364 -0.043976124 -0.084463745 0.3800712 -0.27356383 -0.35005462 0.30537686 -0.030004207 -0.054574497 0.14207391 0.21698205 0.013412222 -4.338604e-05 -0.21429564 -0.5103792 0.2991315 -0.43948248 0.21579018 -0.10938441 0.17684466 0.045654386 0.12294656 0.23683913 -0.039953172 -0.13706487 -0.12671506 0.09268155
64 0.12256124 0.3619277 0.06457396 0.2805339 0.07439035 -0.03371416 -0.111004256 -0.117340624 0.40695447 -0.19266814 -0.103577934 0.26355973 -0.27775416 0.038609114 0.4020261 0.081563294 0.07528867 0.29812825 -0.10044099 -0.37755695 0.32649302 -0.25252149 0.30092674 -0.07091834 0.13242817 0.08013224 0.19330202 0.049900085 -0.124731444 0.06291987 -0.11573473 -0.055040434
79 0.13323444 0.09425115 0.09707013 0.24197504 -0.13529128 0.08748272 -0.20910223 -0.19765942 0.42998987 -0.15915269 -0.32099858 0.25993937 0.044224747 -0.10705262 0.3281131 0.18739174 -0.063973725 0.20486689 -0.09178304 -0.2812317 0.16074508 -0.5687401 0.3189709 0.021142814 0.22426912 -0.0570957 0.09759108 -0.18106936 -0.1926386 0.022074245 -0.25141534 0.17665626
8 0.18960427 0.34128252 0.101941325 0.32376182 -0.051521897 -0.027396752 -0.18448713 -0.1476336 0.38854155 -0.18062365 -0.08815223 0.25457186 -0.3122418 -0.019536546 0.4228371 -0.0027733324 0.06885768 0.36887315 -0.07690979 -0.32946014 0.39514986 -0.21726348 0.33012626 -0.05591387 0.13462852 0.083053894 0.15358649 -0.11630895 -0.25077933 0.09692697 -0.13810918 -0.015589864
18 0.24040277 0.34977275 0.108288586 0.31643435 -0.0647909 -0.038594265 -0.20281245 -0.14718123 0.37004098 -0.1822396 -0.09644103 0.26191804 -0.28182995 0.015151032 0.44857046 -0.0073138233 0.034498163 0.3897905 -0.045362994 -0.2875902 0.32669556 -0.27979046 0.34301394 -0.061491862 0.14382291 0.050449833 0.14996693 -0.105787836 -0.2642014 0.11906475 -0.1868486 -0.03307801
31 0.046539556 0.29612976 0.12519142 0.24901457 0.17529155 -0.060788654 -0.058869734 -0.104349 0.38479286 -0.21833654 -0.21563864 0.30977938 -0.15946473 0.034355532 0.29271463 0.20382793 0.022114497 0.14126207 -0.17075306 -0.44749528 0.28755093 -0.39516342 0.2681822 -0.06621233 0.13963126 0.060225315 0.16690041 0.15797849 -0.034971 -0.035015058 -0.12137251 0.0029764853
23 0.1873708 0.15288407 0.08181123 0.17292915 -0.04468462 -0.11588942 -0.26752594 -0.13564688 0.37091044 -0.2485446 -0.28308898 0.36141783 -0.07183447 0.052479066 0.32653725 0.24474992 -0.04846819 0.08176392 -0.14699641 -0.30571115 0.14265056 -0.518245 0.26797166 0.13753496 0.022402605 0.01521079 0.1382849 0.04925595 0.00010511316 0.030402355 -0.19233271 0.08950229
72 0.1184003 0.31524855 0.098398775 0.2047835 0.12153129 -0.18809965 -0.1736956 -0.10113935 0.3660766 -0.35957003 -0.19963954 0.345241 -0.21673204 0.0880857 0.26870853 0.20422018 0.07079806 0.097056024 -0.20979182 -0.37113923 0.26126572 -0.35288343 0.19994716 0.08025973 -0.0066502243 0.11171958 0.22594401 0.24813741 0.043585815 0.02952183 -0.046501618 -0.05085534
1 0.21957509 0.33522695 0.108358644 0.25497666 -0.09405143 -0.07801038 -0.19289052 -0.1635209 0.39761263 -0.1856639 -0.08821578 0.25786152 -0.26579744 0.011745795 0.41568607 0.04347107 0.048791185 0.33646426 -0.08382085 -0.27460265 0.29905385 -0.28163064 0.34962797 0.0032402794 0.11962423 0.076430574 0.18143325 -0.08650779 -0.18996224 0.115479745 -0.17288956 -0.076978885
41 0.16708845 0.3183055 0.12216963 0.17467147 0.07499835 -0.16009352 -0.16015242 -0.11363927 0.39099234 -0.35134375 -0.21573654 0.3563985 -0.2213812 0.08176057 0.30087426 0.20520051 0.030721895 0.10209344 -0.18623103 -0.3355245 0.25038987 -0.34360415 0.21011388 0.09797372 0.011805041 0.110660456 0.23179938 0.20126271 -0.014319687 0.0075713326 -0.09430171 -0.054720238
100 0.22448626 0.2465382 0.10528615 0.27614096 -0.07494914 -0.028072985 -0.21962541 -0.18369883 0.3714783 -0.17877106 -0.15434934 0.26162362 -0.18560253 -0.01996585 0.42423004 0.041548274 0.038799692 0.29354835 -0.11159018 -0.29026613 0.2570044 -0.37837186 0.32715446 0.015467178 0.1335034 0.013090319 0.17664205 -0.1511786 -0.24202144 0.10468347 -0.18643135 -0.019686377
10 0.17056039 0.23098338 0.055904217 0.18874499 0.034521416 -0.13621347 -0.20751889 -0.11493959 0.41647258 -0.27381387 -0.17741905 0.36085874 -0.17590219 0.06657057 0.35225013 0.21152759 0.013327769 0.12833077 -0.12780476 -0.28956208 0.20455594 -0.4299683 0.24916539 0.08982352 0.010161531 0.075749494 0.19713552 0.07924859 0.019398514 0.05260858 -0.14969039 0.005099311
7 0.16193232 0.31268826 0.10350916 0.22327496 0.047327545 -0.08209357 -0.17611489 -0.11145649 0.39299518 -0.24760665 -0.16067393 0.30545324 -0.21609737 0.01171054 0.36279637 0.10569849 0.012946058 0.17861888 -0.14826538 -0.37054002 0.29443142 -0.3061242 0.26055226 0.010268462 0.04814876 0.064670905 0.20102021 0.06302889 -0.090359494 0.05490205 -0.124303006 -0.049572725
127 0.09593652 0.11259263 0.06670737 0.26909178 -0.029584633 0.079728216 -0.1628141 -0.17976792 0.412425 -0.15352196 -0.3160675 0.30735773 0.034385163 -0.07298373 0.30810422 0.23491776 -0.081084 0.15638196 -0.12970401 -0.33611256 0.14649884 -0.56033933 0.3096365 0.008053885 0.22809906 -0.04534886 0.10329779 -0.12558061 -0.1176622 0.009165802 -0.23963168 0.16862607
53 0.03971062 0.28738084 0.089318305 0.24155691 0.16383845 -0.0054989224 -0.060975175 -0.074299924 0.39495313 -0.29005343 -0.25279704 0.30713472 -0.17161293 -0.02738711 0.21843483 0.17472216 0.05130848 0.11476429 -0.1638038 -0.48302782 0.32020074 -0.36280015 0.26240972 -0.08666866 0.1344402 0.09177983 0.15437554 0.19917563 -0.045285985 -0.070076354 -0.09751961 0.030363731
50 0.009495898 0.11228083 0.05493203 0.26022524 0.08034142 0.017368376 -0.14866196 -0.16588014 0.4244933 -0.21882752 -0.38105008 0.3206475 0.06361634 -0.04138987 0.23559217 0.25140175 -0.056851998 0.016427979 -0.1885702 -0.38748777 0.146729 -0.59289926 0.257136 -0.0006986355 0.17082356 -0.035672665 0.09449611 0.029543623 -0.05208853 -0.071266435 -0.16355811 0.18588056
44 0.16504595 0.21441728 0.09278087 0.14193562 0.0065922793 -0.12710328 -0.18125306 -0.10830225 0.40078932 -0.25798416 -0.28381577 0.35759276 -0.12823062 0.049225215 0.31648985 0.22713959 0.0164256 0.08786272 -0.15727824 -0.33003852 0.17296013 -0.46476257 0.27521166 0.06100452 0.0408698 0.07411439 0.13987458 0.12235115 0.016898816 0.0070960037 -0.14724898 0.026680771
4 0.19985513 0.27142066 0.08314813 0.18278745 -0.038980536 -0.14422588 -0.2284606 -0.13770328 0.39651692 -0.24389838 -0.16612567 0.33496183 -0.21785448 0.058334712 0.3754298 0.1679155 0.031654242 0.22133961 -0.11045081 -0.2757347 0.25058892 -0.3852141 0.29253864 0.10336292 0.03730607 0.08566414 0.1919454 0.037079085 -0.06180518 0.10854818 -0.12071865 -0.06399999
123 0.08162476 0.049960732 0.03332744 0.25832853 -0.060890034 0.06501835 -0.22251494 -0.19742341 0.3804792 -0.20262206 -0.36724693 0.31256276 0.07022535 -0.092983775 0.29407313 0.25474045 -0.07010684 0.08490876 -0.14746833 -0.29053366 0.11352775 -0.6497247 0.27251112 0.048617918 0.19158664 -0.09704516 0.08687696 -0.114707276 -0.080628656 0.014334844 -0.2500126 0.23039418
73 0.118411236 0.13769388 0.077662036 0.2614614 -0.023208868 -0.025975486 -0.2021783 -0.15521623 0.38957882 -0.17684875 -0.27108994 0.33088914 -0.04149609 -0.013581986 0.33864102 0.20320117 -0.04158508 0.12814723 -0.13223258 -0.33899504 0.18120867 -0.5356973 0.25123656 0.043958142 0.11556945 -0.016881702 0.10901612 -0.04904168 -0.08950383 0.031800345 -0.18986477 0.09118577
74 0.1497209 0.31023076 0.106562585 0.2778512 -0.036052253 0.010882824 -0.1932134 -0.16408078 0.37098593 -0.15361044 -0.16087224 0.27167475 -0.1693583 -0.035205487 0.37411523 0.05674999 0.017719502 0.30586678 -0.07585146 -0.31575006 0.30875957 -0.34058127 0.3227485 -0.03791287 0.13122594 0.024013503 0.13717788 -0.10922968 -0.19591619 0.09184748 -0.17601316 -0.00085208454
88 -0.0066673327 0.18171148 0.05761991 0.28947678 0.18642989 0.07629191 -0.05137935 -0.10360345 0.40633568 -0.2763527 -0.34109437 0.31733942 -0.013895856 -0.05807878 0.18439257 0.18406437 0.016795529 0.05404641 -0.1977749 -0.50302565 0.27251756 -0.48525906 0.24142846 -0.10873539 0.20896167 0.028482724 0.07741043 0.14700612 -0.09487919 -0.10142152 -0.11515868 0.13613674
26 0.19080071 0.29712754 0.073479146 0.30624887 -0.0029024547 -0.0278505 -0.16690509 -0.1126884 0.37492168 -0.17779352 -0.10583186 0.27473024 -0.22233534 0.019575614 0.41237843 0.06617865 0.05633797 0.30024207 -0.09667324 -0.2877934 0.28250048 -0.30114964 0.31001583 -0.04608791 0.14652993 0.057919934 0.17675112 -0.058291256 -0.18886253 0.08728979 -0.1343863 -0.040682647
39 0.14279497 0.12957947 0.09547409 0.20905885 -0.13433604 0.012802346 -0.27344024 -0.16269979 0.41054735 -0.16891983 -0.2938924 0.2905584 -0.0031770077 -0.039987866 0.39228556 0.20434552 -0.095438816 0.17299975 -0.10737279 -0.24697995 0.158733 -0.5374729 0.31675795 0.084865555 0.1448541 -0.0632582 0.08581265 -0.15007874 -0.13356717 0.059328347 -0.23934907 0.14115953
9 0.16977832 0.29956502 0.10158712 0.16324313 0.06415688 -0.19913988 -0.19787458 -0.11835153 0.3835273 -0.3006495 -0.20058222 0.36971948 -0.19866966 0.08266015 0.342239 0.22420293 0.006733673 0.11604831 -0.17182992 -0.35844284 0.22941294 -0.3864387 0.23710515 0.10792479 0.0014950355 0.105637416 0.19103122 0.12923715 0.037714466 0.0582826 -0.09751995 -0.06108364
37 0.12205361 0.34798118 0.10633366 0.31094113 0.12685618 -0.026874172 -0.098038815 -0.111744925 0.39725748 -0.22471024 -0.1708807 0.25938037 -0.20529105 -0.03478094 0.32776946 0.10104654 0.09152676 0.2365365 -0.10788769 -0.39018896 0.32315058 -0.3107352 0.27525637 -0.07392746 0.14620678 0.056692902 0.17994832 0.072028324 -0.16663967 0.013587599 -0.11925966 -0.025443932
48 0.18440188 0.26057234 0.093476444 0.1599945 0.009699501 -0.12546131 -0.2003922 -0.110768765 0.3927496 -0.30243903 -0.2002868 0.32960075 -0.19414546 0.08580241 0.34834722 0.17123586 0.055014472 0.15038562 -0.13406019 -0.31778052 0.24166298 -0.39682382 0.2821678 0.058532227 -0.0037465773 0.09051251 0.18349242 0.08193422 -0.019047089 0.0832261 -0.14547266 -0.04557631
70 0.09958384 0.027101858 0.05817212 0.24303412 -0.064383246 0.06121136 -0.22182457 -0.17187807 0.40682566 -0.16630562 -0.36733437 0.29191077 0.09308694 -0.066037424 0.3196486 0.2782218 -0.09904454 0.07893897 -0.1552249 -0.3088131 0.111647636 -0.6119237 0.30040586 0.042173773 0.18334363 -0.07772414 0.08319391 -0.093489856 -0.10269296 0.012742377 -0.24963775 0.23249698
32 0.21058019 0.35454077 0.09589314 0.31994912 -0.04732158 0.0031247828 -0.1674509 -0.12825799 0.4005586 -0.1719182 -0.041099153 0.24254778 -0.29537123 -0.005689886 0.44071585 -0.02161906 0.052003566 0.4237676 -0.029110087 -0.2898891 0.3874901 -0.24292082 0.3810122 -0.1106321 0.16896053 0.052530646 0.16839245 -0.11625152 -0.32316566 0.10567659 -0.14148869 -0.0633787
28 -0.040308595 0.21486141 0.090934776 0.3166714 0.24918054 0.033649642 0.002826328 -0.1013769 0.37674364 -0.21504869 -0.2979317 0.2958508 -0.0059386273 -0.023523545 0.21264558 0.23890428 -0.0048727505 0.047300715 -0.18347642 -0.49740738 0.2652683 -0.4675859 0.23275776 -0.11061805 0.18710268 -0.0035443818 0.1485943 0.17305647 -0.03687628 -0.11266122 -0.120579734 0.10106595
122 0.22305486 0.2818673 0.10510118 0.27393326 -0.14084099 -0.0068789166 -0.24628942 -0.13347337 0.40385115 -0.148723 -0.094864674 0.26297334 -0.24960944 -0.01749246 0.450204 0.03726814 0.031589016 0.3973699 -0.05189444 -0.25610635 0.30575764 -0.31089988 0.37584567 -0.0021610078 0.15094547 0.070235215 0.11580612 -0.16349812 -0.26450095 0.12590934 -0.18459825 -0.01369079
22 -0.0147414785 0.28187218 0.103793316 0.29567885 0.27015093 -0.0055108075 -0.02463776 -0.092690974 0.3921014 -0.30577472 -0.3042601 0.30266258 -0.09932851 -0.021384351 0.17232023 0.17772116 0.09430024 0.030933782 -0.2502015 -0.5043503 0.2832333 -0.40581328 0.16729377 -0.07393961 0.15331271 0.10290209 0.17025961 0.24955201 -0.014667068 -0.12242181 -0.0941015 0.054568447
96 0.1775048 0.25727594 0.07301117 0.19602752 0.034340337 -0.17912924 -0.22042406 -0.12838948 0.36905357 -0.3150536 -0.18572895 0.3303191 -0.20138276 0.07732641 0.34888613 0.21081969 0.057030566 0.11023711 -0.1619611 -0.29841787 0.21713583 -0.39673242 0.25858206 0.11644274 0.0018991927 0.11331822 0.21813758 0.14248738 0.016033966 0.070177026 -0.13069738 -0.03918725
99 0.11877596 0.04035424 0.055589598 0.22572276 -0.07651211 0.01928998 -0.22401482 -0.192276 0.41987333 -0.20507863 -0.36793673 0.30626225 0.07096435 -0.045195006 0.32597515 0.26848856 -0.059499536 0.06114125 -0.18394123 -0.33372024 0.08922444 -0.6555036 0.27553532 0.07626143 0.18919832 -0.07046646 0.06282026 -0.09301196 -0.036826424 0.016261674 -0.23935424 0.20568088
93 0.0931686 0.034303695 0.060227472 0.28242412 -0.10102631 0.07922443 -0.22886279 -0.21519555 0.4108889 -0.1168352 -0.3733451 0.2669802 0.07767156 -0.11496821 0.32425532 0.25058925 -0.089378096 0.1336515 -0.11326907 -0.2976654 0.121196106 -0.6685328 0.3006083 0.023319118 0.25721365 -0.11949018 0.025485126 -0.1496661 -0.12912649 -0.024126371 -0.26039624 0.25526384
107 0.14540502 0.35281748 0.113848194 0.34866357 -0.02524087 0.089505225 -0.15367326 -0.13293046 0.43420306 -0.1713357 -0.09390926 0.19960274 -0.22779685 -0.05786104 0.3600671 -0.017298577 0.0738309 0.3686985 -0.063655496 -0.33155274 0.39137733 -0.24205936 0.32401326 -0.08608727 0.21315347 0.058445252 0.17305557 -0.08535732 -0.30675572 0.057893947 -0.18732019 0.0059017558
33 0.17888522 0.27413157 0.0937213 0.11429071 0.0151971355 -0.20227595 -0.25572598 -0.100291245 0.38607475 -0.33576405 -0.21192205 0.3616329 -0.20503822 0.13314426 0.329204 0.2342079 0.029679283 0.06624433 -0.17691968 -0.2985267 0.19083422 -0.42992944 0.22946247 0.15432706 -0.024530577 0.10325853 0.20031391 0.15909044 0.043327928 0.0853597 -0.07671394 -0.040597755
66 0.17758328 0.32864258 0.0727989 0.17675227 0.05250551 -0.21045052 -0.16281429 -0.08000234 0.41028187 -0.34979033 -0.1456429 0.38489726 -0.27531788 0.10287151 0.3441537 0.1534041 0.075706095 0.1270818 -0.1692546 -0.36779222 0.26016828 -0.31629813 0.24503902 0.09537234 -0.04253636 0.18270966 0.21400282 0.17330863 0.01091321 0.07069743 -0.0704451 -0.103904955
120 0.19748968 0.2502752 0.0957338 0.14318371 -0.0013800164 -0.21897434 -0.2597154 -0.13835445 0.37292945 -0.32931855 -0.22878537 0.39417425 -0.17106189 0.07770844 0.3299871 0.23892216 0.014616938 0.09209539 -0.18399197 -0.28557438 0.21332249 -0.4342688 0.23977083 0.17012395 -0.05714674 0.09088616 0.21794845 0.109051816 0.041639764 0.07828621 -0.13765024 -0.01274722
15 0.2300665 0.36726356 0.13751991 0.29648468 -0.02652426 -0.06545971 -0.21412091 -0.13535394 0.3901273 -0.15268455 -0.0712329 0.2709021 -0.29632637 -0.01962634 0.44918624 0.012894992 0.06890066 0.35760385 -0.07287313 -0.28491578 0.35738996 -0.24697646 0.33315265 -0.06522927 0.11987583 0.061527114 0.16477446 -0.085237935 -0.2698869 0.1001161 -0.12554081 -0.0704929
119 0.06382328 0.32433346 0.10358932 0.30966708 0.1907489 -0.03771584 -0.050163224 -0.09479382 0.36573154 -0.26391438 -0.21933582 0.29063654 -0.18305771 -0.015977133 0.2672508 0.12267892 0.07898252 0.14961073 -0.20461425 -0.46161267 0.3653145 -0.33365074 0.24739467 -0.09232213 0.1557703 0.065340005 0.18132973 0.17043294 -0.088359416 -0.046376184 -0.11234163 -0.021664903
106 0.015318288 0.35982192 0.10174427 0.3081532 0.26987627 -0.03664074 -0.021113534 -0.08669698 0.39444914 -0.2816276 -0.22068031 0.30321634 -0.18815137 0.0020999615 0.19373102 0.13521612 0.11130174 0.1123258 -0.19072118 -0.52398396 0.3422076 -0.28668034 0.20676851 -0.107638195 0.102484524 0.12940025 0.17971784 0.25684065 -0.061078757 -0.11452807 -0.070280716 -0.02588851
113 0.16397598 0.19388591 0.07550967 0.25165012 -0.104066394 -0.007897533 -0.23048708 -0.13823521 0.38478914 -0.16939105 -0.20312706 0.29729497 -0.13155265 -0.025300698 0.36552775 0.13301042 -0.036868207 0.28599048 -0.074226186 -0.25511715 0.25406778 -0.42577705 0.3351333 0.014198777 0.14777505 -0.0036629743 0.124043554 -0.12823687 -0.2233853 0.06697842 -0.1976745 0.057004705
16 0.14902133 0.33170414 0.124843255 0.30798155 -0.022317251 0.027485022 -0.17339541 -0.15743369 0.4067538 -0.14377803 -0.14948015 0.23793194 -0.19255781 -0.051145647 0.3998443 0.025243403 0.030366901 0.33422998 -0.059509423 -0.34265396 0.3655268 -0.26595843 0.33959815 -0.10647802 0.16594325 0.026652772 0.15778296 -0.10109962 -0.32564655 0.081051886 -0.16813053 -0.03751039
68 0.20357051 0.34366608 0.11275226 0.30937827 -0.022754904 -0.05199256 -0.15028848 -0.1374742 0.38836884 -0.16798489 -0.069667816 0.241095 -0.29474744 -0.010221778 0.4365857 0.00061536324 0.054661665 0.37153322 -0.053318463 -0.3264059 0.3603823 -0.25384536 0.34037787 -0.065167725 0.14073001 0.08500613 0.18816192 -0.08765507 -0.24478805 0.08426611 -0.1288049 -0.063053004
125 0.17167397 0.2767927 0.08421589 0.14647993 0.102194145 -0.22020543 -0.17535107 -0.12953208 0.40195727 -0.34325898 -0.21242914 0.39257658 -0.20458409 0.084657975 0.30250928 0.2126757 0.06132349 0.044137504 -0.198977 -0.33471298 0.22753152 -0.39508393 0.21957822 0.094060294 -0.031542514 0.11490622 0.23604435 0.19121873 0.054297835 0.023204466 -0.050018292 -0.054333165
80 0.000941543 0.257494 0.100217484 0.26897988 0.21451412 0.018062238 -0.04340215 -0.10079953 0.3887225 -0.28594548 -0.32792756 0.3195838 -0.08470182 -0.033463795 0.17614298 0.2019081 0.049622625 0.06017349 -0.20863385 -0.51166546 0.29209965 -0.36904937 0.22618411 -0.08831344 0.14959358 0.06061236 0.15069638 0.24342647 -0.0738102 -0.10352888 -0.096394725 0.05986871
94 -0.05979593 0.23525414 0.114723444 0.2610475 0.3005026 0.08904949 0.024054179 -0.055370677 0.40726098 -0.2922832 -0.381646 0.31653005 -0.05300786 -0.07141439 0.12439961 0.21506856 0.06958835 -0.012586039 -0.22904158 -0.5877496 0.30130196 -0.40907463 0.1804052 -0.16170245 0.15270191 0.105132096 0.13397141 0.32024896 -0.01658567 -0.19990522 -0.06726068 0.07279225
3 0.19447644 0.35778886 0.1209823 0.2734152 -0.04797915 -0.03993067 -0.1848417 -0.13342442 0.41957468 -0.12396152 -0.04741477 0.2538948 -0.2990279 -0.012286552 0.4231832 0.012463327 0.07729114 0.36322263 -0.02971238 -0.28230613 0.36892146 -0.24398826 0.3442915 -0.06890816 0.15927795 0.07580917 0.16989543 -0.114413545 -0.23996906 0.12009998 -0.13417147 -0.046529505
91 0.051516272 0.04057145 0.059591196 0.27664232 -0.055128105 0.13576452 -0.17158374 -0.18398347 0.42735878 -0.16160068 -0.3900903 0.26943555 0.11852985 -0.1157451 0.26055533 0.2755328 -0.12098563 0.0641516 -0.14274715 -0.3265571 0.13487777 -0.652086 0.28221616 0.020907693 0.25339016 -0.10261373 0.06255669 -0.10518794 -0.11964863 -0.052006193 -0.27860922 0.26437357
43 -0.041608047 0.28030688 0.076807775 0.3243042 0.26945302 0.08894117 0.013934102 -0.0965945 0.39787203 -0.24301079 -0.3048607 0.29217684 -0.06747046 -0.039612647 0.16892263 0.1582078 0.056765076 0.06865962 -0.18934105 -0.5414467 0.31329197 -0.3866316 0.20213136 -0.14781092 0.18779658 0.06999316 0.1327831 0.22290474 -0.08455337 -0.15332088 -0.11069126 0.06208341
54 0.22092733 0.44687045 0.09127682 0.28443626 0.021513496 -0.052882414 -0.17660075 -0.11102029 0.38621235 -0.23426805 -0.05478492 0.27917656 -0.36316678 0.054542303 0.3804985 -0.013417571 0.091353685 0.3686132 -0.08508064 -0.35660836 0.38110134 -0.16163073 0.29951385 -0.04302215 0.09579236 0.13556449 0.24035579 0.06884894 -0.18550377 0.08414115 -0.1360886 -0.10867844
47 -0.07656198 0.24062784 0.0945676 0.2736745 0.3083491 0.03816394 0.011812059 -0.06800672 0.40642017 -0.29269812 -0.33705193 0.32403773 -0.078047715 -0.06765241 0.12974176 0.23876494 0.06529179 -0.032057736 -0.25372374 -0.57800174 0.30726472 -0.40342924 0.1576257 -0.15719186 0.17750236 0.080819 0.1343584 0.32687116 0.005663377 -0.18843746 -0.063327424 0.10672404
86 -0.006559644 0.1598155 0.08481688 0.22460838 0.14064774 0.059012692 -0.05720054 -0.08562116 0.3926048 -0.27709648 -0.36903554 0.30949566 -0.027107377 -0.07002894 0.16711354 0.24460456 0.007489567 0.022822477 -0.20423618 -0.48934433 0.2252834 -0.4700832 0.20969789 -0.07837901 0.15872402 0.034990545 0.124272645 0.16348644 -0.031935036 -0.11585105 -0.14213267 0.10715202
95 0.06796976 0.0023378977 0.03125745 0.2564711 -0.065925255 0.08601948 -0.2213553 -0.189793 0.4030285 -0.17292309 -0.4213955 0.32405585 0.14394768 -0.112493485 0.30708945 0.2996719 -0.11457432 0.056979686 -0.15522021 -0.2749486 0.055985697 -0.67644393 0.27999955 0.066969246 0.21507594 -0.13402307 0.060981065 -0.16176946 -0.073742 -0.0046280283 -0.31043464 0.28893647
105 0.18942045 0.288404 0.09526472 0.20435457 0.030280929 -0.18047561 -0.19372746 -0.11001476 0.36010113 -0.2965043 -0.19975786 0.33729884 -0.21363837 0.08754791 0.35379505 0.163168 0.032938335 0.13031541 -0.13300677 -0.33465865 0.23333752 -0.40115282 0.23807164 0.05198144 0.009747057 0.08298839 0.21529128 0.12028328 9.9950325e-05 0.034360882 -0.1277674 -0.04877977
111 0.14913182 0.27866852 0.059460092 0.18725245 0.067738764 -0.15483099 -0.20762472 -0.119652525 0.3904102 -0.3200437 -0.22236878 0.35898504 -0.1913029 0.08055795 0.3072256 0.19607906 0.024322469 0.08322527 -0.19321284 -0.34106457 0.20625979 -0.43880892 0.21687017 0.07181225 -0.0010715908 0.108005 0.20038919 0.17062366 0.021144833 0.048554394 -0.105092615 0.0025370761
98 0.2507728 0.31276846 0.073311955 0.16939 -0.002926479 -0.2207961 -0.24745643 -0.1309644 0.37985116 -0.31936783 -0.16251726 0.3937427 -0.2488608 0.11770226 0.36702907 0.1631964 0.04104504 0.13762707 -0.12167867 -0.2673621 0.226662 -0.387415 0.26068613 0.13824852 -0.057854813 0.10294365 0.22956434 0.07786325 0.033719175 0.10800068 -0.14810643 -0.055043377
101 0.042258248 0.08424501 0.05795077 0.24278963 -0.0055078766 0.068007395 -0.17515394 -0.14740129 0.4296228 -0.18207878 -0.37338307 0.3253408 0.07625449 -0.08741834 0.27475342 0.29252574 -0.07200966 0.048482556 -0.15511224 -0.37090263 0.14142026 -0.6405947 0.24177301 0.019297143 0.2138684 -0.06847771 0.064947836 -0.01914167 -0.05536346 -0.060560104 -0.20721109 0.2179018
12 0.17173533 0.375535 0.13509439 0.25566867 -0.0075404597 -0.07656696 -0.15079089 -0.13296193 0.39369655 -0.23412502 -0.12756097 0.26792595 -0.2768134 -0.003315959 0.36616066 0.04761479 0.07418835 0.29153708 -0.12377552 -0.33421955 0.37797529 -0.23583673 0.2966579 -0.018972352 0.079107985 0.103037015 0.21940853 0.027903346 -0.22339277 0.06203338 -0.13139051 -0.08866918
25 0.22605664 0.33293718 0.1076066 0.30677545 -0.07245998 -0.030061578 -0.15823586 -0.15108353 0.38964537 -0.15236434 -0.07964315 0.23567508 -0.28979206 -0.023705637 0.44573063 -0.0020039505 0.08660867 0.38373262 -0.059617132 -0.27790922 0.33527094 -0.25112247 0.35714868 -0.05761585 0.13976352 0.08980425 0.17856045 -0.124855734 -0.2540852 0.102879524 -0.16658127 -0.035058517
58 0.16039027 0.35083616 0.11576685 0.35122013 -0.02195438 0.04477796 -0.09757278 -0.12201409 0.39978978 -0.15663941 -0.123503834 0.2190182 -0.22062382 -0.07531667 0.3748372 0.030796843 0.055477407 0.36409277 -0.08266627 -0.35528424 0.37831202 -0.24715346 0.35481608 -0.111548394 0.19961323 0.06686048 0.17773694 -0.07076617 -0.30976987 0.05471429 -0.14617367 -0.02923163
121 0.04730056 0.019372636 0.06316871 0.21148582 -0.00436878 -0.010059957 -0.15297627 -0.15566227 0.42012185 -0.23550324 -0.36681044 0.359621 0.070954405 -0.025977168 0.2591516 0.31900802 -0.08361694 -0.0033026547 -0.16331755 -0.34316242 0.09179795 -0.63038284 0.2638278 0.089766465 0.15040863 -0.04279744 0.08200603 0.020191675 0.026506405 -0.028576307 -0.2058794 0.21174403
61 0.1891571 0.26366714 0.056569368 0.16890524 0.044846147 -0.18448837 -0.20878974 -0.12471451 0.38115472 -0.31465372 -0.18170418 0.35206443 -0.1860324 0.0980907 0.3671374 0.19011539 0.023102744 0.09845711 -0.16146044 -0.32480827 0.18513253 -0.47097328 0.2512198 0.136605 -0.022739772 0.09532632 0.1971657 0.10734079 0.033007417 0.07828717 -0.123639785 -0.05613506
30 -0.0036249566 0.29377136 0.07147859 0.2960459 0.25593117 0.024582997 -0.026406707 -0.098931074 0.39073485 -0.2752972 -0.2803543 0.31171706 -0.10776014 -0.05916844 0.18202537 0.16344547 0.06902329 0.080011964 -0.19587605 -0.5388131 0.3358595 -0.3611012 0.21386394 -0.1426158 0.18068169 0.08040156 0.13031264 0.23917286 -0.07549847 -0.12501489 -0.0826162 0.026655478
117 0.050211918 0.26975727 0.1052318 0.24064755 0.1405653 0.02602517 -0.09015192 -0.08815852 0.4161754 -0.2780367 -0.2887335 0.3034563 -0.12724315 -0.019981163 0.23311037 0.17500974 0.04375209 0.096699126 -0.15351404 -0.45038208 0.2964348 -0.36487845 0.21558322 -0.098233774 0.13740727 0.06611329 0.16250035 0.17630287 -0.084496334 -0.058912393 -0.12269865 0.020961411
45 -0.04443651 0.2723197 0.09374816 0.31594494 0.31660688 0.033470135 0.012681053 -0.10299595 0.41147038 -0.28691927 -0.30244255 0.30710405 -0.085321926 -0.038762826 0.16798209 0.18192978 0.069252886 0.022544082 -0.23960744 -0.53615457 0.32387227 -0.38601747 0.17625012 -0.13844278 0.15093088 0.08115042 0.16133995 0.29582334 -0.056539804 -0.15976977 -0.075030886 0.049044997
75 0.18546964 0.22948186 0.07778654 0.18311252 -0.08469768 -0.16890146 -0.27801242 -0.13253184 0.38844317 -0.23528527 -0.21220034 0.34585047 -0.14171232 0.05600048 0.3799572 0.2115326 -0.0074387603 0.15596534 -0.1598508 -0.27247426 0.19307461 -0.4418293 0.28031275 0.124126315 0.03162489 0.044974662 0.13523509 -0.026679775 -0.0069803786 0.08280246 -0.15952651 -0.0010538679
11 0.07552154 0.34511048 0.089061946 0.28904033 0.1567255 0.018002113 -0.059775047 -0.088700354 0.40185878 -0.24898128 -0.19100216 0.26069024 -0.24350919 -0.01379443 0.26574993 0.05587434 0.077711485 0.20654784 -0.13469523 -0.48989537 0.38495284 -0.2257837 0.24566427 -0.12548636 0.14429255 0.12678722 0.1479207 0.16940483 -0.172205 -0.056149628 -0.10809699 -0.01639119
40 0.008555948 0.19442634 0.08229647 0.27346614 0.20820907 0.04498455 -0.032150056 -0.11992416 0.40495107 -0.25346324 -0.35202688 0.30702266 0.0042970795 -0.060607214 0.18884388 0.204103 0.023967324 0.030623518 -0.20907101 -0.50745296 0.2545795 -0.47400168 0.19020016 -0.11538211 0.15550864 0.00503287 0.1502681 0.18260542 -0.09164542 -0.119222715 -0.13588582 0.082159854
71 0.17096002 0.26226753 0.08056279 0.19608432 0.0046889414 -0.2191938 -0.23401007 -0.13295707 0.39728484 -0.28542948 -0.19050755 0.354418 -0.22065745 0.10915583 0.38904363 0.21264906 0.042943556 0.116205506 -0.1691613 -0.27480617 0.2178961 -0.41265598 0.24616124 0.14064002 -0.010445217 0.09417523 0.22034931 0.09286828 0.05696403 0.07903725 -0.09430348 -0.033569954
5 0.11646675 0.06870614 0.057110455 0.2713896 -0.08226197 0.089825526 -0.25094876 -0.21195482 0.38699242 -0.17773989 -0.36540866 0.28593364 0.094846345 -0.1223962 0.33836406 0.23272265 -0.06348385 0.09977837 -0.15367234 -0.2813135 0.12892655 -0.61241555 0.2709905 0.034349553 0.21009102 -0.12633355 0.07258903 -0.17904513 -0.12598339 0.030793734 -0.29307666 0.20853348
104 0.079201296 0.046676494 0.07719993 0.29639786 -0.05757552 0.124791466 -0.19412598 -0.18058434 0.40406367 -0.1649783 -0.3816766 0.292243 0.07740143 -0.13095717 0.32891384 0.2291233 -0.06015904 0.09748286 -0.16388153 -0.3186008 0.13380256 -0.63086265 0.2863811 -0.02810818 0.25449562 -0.12897891 0.062013134 -0.15026157 -0.14800788 -0.01776121 -0.26679382 0.26905283
90 0.18540931 0.26263893 0.10229241 0.27240285 -0.04919733 -0.05208089 -0.21227135 -0.151303 0.3599289 -0.24232756 -0.18323371 0.28779092 -0.1816285 -0.0068026143 0.34522393 0.0849609 0.05271439 0.23892707 -0.16678624 -0.31008434 0.26939347 -0.38291416 0.26895887 0.0579982 0.11440191 0.0657102 0.17919299 -0.030193437 -0.16075465 0.06427015 -0.16609763 -0.0009247593
69 0.22016339 0.34364483 0.11007032 0.29060254 -0.05261741 -0.06061796 -0.1931049 -0.15552835 0.38044807 -0.20524812 -0.11939549 0.27102107 -0.23218127 0.012994936 0.41082403 0.023875186 0.047759004 0.28497294 -0.101310775 -0.32755885 0.33079466 -0.26298678 0.29508877 -0.022645129 0.09855513 0.08209551 0.16149725 -0.045021396 -0.21905087 0.07083776 -0.16811731 -0.044944894
34 0.13250971 0.22210774 0.08747221 0.28823426 -0.010949231 0.042240437 -0.1613493 -0.12772311 0.39574456 -0.20516726 -0.22120893 0.25445622 -0.1375565 -0.050854515 0.3262878 0.07162133 0.042656593 0.22391193 -0.11880977 -0.38211572 0.30096927 -0.3862546 0.30494997 -0.07804263 0.16881472 0.047567066 0.1343614 -0.03827862 -0.21403024 0.02320981 -0.15220469 0.017631093
82 0.17204995 0.30480856 0.10148888 0.18009275 0.040706523 -0.16620663 -0.19685233 -0.112931386 0.38441026 -0.2385898 -0.19054075 0.33348444 -0.21873392 0.07707208 0.3493894 0.17642419 0.065699615 0.15314057 -0.14828941 -0.34719223 0.21893229 -0.36467242 0.2922836 0.06980349 0.020732472 0.10298481 0.20462666 0.06581295 -0.024781989 0.079555824 -0.13158555 -0.025920106
59 0.0004500943 0.35017684 0.11999323 0.25351417 0.27183193 0.009903584 0.0052429656 -0.058297526 0.37915155 -0.32465994 -0.26726842 0.30373546 -0.18874018 -0.043600187 0.1661949 0.11123798 0.09549463 0.101732746 -0.17427312 -0.5419016 0.3824976 -0.26981133 0.23512855 -0.17254739 0.12373517 0.122405656 0.15909505 0.28679442 -0.06428732 -0.094987586 -0.08246956 0.004964509
83 0.20554222 0.2366344 0.08905114 0.20340477 -0.011572976 -0.16082263 -0.25222942 -0.14104626 0.3643623 -0.28089118 -0.19248302 0.34880644 -0.19713281 0.050148435 0.36549497 0.18359086 0.005408786 0.15100029 -0.13492703 -0.30338213 0.2204661 -0.40496075 0.23478073 0.11898938 0.0057432307 0.09308759 0.1502577 0.035524562 -0.03785338 0.062713556 -0.12379929 0.006448219
55 0.08950859 0.13188323 0.039495304 0.28061515 -0.01766891 0.01867086 -0.18807104 -0.16985475 0.40909082 -0.20202263 -0.3395955 0.3271724 0.016246105 -0.0673122 0.27572393 0.22278807 -0.05474947 0.08117754 -0.12806608 -0.3552619 0.13799472 -0.59094733 0.22130662 0.025455736 0.15660165 -0.02361649 0.064334124 -0.03285294 -0.06866717 -0.03106258 -0.23394437 0.18131326
42 -0.0040906714 0.31019887 0.08362294 0.2600871 0.25816795 0.022836626 -0.0019388162 -0.06453329 0.43013397 -0.25532657 -0.2580448 0.30262443 -0.13785215 -0.0050815884 0.23641019 0.17194797 0.058548193 0.11268405 -0.17570004 -0.5316585 0.32926217 -0.31524044 0.24762699 -0.14078723 0.14458114 0.11524639 0.18250756 0.22292852 -0.066235125 -0.08101261 -0.08785204 -0.019110633
17 0.21031879 0.24901293 0.059247095 0.17076404 -0.016547775 -0.13379312 -0.2264108 -0.14117897 0.3686866 -0.300854 -0.21509843 0.35547456 -0.14308041 0.08024935 0.35378426 0.18967362 0.018110607 0.104424655 -0.12323671 -0.27821606 0.19312981 -0.46473482 0.26394957 0.11988307 0.0056143925 0.029429054 0.22117902 0.10008936 0.00609271 0.083739445 -0.15230094 -0.021875395
21 0.2507061 0.3659108 0.122732654 0.35623568 -0.104527414 -0.023933358 -0.22094497 -0.1480816 0.3785168 -0.14829406 -0.049933642 0.25536278 -0.3192093 -0.0238921 0.46367761 -0.048550878 0.06548419 0.46187347 -0.040314484 -0.2811167 0.40867558 -0.21715373 0.3746964 -0.06839644 0.16465423 0.079539046 0.14922556 -0.17764857 -0.34834808 0.12163734 -0.13923883 -0.094463006
38 0.19754386 0.268708 0.10539236 0.20064493 0.006312903 -0.14788109 -0.2094728 -0.18079743 0.36672187 -0.30710253 -0.2116321 0.3436612 -0.12261805 0.069267824 0.32431296 0.16806625 0.0039692842 0.122263364 -0.17193644 -0.29773256 0.19082944 -0.43324432 0.27234334 0.105324864 0.0003217073 0.030058283 0.19299607 0.0720012 -0.023450771 0.048350345 -0.18129465 -0.0060215564
76 0.16939753 0.21030557 0.041054253 0.21899234 0.038622156 -0.15635565 -0.21223965 -0.11933162 0.41027018 -0.25102583 -0.20608401 0.38278717 -0.15868811 0.055924132 0.33645743 0.19872394 0.012085376 0.09133928 -0.16785862 -0.33990666 0.19265503 -0.46037018 0.24532163 0.081322476 0.0013543104 0.072544664 0.1886126 0.099014424 0.013109522 0.032108575 -0.10352819 -0.00722245
24 0.24370274 0.40559423 0.100900285 0.3053874 -0.029289573 -0.009556336 -0.18506423 -0.10764865 0.40428993 -0.13053128 -0.05881406 0.22920145 -0.31277317 -0.022943988 0.44858187 -0.056724448 0.077176385 0.4185751 0.0014132609 -0.31805515 0.3780596 -0.20434526 0.35621092 -0.09021635 0.10940357 0.10262456 0.1369431 -0.09725762 -0.26833072 0.14011589 -0.17236625 -0.0656744
