128 32
80 -0.65276146 0.065669164 0.15182984 -0.22623217 -0.1487512 0.19927683 -0.2564321 0.13928679 0.12449031 -0.08895997 -0.43333986 -0.15916273 -0.03494164 0.050271463 0.10298879 0.17467242 -0.19669272 0.043410487 0.12000765 0.020275716 -0.27290213 0.16805379 -0.11003886 0.28110018 -0.30720484 0.16492946 -0.031956125 0.17801988 -0.19147062 0.029090295 -0.086389475 -0.19811633
75 -0.54748785 0.10432262 0.06642784 -0.38663557 0.22391869 0.32487527 -0.072541945 0.33460316 0.064220525 -0.18524872 -0.4150995 -0.15653406 0.15620251 0.1367039 0.13173367 0.27466258 -0.12275974 0.03513354 -0.06941448 -0.09124778 -0.30251893 0.1580497 0.0024115823 0.36693212 -0.20133439 0.34854233 0.03203364 0.19081807 -0.24912865 0.033614527 -0.14236347 -0.029721899
103 -0.5120794 -0.0074694003 0.45094082 -0.074744806 -0.14595939 0.03633539 -0.088428944 0.26607087 0.16873108 -0.2509454 -0.47743872 -0.2793903 0.1973682 0.09272856 0.035032738 0.29956838 -0.22267106 0.013658819 -0.0032680116 -0.101382755 0.019156892 -0.017956957 -0.029494114 0.38928178 -0.18186076 0.16034676 -0.023235684 0.059277333 -0.03094427 -0.022932624 -0.018425867 0.11819558
116 -0.4738752 0.012294015 0.47418484 -0.06284791 -0.1650337 0.02856397 -0.116541155 0.29818097 0.16589428 -0.29834664 -0.4861467 -0.28408337 0.19578712 0.092466615 0.048352253 0.32062057 -0.2128772 0.0024999205 0.010419543 -0.09708678 0.024850521 -0.040190876 -0.040663034 0.459169 -0.17405501 0.17330192 -0.028877404 0.04298318 0.002142699 -0.00554569 -0.022630557 0.14129959
123 -0.5060258 0.03782554 0.4626472 -0.0148395505 -0.19788577 -0.008954391 -0.08434298 0.2943632 0.16256282 -0.31430343 -0.47113326 -0.32884815 0.1968638 0.0947556 0.012978813 0.32208994 -0.2529297 0.0024395513 0.014272907 -0.14389633 0.07441041 -0.05660803 -0.07371945 0.45191577 -0.17951947 0.1432982 -0.046929054 0.050378572 0.018177224 -0.019367928 0.021613576 0.10823149
92 -0.44017145 -0.040771224 0.479946 0.009202732 -0.27151272 -0.025000427 -0.1198397 0.2735025 0.17224383 -0.28829968 -0.5287391 -0.29438168 0.15684958 0.06580592 -0.004568873 0.30028504 -0.2692564 -0.006099756 0.015684752 -0.099781774 0.08027314 -0.051440757 -0.08396191 0.44506395 -0.1850025 0.112728596 -0.06955662 0.014498964 -0.01483368 -0.010028963 0.04069194 0.06658979
24 -0.65097183 -0.006638378 0.26500627 -0.12478845 -0.09343624 0.1483476 -0.082446784 0.21424699 0.057505928 -0.23117861 -0.41529706 -0.15190554 0.020800233 0.09341406 0.0017833668 0.2650352 -0.22145972 0.04909755 0.031940438 -0.037698474 -0.12432223 0.02945216 -0.18502836 0.43799022 -0.10971401 0.11931742 -0.01872165 0.094502345 -0.07545183 -0.028873399 0.023110403 -0.14548512
106 -0.65331256 0.014402735 0.2056363 -0.14190926 -0.2434769 0.10617025 -0.28630534 0.10651801 0.15280136 -0.088701814 -0.4751914 -0.20483723 -0.05512902 0.02883619 0.07780266 0.1485815 -0.23896243 -0.040116362 0.14051592 0.0065229554 -0.22924855 0.107889555 -0.11104608 0.25675365 -0.28822467 0.14674392 -0.06480345 0.18151596 -0.20022202 -0.010776413 -0.036433395 -0.1889167
34 -0.4765816 -0.0043337345 0.4047264 -0.037413277 -0.18268207 0.023283297 -0.15878628 0.26010594 0.16350712 -0.27521074 -0.511749 -0.3125368 0.16573226 0.06257374 0.04831395 0.27191183 -0.23051022 -0.013393796 0.002157082 -0.12122942 -0.012461901 -0.011247954 -0.051915847 0.42570874 -0.2246205 0.18987869 -0.05828976 0.07748465 -0.047540773 -0.0034497927 -0.013225437 0.07520493
99 -0.4262061 0.018011734 0.50899285 -0.038173053 -0.11957959 -0.023419071 -0.06880249 0.33902878 0.20893064 -0.3441758 -0.49998975 -0.3380464 0.27979612 0.116772495 0.025714688 0.32117563 -0.23502216 -0.024642317 -0.033684947 -0.1698546 0.08864868 -0.032293703 -0.005762075 0.46979165 -0.16814904 0.2166457 -0.040431432 0.026843838 -0.010719738 -0.0075145643 0.008255894 0.20577058
122 -0.5897391 -0.01363503 0.22901474 -0.09502812 -0.1848736 0.12605728 -0.1474175 0.16044798 0.094298385 -0.18093719 -0.46631882 -0.16363332 -0.042817652 0.1197977 0.017823154 0.22903316 -0.2566186 0.032517374 0.10152202 -0.010359816 -0.1915913 0.06318089 -0.18865353 0.3880653 -0.15163663 0.10397725 -0.04560541 0.12559988 -0.12690088 -0.02513811 0.022644479 -0.2144146
62 -0.49980375 0.01375084 0.2844623 -0.11553438 -0.03365147 0.1282679 -0.042361062 0.30791643 0.123516545 -0.31285247 -0.46065474 -0.21637431 0.1327166 0.11561441 0.029457556 0.3101792 -0.21298875 0.03507623 -0.017246062 -0.095886946 -0.083816715 0.013331281 -0.11602856 0.46250695 -0.10838657 0.19041811 -0.05389072 0.100102335 -0.063683525 -0.0038246354 -0.020877836 -0.022457147
54 -0.62723404 -0.01638581 0.22204578 -0.08023948 -0.16797192 0.160177 -0.13370584 0.17482427 0.1269624 -0.16873989 -0.4620358 -0.1989705 -0.07726211 0.088814035 0.004550741 0.19491191 -0.24132006 0.023232695 0.06855785 -0.01749905 -0.17690986 0.030997997 -0.20086253 0.3712186 -0.15272014 0.11227785 -0.058502488 0.125545 -0.15821272 -0.035807688 0.029787803 -0.21968323
87 -0.4906375 0.12559313 0.15814789 -0.32632098 0.108723395 0.26607785 -0.119772874 0.34487942 0.12573563 -0.17267515 -0.4340705 -0.21762885 0.16171458 0.1346165 0.14010875 0.277737 -0.13859105 0.015389271 0.0071425233 -0.08538119 -0.22396052 0.14027315 0.028247703 0.35747346 -0.22486581 0.2939194 -0.0071778833 0.16530572 -0.15570228 0.029113011 -0.12344816 0.015363972
4 -0.5785768 0.085713096 0.09675747 -0.335019 0.17176057 0.26873973 -0.058742743 0.32537705 0.09558708 -0.21244909 -0.41663793 -0.14417607 0.15564618 0.1462222 0.12547533 0.2744531 -0.14372385 0.05516182 0.0019303531 -0.08173918 -0.20766434 0.14225498 -0.011733314 0.36462295 -0.18561146 0.28843498 -0.0069307215 0.113241345 -0.20140721 0.010506413 -0.12828292 -0.043827206
13 -0.6445352 -0.012264844 0.26843205 -0.061619494 -0.17788246 0.11937156 -0.109852925 0.20867364 0.099894926 -0.22088416 -0.4306614 -0.140837 -0.017239459 0.07477604 -0.004647414 0.24195278 -0.24861518 0.019251209 0.08022492 -0.047435373 -0.11115017 0.010893784 -0.19229305 0.42206448 -0.1395381 0.109764054 -0.069656655 0.0804617 -0.07422594 -0.01036902 0.0034843294 -0.13974543
115 -0.5233882 0.058415756 0.16496044 -0.2945933 0.091576405 0.21861707 -0.048931178 0.32579216 0.084663466 -0.19684604 -0.40657663 -0.1904235 0.15223183 0.14243639 0.117057 0.31196898 -0.16607945 0.046135467 -0.0016651626 -0.06891189 -0.1892808 0.10193621 -0.04694452 0.39385536 -0.1810987 0.28772178 -0.023585333 0.14576313 -0.14975509 0.017122567 -0.0890329 -0.041459627
113 -0.4580614 -0.019921353 0.4723872 -0.00095042685 -0.24206218 -0.006543617 -0.12967552 0.25934282 0.17150594 -0.28938705 -0.53372866 -0.32037783 0.1375036 0.06371098 0.043034334 0.29083493 -0.22300263 -0.02319943 0.032658868 -0.1045586 0.04799998 -0.008129415 -0.0777606 0.43978494 -0.16467711 0.14365113 -0.04012591 0.049493242 -0.020232994 -0.019125605 0.03114213 0.037358936
55 -0.46592715 -0.01979982 0.5110164 -0.008617412 -0.2504 -0.04467152 -0.11571048 0.25801748 0.14425206 -0.3003856 -0.49523142 -0.31432784 0.169329 0.08109812 0.028189113 0.2962731 -0.26037982 0.011699303 0.012104125 -0.1143727 0.07649932 -0.06982916 -0.065296486 0.46937218 -0.18083975 0.14883895 -0.057292476 0.00029018344 -0.017963469 -0.023782417 0.046364423 0.10005063
120 -0.6286757 -0.075790904 0.21965538 -0.045858975 -0.173984 0.13062428 -0.122156985 0.15129048 0.084913924 -0.2039312 -0.4371064 -0.1384734 -0.077644676 0.10998498 -0.0104024755 0.23509903 -0.30917078 0.026110046 0.07289628 -0.034183677 -0.16711336 -0.026892956 -0.24127382 0.4413999 -0.12152078 0.09070791 -0.073630154 0.107433036 -0.08340401 -0.047746833 0.025103861 -0.22776453
28 -0.43524194 0.005414896 0.4896934 -0.043266095 -0.1532837 0.010616904 -0.10396039 0.31536916 0.1579973 -0.2932525 -0.48754156 -0.3293634 0.24771814 0.0942783 0.012526622 0.35816938 -0.23015966 -0.021660125 0.0010022263 -0.120536394 0.07374247 -0.032616194 -0.026676426 0.4710117 -0.17224918 0.14208171 -0.05404246 0.029120121 0.011081174 -0.0030252698 0.0062173265 0.13889742
47 -0.6776609 -0.014788211 0.26808706 -0.120815605 -0.25757444 0.110110104 -0.21938597 0.08749663 0.10649377 -0.09323536 -0.47284564 -0.1777435 -0.030883662 0.012163211 0.06458151 0.17068201 -0.24648555 0.0041970154 0.1234137 -0.00086717145 -0.18884714 0.08187299 -0.15304221 0.29750565 -0.2775983 0.124079764 -0.05444336 0.14355586 -0.16474114 -0.014792255 -0.052944206 -0.18163009
3 -0.64820415 0.0041237217 0.24596488 -0.15567616 -0.08735306 0.15658025 -0.13870355 0.21929826 0.079833895 -0.18496342 -0.41187024 -0.14209127 0.007611192 0.10450744 0.023597982 0.26843953 -0.22972739 0.04563567 0.043751426 -0.054470245 -0.18314293 0.0009884094 -0.14236099 0.38985673 -0.16429557 0.15293132 -0.03257531 0.11595971 -0.10807774 0.005218709 -0.026787037 -0.12108247
22 -0.7526435 -0.05218044 0.1675471 -0.13425873 -0.27108994 0.1877161 -0.23596708 0.07140725 0.09366544 -0.06936166 -0.4172487 -0.1143398 -0.136705 0.053445745 0.045560427 0.16730182 -0.27665272 0.007687211 0.14653268 0.046042625 -0.2732456 0.07293341 -0.24251264 0.28932256 -0.2409695 0.097283594 -0.07369064 0.182709 -0.17378917 -0.038161363 -0.03934248 -0.30437472
30 -0.6604279 -0.012278164 0.24288128 -0.1334277 -0.25059167 0.117835954 -0.25349677 0.08868234 0.14933442 -0.07120495 -0.47407845 -0.17104661 -0.06712749 0.034901466 0.04497428 0.14637478 -0.23852323 -0.0029017914 0.15163459 0.017222868 -0.20378704 0.092861295 -0.16861041 0.30430117 -0.2949591 0.09461834 -0.06967374 0.15321574 -0.20052005 -0.02712207 -0.04833628 -0.22267614
45 -0.69730484 -0.036185417 0.23506923 -0.14350703 -0.34204727 0.10547771 -0.30115578 0.024045136 0.12272046 -0.042528022 -0.48495165 -0.17520842 -0.10695995 -0.017928733 0.05293729 0.12622023 -0.23718348 -0.0065449113 0.16252413 0.048217297 -0.22011238 0.114954695 -0.18100996 0.24332973 -0.3300822 0.074005954 -0.082632996 0.14723395 -0.20082852 -0.02716802 -0.04894081 -0.23804209
118 -0.6585048 -0.062381476 0.22627158 -0.072490476 -0.11583146 0.14329994 -0.089588374 0.19109322 0.044475574 -0.22192137 -0.41069308 -0.12898836 -0.04236972 0.11901546 -0.01146536 0.27055442 -0.2826366 0.049219284 0.06015334 -0.037504252 -0.16674158 -0.0053335214 -0.23637176 0.4562252 -0.08763943 0.052644193 -0.04743899 0.087710604 -0.08444166 -0.06340462 0.050491005 -0.22754608
61 -0.5256112 0.049626354 0.22473584 -0.2829015 0.050979864 0.16382596 -0.10963023 0.27354592 0.11116826 -0.21037148 -0.41085777 -0.19093938 0.15740073 0.1357628 0.08977865 0.2902772 -0.16788286 0.05286574 -0.0059882533 -0.08866245 -0.13986443 0.106358245 -0.011577103 0.39887384 -0.2327236 0.23586759 -0.017640436 0.13326332 -0.1730407 0.017334988 -0.08054239 0.027706487
19 -0.6206903 0.02497125 0.16467413 -0.17680569 -0.022959173 0.21579072 -0.07644809 0.2594619 0.049192682 -0.20738333 -0.44049713 -0.11761847 0.03471879 0.1383501 0.035246093 0.2568156 -0.19975217 0.07311825 0.008493404 -0.03937026 -0.20410213 0.050866563 -0.1750002 0.43134254 -0.14238647 0.17233546 -0.040851142 0.10350341 -0.10462633 -0.009229672 0.0018818919 -0.17777316
88 -0.65683836 -0.006236432 0.25765973 -0.116913185 -0.2712457 0.103230804 -0.25116652 0.10315731 0.14503244 -0.096035674 -0.46047807 -0.19010778 -0.051532794 0.050501835 0.060191646 0.14274077 -0.23026378 -0.0030121363 0.1334502 -0.018684475 -0.1919256 0.07708658 -0.1272211 0.30250293 -0.27646694 0.13883552 -0.06973223 0.15144368 -0.18086277 -0.026255436 -0.038585614 -0.18050325
110 -0.46993238 -0.039820515 0.5121504 -0.016695395 -0.25161073 -0.01487724 -0.11012897 0.25600982 0.18493333 -0.2785473 -0.4959649 -0.31693083 0.18976149 0.08564765 0.008054411 0.3042129 -0.23725426 -0.029254727 0.020170255 -0.124414414 0.04941893 -0.020267237 -0.06369852 0.45978782 -0.20845258 0.13966252 -0.04481829 0.026496641 -0.0023933705 -0.021434167 0.02223065 0.10420378
70 -0.5143297 0.019476041 0.33266214 -0.08535191 -0.16750005 0.10636297 -0.13224494 0.23085505 0.11524994 -0.25971717 -0.47105047 -0.2540532 0.10255237 0.068757884 0.036865246 0.2745051 -0.2524789 0.0053319554 0.036630943 -0.08950418 -0.07180308 0.019484816 -0.109441616 0.41646484 -0.18879448 0.16512743 -0.019940179 0.09214299 -0.049332187 -0.024180453 -0.038278434 -0.044395387
112 -0.41845503 -0.006648071 0.5144046 -0.01004009 -0.20335482 -0.019579675 -0.07357375 0.2956207 0.1705756 -0.3209488 -0.5185462 -0.32831517 0.22519886 0.09217329 0.024309387 0.33363932 -0.21678586 0.020320918 -0.022159377 -0.1482695 0.08097655 -0.038109556 -0.034759756 0.49967402 -0.13183329 0.1810803 -0.031144032 -0.0061048525 0.031628422 -0.022256093 0.04133038 0.14260781
39 -0.4707928 0.08211092 0.15803942 -0.3181367 0.14171807 0.24368991 -0.044261813 0.36225477 0.120289624 -0.2342511 -0.45007524 -0.1998648 0.21991187 0.1604886 0.13503563 0.34329712 -0.11799193 0.035890885 -0.06833834 -0.09291219 -0.15520893 0.111072324 0.0036492792 0.418841 -0.15985096 0.3030096 0.01459002 0.12505646 -0.17377305 0.00031147242 -0.09870655 0.04993833
101 -0.66042167 -0.02222842 0.18285799 -0.13253556 -0.109404214 0.19734453 -0.14267652 0.15303807 0.07231819 -0.2020221 -0.4286996 -0.12405328 -0.050673593 0.09248748 0.015603827 0.24075553 -0.25695 0.053353176 0.07036838 -0.015142379 -0.20999122 0.031236732 -0.22004332 0.4010647 -0.12661003 0.12036807 -0.06085436 0.12681088 -0.13371214 -0.052129887 -0.017022202 -0.21989124
1 -0.5695084 0.10125193 0.023364697 -0.37446722 0.19959931 0.3552372 -0.087944746 0.32433385 0.08919479 -0.17899066 -0.40519527 -0.114274204 0.103616804 0.155533 0.12701157 0.30555862 -0.14165376 0.034585822 -0.027468678 -0.041334298 -0.3181723 0.16176309 -0.0299355 0.35886672 -0.19052638 0.32930005 0.012085265 0.18233342 -0.22360826 0.019071301 -0.15287966 -0.060904995
58 -0.5851165 -0.030579487 0.30371258 -0.03963198 -0.1749864 0.09716237 -0.118852444 0.21852934 0.09524264 -0.22961621 -0.4367695 -0.19010083 -0.010285258 0.06992429 0.0132775605 0.26297116 -0.25429523 0.030213913 0.05335119 -0.05610568 -0.11581347 -0.0034418786 -0.18786353 0.4301105 -0.14761935 0.099278726 -0.054072857 0.07303202 -0.071097635 -0.026863674 0.03018365 -0.13769194
79 -0.5163611 0.02294243 0.42385352 -0.052854788 -0.21332543 0.048875406 -0.14104068 0.19542012 0.12795223 -0.22236474 -0.50155365 -0.26471713 0.13232411 0.040709354 0.047536332 0.25303638 -0.2266972 0.011521973 0.053181604 -0.07646127 0.012902943 0.015089132 -0.106964126 0.39451227 -0.21395029 0.11970997 -0.044409335 0.057084493 -0.041661486 -0.021897001 -0.02806488 -0.010389334
35 -0.69376224 -0.030429529 0.1750443 -0.15600811 -0.2599055 0.17725098 -0.24067521 0.046716113 0.105545074 -0.07450569 -0.4980263 -0.17465572 -0.115819335 0.054416552 0.04214825 0.10091115 -0.2382603 0.023188327 0.14506914 0.016316473 -0.22616802 0.14273404 -0.190885 0.27712795 -0.2666915 0.105574556 -0.041575063 0.16292067 -0.21881437 -0.043965124 -0.013149022 -0.2605395
43 -0.47619697 -0.02066669 0.502974 0.020303786 -0.17683034 -0.019103551 -0.09442697 0.2597087 0.15311368 -0.3417655 -0.46771163 -0.31112555 0.20784661 0.07473096 -0.001625315 0.33760738 -0.26936412 0.030253107 -0.023987697 -0.15610532 0.08731799 -0.109047584 -0.073736496 0.4866642 -0.16612425 0.1433588 -0.054490276 0.005662765 0.007024434 -0.018644592 0.020601647 0.11672835
85 -0.5246497 0.07586346 0.07385755 -0.34845304 0.1655994 0.27496767 -0.056017667 0.32390657 0.104429975 -0.20857827 -0.42956305 -0.15673296 0.14306405 0.1525201 0.13166863 0.2846562 -0.14670326 0.010933259 -0.04159449 -0.06860765 -0.260938 0.13821216 -0.03999177 0.36390534 -0.17403978 0.3005773 -0.013117314 0.14486738 -0.21924639 0.01330909 -0.098241806 -0.046586126
10 -0.65477204 0.028767686 0.2335742 -0.1820589 -0.21101092 0.11557016 -0.23068526 0.142209 0.13673829 -0.11739659 -0.48186487 -0.207986 -0.014926091 0.033326466 0.081132144 0.14167425 -0.22166993 0.012654103 0.14034997 -0.0040278845 -0.18003987 0.11273772 -0.11899276 0.2565989 -0.29289895 0.14601105 -0.031964604 0.15282601 -0.18132187 0.021322537 -0.02726845 -0.16599956
68 -0.64256036 -0.03548122 0.2618633 -0.10574979 -0.16995907 0.09815757 -0.14504908 0.16267449 0.0855662 -0.18683979 -0.4632817 -0.174618 -0.014282498 0.093958244 0.04245056 0.2221327 -0.23197731 0.00032277775 0.06310719 -0.03950143 -0.14375937 0.03836369 -0.17824022 0.37902445 -0.16118214 0.09951611 -0.059388816 0.10071241 -0.10348652 -0.02492992 0.0015717563 -0.17741808
66 -0.38763338 -0.025878206 0.5038595 -0.023988318 -0.1994134 -0.01949004 -0.09660237 0.3013555 0.17679302 -0.31662342 -0.5329281 -0.35488462 0.22418326 0.09065409 0.025230214 0.34008166 -0.2207975 0.0240841 -0.015167539 -0.1143894 0.06242566 -0.06562131 -0.054974575 0.46673778 -0.1796856 0.188429 -0.03608393 -0.00621254 -0.016765624 -0.02589559 0.026680073 0.17627005
48 -0.52574253 0.06256623 0.13226148 -0.31588984 0.0818535 0.21764162 -0.08810051 0.33518293 0.09505832 -0.1872289 -0.46341822 -0.18249296 0.17516233 0.12699632 0.12513976 0.31117702 -0.12533043 0.038096115 -0.009192765 -0.07014214 -0.17944151 0.13215248 0.015011604 0.38956183 -0.16807346 0.26664853 -0.018325606 0.12581639 -0.1550259 0.024455715 -0.10226056 0.028693087
83 -0.6111171 0.077120215 0.04754176 -0.36373556 0.110399164 0.33536172 -0.12219619 0.24547343 0.076397605 -0.120714255 -0.43250066 -0.12901601 0.05456405 0.115922004 0.14084624 0.22715925 -0.13967307 0.014500888 0.026268633 -0.018022118 -0.34206784 0.19177157 -0.07844187 0.3041592 -0.23635831 0.30321395 -0.01276267 0.19692907 -0.25482646 0.022420889 -0.12928888 -0.13773802
37 -0.59019446 0.07318612 0.12811156 -0.32118684 0.1391966 0.2746631 -0.12535411 0.3141582 0.09429806 -0.14767416 -0.4034785 -0.17348185 0.13377303 0.10219099 0.12446818 0.29114392 -0.13272366 0.011239555 -0.010225704 -0.091034725 -0.25343755 0.13121873 0.001962609 0.34476373 -0.2110317 0.30942088 -0.006729647 0.14948672 -0.18699864 0.029262735 -0.13741186 -0.017409263
20 -0.5400252 0.05392506 0.17591776 -0.2912186 0.10089363 0.2361648 -0.07050197 0.30810007 0.0859523 -0.22314529 -0.41877642 -0.18688191 0.13720068 0.13347591 0.100494325 0.30052012 -0.14969416 0.006864869 -0.016891956 -0.08061224 -0.1744767 0.108945414 -0.04982325 0.36175278 -0.18286115 0.28279802 0.0017687402 0.14988878 -0.17153208 0.00242329 -0.07875784 -0.02171248
78 -0.45756996 -0.037571266 0.59373546 -0.008528793 -0.20778045 -0.090799086 -0.07067189 0.30524775 0.1774327 -0.3435362 -0.50829697 -0.3458674 0.2775587 0.11685727 0.010820165 0.36848587 -0.2161051 0.0062360275 -0.009753785 -0.16757591 0.15636083 -0.1095691 0.007619717 0.513159 -0.1247751 0.16264534 -0.052611418 -0.030674506 0.024590021 -0.005724088 0.040181823 0.25082105
7 -0.6856182 -0.049067292 0.27858034 -0.08495729 -0.23110466 0.08375635 -0.15418763 0.120777674 0.11488241 -0.1317253 -0.43339497 -0.16478507 -0.056265794 0.08783616 0.024326533 0.18912148 -0.27968693 0.02721448 0.11183416 -0.025042487 -0.1830315 0.029548982 -0.17845052 0.35838947 -0.19111279 0.08628402 -0.06261196 0.10317136 -0.09772905 -0.024388656 0.007260038 -0.19413313
69 -0.64506817 -0.038063295 0.20192225 -0.10778954 -0.16393228 0.158681 -0.14327498 0.16998626 0.10263047 -0.1568285 -0.45164233 -0.15978117 -0.03110105 0.098481245 0.04159664 0.24694507 -0.26018572 0.061071064 0.07014185 0.005030984 -0.19369537 0.04767496 -0.18529849 0.40604702 -0.16483593 0.13452007 -0.07582307 0.09866474 -0.110180795 -0.016347272 -0.025266461 -0.19238225
127 -0.521772 -0.03839579 0.4587402 0.013809831 -0.23396382 -0.017838363 -0.12379011 0.26566312 0.17213672 -0.30210456 -0.45631647 -0.27978343 0.14773802 0.07158358 0.004082435 0.27482462 -0.2797087 -0.0035054225 0.006938181 -0.13375264 0.024449326 -0.07063605 -0.10986076 0.47586492 -0.16813526 0.120252304 -0.081369184 0.023727294 0.0069260504 -0.035886925 0.020582138 0.057177328
96 -0.47447366 0.011629678 0.42849833 -0.03158152 -0.13658383 0.046257693 -0.08191633 0.29225433 0.17809267 -0.29516816 -0.45778385 -0.29853895 0.17281349 0.092332155 0.016346373 0.29964712 -0.2256526 -0.026713675 -0.014458928 -0.10636052 0.034048494 -0.040282954 -0.060411196 0.4628138 -0.15318993 0.2001462 -0.04680835 0.08403831 -0.021823471 -0.018329935 0.0065439483 0.124662496
40 -0.6726829 0.02042628 0.16980338 -0.17921546 -0.23556352 0.14986247 -0.28594446 0.05333201 0.13017197 -0.03747947 -0.49059972 -0.19719495 -0.09386667 0.023732059 0.07610748 0.12222028 -0.23294328 -0.013034003 0.18873389 0.016219696 -0.30127442 0.1520656 -0.17144181 0.21408573 -0.3507209 0.1149444 -0.019573238 0.23550445 -0.22478653 -0.006941056 -0.07149963 -0.2616062
21 -0.4355173 0.010744354 0.39970085 -0.07333509 -0.12410326 0.061257225 -0.13242996 0.3035461 0.15800014 -0.30620462 -0.5105015 -0.2777502 0.20447327 0.08353099 0.040641133 0.30107942 -0.21334438 -0.019843863 0.002325385 -0.11609888 0.033254348 -0.015207267 -0.032496665 0.45458454 -0.17774592 0.20232588 -0.020873768 0.04283544 -0.0452815 -0.019444287 -0.020580724 0.13057308
36 -0.6881701 -0.052157 0.1738462 -0.0995711 -0.1794382 0.16113879 -0.15805808 0.15493234 0.07885304 -0.14800775 -0.44862527 -0.114502825 -0.073879726 0.08173056 0.023357777 0.21531932 -0.27370694 0.0094252415 0.09668666 -0.008112772 -0.21911946 0.04904168 -0.23004185 0.38280633 -0.15057054 0.097885296 -0.05860882 0.12551054 -0.15813105 -0.047137428 0.003936198 -0.2814327
41 -0.5149389 0.048839968 0.19580927 -0.3162144 0.13008972 0.248623 -0.0546166 0.32879978 0.11634446 -0.21393093 -0.43797922 -0.20347442 0.20686796 0.15696177 0.104318015 0.2961427 -0.11909219 0.05859213 -0.058561284 -0.08360734 -0.17475198 0.10011826 0.023768717 0.39087862 -0.17238495 0.30191877 -0.013467782 0.11250026 -0.15831855 0.032307845 -0.10047158 0.037521295
31 -0.73368627 -0.025912799 0.2047636 -0.1465989 -0.26194102 0.13980767 -0.26133084 0.08435081 0.13074404 -0.0458441 -0.4582998 -0.18510613 -0.12431283 0.009070213 0.05594994 0.108263694 -0.23746213 -0.015766414 0.15496272 0.052850656 -0.26208758 0.10512186 -0.19551635 0.25239056 -0.30615968 0.09192152 -0.05466914 0.16486095 -0.2103501 -0.015400903 -0.04297656 -0.28452468
119 -0.6780838 0.014554445 0.15498771 -0.16592696 -0.24772982 0.14233197 -0.25186604 0.07810554 0.15109073 -0.044480298 -0.49625042 -0.20507778 -0.09536839 0.052644525 0.08526679 0.093190044 -0.25126028 -0.007742219 0.1710559 0.053656556 -0.30283523 0.15947784 -0.1507456 0.22107488 -0.2875047 0.09114065 -0.025088567 0.19168118 -0.21559173 -0.0006198192 -0.04296883 -0.28604472
52 -0.4033221 -0.021124098 0.63301176 0.03246432 -0.22707595 -0.100071 -0.07705364 0.32905638 0.21810889 -0.36944887 -0.5312083 -0.39173943 0.3215725 0.11004543 0.0037931446 0.3669344 -0.23129097 -0.0054374826 -0.06299811 -0.16531287 0.17461401 -0.10218628 -0.019274957 0.53482497 -0.106063135 0.15553764 -0.07733067 -0.045292974 0.03959463 -0.029746218 0.052298106 0.22919883
50 -0.37299138 0.05061834 0.53344893 -0.05093643 -0.13539739 0.004381063 -0.08294379 0.37328845 0.19382757 -0.35800195 -0.49237674 -0.35338464 0.32902408 0.09342149 0.047338214 0.3857354 -0.21195902 0.014815515 -0.071536385 -0.13511363 0.13087018 -0.06494641 -0.0063742446 0.5139076 -0.184646 0.22499315 -0.050481215 0.0050368193 0.035048332 0.016765816 -0.029466864 0.22396162
14 -0.54598236 0.07683757 0.17067443 -0.2974007 0.09436674 0.22768402 -0.0870126 0.30835277 0.11089113 -0.16429494 -0.4040452 -0.18860003 0.122140855 0.12762962 0.10550142 0.30685335 -0.15955178 0.004085722 0.0065127844 -0.09598816 -0.22391641 0.13881427 -0.048627947 0.3578338 -0.19925503 0.29259896 -0.013822375 0.16436401 -0.19112676 0.0011379677 -0.1129126 -0.06536205
12 -0.44510967 0.012077066 0.54095227 -0.012417208 -0.19965875 -0.027517349 -0.10939549 0.2884433 0.17648765 -0.3030364 -0.4803006 -0.34290528 0.2551112 0.08492431 0.019376092 0.3425627 -0.22829583 0.006159197 -0.026516939 -0.13129248 0.087647595 -0.068011686 -0.028119864 0.48817784 -0.17098409 0.14922868 -0.05195487 0.0011744888 0.044434898 -0.024616 0.004802699 0.18295895
128 -0.6814447 -0.015462723 0.18803696 -0.16873647 -0.2745291 0.13488072 -0.2831354 0.058832552 0.1200635 -0.042607702 -0.4885762 -0.16736609 -0.105604425 0.046660222 0.057440378 0.09872392 -0.25800627 -0.01062164 0.17583698 0.047824282 -0.2614536 0.14921105 -0.18214592 0.24628332 -0.3325159 0.11377167 -0.04405668 0.20423454 -0.20258836 0.0014592435 -0.039579157 -0.24038538
109 -0.5168891 -0.04325657 0.44769162 0.011770071 -0.2590023 0.0025076352 -0.1315252 0.2354426 0.16159569 -0.2537767 -0.47975907 -0.27259517 0.11847329 0.09171955 0.011933536 0.2965428 -0.270325 -0.011275122 0.051028077 -0.10290367 0.029247183 -0.05650863 -0.104793265 0.43576154 -0.16191468 0.095765 -0.073281124 0.03662796 -0.018023906 -0.026961405 0.020130852 0.02630489
27 -0.61093336 0.05599524 0.10592557 -0.31762317 0.122193046 0.23168485 -0.12403709 0.2912006 0.07334106 -0.17576799 -0.41521832 -0.15530756 0.08108607 0.12948614 0.08004478 0.23978642 -0.14138165 0.0073072524 -0.010748348 -0.049983107 -0.25497097 0.15428503 -0.03822102 0.3748399 -0.19870196 0.23384291 -0.014600169 0.14131144 -0.22699834 0.027872663 -0.07433484 -0.09629142
5 -0.48089966 -0.033336326 0.5081726 0.006684077 -0.25543123 -0.036858454 -0.12930885 0.26076907 0.19205025 -0.3003561 -0.4848886 -0.3114965 0.17065004 0.07368877 0.0062606325 0.2752705 -0.25970066 -0.03763555 0.0038288622 -0.12621923 0.051335488 -0.07694893 -0.064589545 0.46870705 -0.16805215 0.16214097 -0.06157375 0.027101027 -0.029614948 -0.025933765 0.043036014 0.11478878
93 -0.41738373 -0.023887634 0.5841949 0.04161508 -0.2647208 -0.052071415 -0.1129256 0.28972325 0.20665474 -0.3441986 -0.5338622 -0.37554437 0.23576567 0.09264827 -0.010321899 0.36063153 -0.25047517 0.009804119 -0.013858928 -0.13919064 0.14992586 -0.09677247 -0.019553686 0.51576716 -0.16811122 0.14091557 -0.07355181 -0.00017724017 0.06378411 -0.009147796 0.019380098 0.19893937
9 -0.5648283 0.09023019 0.109620325 -0.35197008 0.084652424 0.26075593 -0.13449153 0.27178717 0.13863277 -0.15219408 -0.44190723 -0.16952601 0.15594278 0.11187901 0.13228695 0.25120282 -0.13092537 0.04697253 -0.019373309 -0.058284625 -0.24005598 0.18582395 -0.019783225 0.36776423 -0.22642642 0.27629608 -0.0045070127 0.14962429 -0.21762623 0.029294943 -0.11184611 -0.033341307
81 -0.67376465 0.0077153738 0.10411476 -0.17824934 -0.01143925 0.23460896 -0.07252274 0.1990644 -0.0053576645 -0.22679377 -0.39259878 -0.06361398 -0.04682416 0.12563363 0.012072776 0.24215771 -0.2745776 0.08661296 0.070036694 -0.010091765 -0.26646572 0.06470331 -0.25427857 0.39824006 -0.11037108 0.12296156 -0.03154917 0.1369271 -0.1261554 -0.024289092 -0.031842012 -0.26885048
8 -0.6444685 0.00071091997 0.16065913 -0.1996393 -0.040255796 0.24438773 -0.10127815 0.21870458 0.034066737 -0.2291095 -0.3933602 -0.14320749 -0.01962812 0.1330248 0.03743064 0.27399045 -0.25319356 0.032483242 0.07130919 -0.029103644 -0.2308941 0.051208537 -0.1812584 0.3639146 -0.13763171 0.15286215 -0.017674046 0.14870277 -0.13799046 -0.030500898 -0.039224364 -0.18710335
26 -0.74839646 -0.011539131 0.17743388 -0.14780219 -0.12532344 0.1625005 -0.1270598 0.15439372 0.050863322 -0.15214469 -0.3926276 -0.10041722 -0.056297865 0.10019125 0.018367581 0.23937602 -0.25326136 0.06065189 0.055422004 -0.022180505 -0.2578912 0.027819647 -0.2050124 0.37533173 -0.11428479 0.08084242 -0.039880186 0.0935189 -0.099377744 -0.029675338 -0.00943364 -0.269363
46 -0.699812 0.04514583 0.061767053 -0.2742932 -0.07974801 0.22986092 -0.21362278 0.16081606 0.10450031 -0.04308182 -0.42256236 -0.12513547 -0.05724727 0.07726797 0.08789882 0.17901428 -0.17711756 0.02493041 0.11809501 0.014424058 -0.3404111 0.17659296 -0.13913894 0.2856176 -0.27035722 0.1580512 -0.025488824 0.20639132 -0.23217545 0.010901381 -0.09399664 -0.2710989
76 -0.5563539 0.06347669 0.14922146 -0.26940808 0.05155401 0.21397676 -0.07720104 0.30401084 0.09103016 -0.19440912 -0.4565495 -0.158842 0.13462375 0.124760374 0.08644216 0.26552862 -0.1473746 0.021988954 -0.009116469 -0.06782289 -0.19440357 0.10876794 -0.047768485 0.38534346 -0.189218 0.24573271 -0.024981305 0.119066715 -0.16649796 0.017399108 -0.076261505 -0.022295842
102 -0.59615093 -0.025069019 0.28657043 -0.044020504 -0.16983458 0.10046891 -0.1164369 0.22834972 0.0911129 -0.23185535 -0.447345 -0.18088531 0.012222773 0.10691898 -0.01597208 0.28564855 -0.28150615 0.04216607 0.08104195 -0.04762074 -0.0780283 -0.042527724 -0.19785301 0.4285583 -0.12060549 0.07720535 -0.049585298 0.08272933 -0.02908377 -0.040840093 0.035404522 -0.14977309
42 -0.6664749 0.0051212935 0.2179735 -0.18350317 -0.18718141 0.13500175 -0.20532565 0.108135566 0.103643335 -0.082498364 -0.47021896 -0.17911124 -0.032665357 0.06959535 0.07518432 0.137974 -0.22509614 -0.011747304 0.12402276 -0.0026147806 -0.20152913 0.11279755 -0.15348443 0.2742782 -0.26367936 0.11454391 -0.034219008 0.16389267 -0.19618881 -0.014659312 -0.03650206 -0.2084583
17 -0.5794323 0.08640375 0.045223188 -0.35865155 0.20840017 0.30573457 -0.05203606 0.33245617 0.096423075 -0.16119297 -0.39480478 -0.13943285 0.1024166 0.1483081 0.100110695 0.32263023 -0.111631766 0.035559114 -0.042496398 -0.08527857 -0.2677027 0.15300052 -0.016801033 0.3858572 -0.18606098 0.30413806 -0.03378588 0.16630706 -0.19067836 0.02027919 -0.13181098 -0.083320215
25 -0.6914238 -0.058405787 0.25080544 -0.07528155 -0.12932467 0.13070954 -0.10793128 0.22022784 0.077833496 -0.22297557 -0.43232477 -0.16448496 -0.026749061 0.10547611 0.010330788 0.2693004 -0.24780333 0.046741147 0.05938275 -0.04198307 -0.14802015 -0.0129862325 -0.18584464 0.40623438 -0.095198765 0.07129808 -0.050921462 0.048426624 -0.095499754 -0.046048757 0.017764352 -0.14626323
77 -0.48257098 0.08015699 0.17644271 -0.29772657 0.08313639 0.24441935 -0.08611474 0.30863422 0.11516721 -0.23852953 -0.42104423 -0.20224437 0.20166987 0.12815455 0.08955163 0.31581965 -0.18332031 0.030946832 -0.018724935 -0.09962715 -0.16216618 0.091050155 -0.030712957 0.41084248 -0.17821217 0.30118883 -0.03060035 0.123515815 -0.15875088 -0.026781041 -0.06628522 0.03580382
73 -0.4681095 0.05424594 0.452388 -0.108044036 -0.09218504 0.023007069 -0.079291955 0.31323737 0.15929712 -0.2894779 -0.47954348 -0.2912054 0.23987412 0.07330008 0.0473661 0.3474545 -0.20608704 0.023723902 -0.014424766 -0.13216269 0.034547716 0.002554713 -0.04890227 0.4512311 -0.17461523 0.1914585 -0.028891252 0.03309802 -0.01028336 -0.015643472 -0.035251487 0.11788884
29 -0.4762345 0.08338573 0.19576105 -0.3168029 0.114018075 0.21646337 -0.09694393 0.33402714 0.09957176 -0.22143209 -0.442213 -0.22013338 0.21201213 0.15219525 0.1402405 0.30768752 -0.15334721 0.044831973 -0.014121285 -0.07088391 -0.17114645 0.10854488 0.011004913 0.36674502 -0.23480818 0.29736307 0.018320998 0.119191945 -0.1666398 0.035021752 -0.10906667 0.066821985
59 -0.6966264 -0.010845776 0.28405845 -0.086605884 -0.39972314 0.094762795 -0.33418998 0.005780211 0.17239602 -0.0341326 -0.48587653 -0.21246783 -0.11153061 0.022685727 0.060966898 0.064149454 -0.2796849 -0.009996827 0.18215965 0.041719556 -0.2580491 0.13600525 -0.19148481 0.2316017 -0.3324293 0.095910214 -0.042839322 0.18406513 -0.2064799 -0.031230077 -0.0066005853 -0.25506026
18 -0.6681551 -0.015581128 0.195469 -0.11518713 -0.15368943 0.16147833 -0.17155646 0.17266987 0.087564625 -0.17115416 -0.43068978 -0.13496304 -0.037523165 0.09630665 0.032730192 0.24184708 -0.23415504 0.046459194 0.10107227 -0.014612344 -0.21709558 0.03581753 -0.190666 0.3880793 -0.18000036 0.11128492 -0.04437748 0.12998022 -0.15333928 -0.018519035 -0.019851962 -0.2241148
105 -0.55542517 0.068354055 0.13088733 -0.34312904 0.104598396 0.2622929 -0.07009394 0.29290915 0.11173678 -0.18932363 -0.40143067 -0.14981236 0.15578665 0.13470009 0.09015352 0.31421095 -0.1536839 0.04005662 -0.022845095 -0.08893295 -0.24640898 0.13595049 -0.046107598 0.4054397 -0.15683413 0.27625018 -0.032016885 0.1555444 -0.14036483 -0.002822121 -0.11025305 -0.060276896
95 -0.4144881 0.026060294 0.5764225 0.05188121 -0.22952063 -0.06645134 -0.07616006 0.32665357 0.22215894 -0.3769554 -0.51964575 -0.35938552 0.28100654 0.09661025 -0.0076499293 0.36391693 -0.26748848 -0.040115397 -0.02034539 -0.19260499 0.10903908 -0.0864115 -0.019342829 0.5191409 -0.14213851 0.16801909 -0.08157687 0.0029862595 0.0832488 -0.02738335 0.058615904 0.22583899
89 -0.70307064 0.008883445 0.2684312 -0.11864523 -0.3474985 0.048647925 -0.3029879 0.029496238 0.12647484 -0.03210732 -0.4731673 -0.19762377 -0.052970953 -0.013295506 0.07668666 0.106459655 -0.24039865 -0.028166028 0.17168285 0.0041166088 -0.19551453 0.123672485 -0.15703781 0.24836326 -0.35948783 0.08128619 -0.06300413 0.16540529 -0.19828454 -0.014165883 -0.04915904 -0.20907463
90 -0.6823948 -0.0012008522 0.18159646 -0.12908006 -0.14524867 0.15679324 -0.16181658 0.16818963 0.06402275 -0.16395652 -0.4262545 -0.141073 -0.06272382 0.065696165 0.020055566 0.19458975 -0.24125499 0.01672085 0.073301196 0.007672672 -0.2390044 0.09055896 -0.2091344 0.34753764 -0.17139481 0.08175418 -0.023311773 0.13455273 -0.11670566 -0.005148647 -0.023723122 -0.2472115
64 -0.69413835 -0.027668776 0.24149583 -0.106494635 -0.30144092 0.10696825 -0.25979173 0.065425 0.1304292 -0.08592326 -0.4704756 -0.16924202 -0.08122095 0.042578463 0.044816177 0.11354819 -0.2367837 0.007807551 0.13636002 0.0006231973 -0.2289844 0.10257128 -0.18403783 0.27204147 -0.26114443 0.04658155 -0.03877176 0.15376927 -0.1516179 -0.037499648 0.017589362 -0.24979089
15 -0.62712365 -0.07130486 0.22798489 -0.07465028 -0.17998578 0.13820274 -0.16757211 0.1307782 0.08038459 -0.170888 -0.46484554 -0.13482642 -0.04635832 0.09679637 0.017349623 0.21956074 -0.28042758 0.054661933 0.07858352 0.02100654 -0.1879871 0.022654453 -0.22930247 0.3996473 -0.1586022 0.08098821 -0.067888655 0.06965038 -0.11341934 -0.055636384 -0.0014534644 -0.23973477
84 -0.67817235 0.029386085 0.21554306 -0.14660446 -0.26257637 0.10098614 -0.27251717 0.096918695 0.16722701 -0.08392321 -0.47094643 -0.18623455 -0.039418783 0.025544269 0.05324495 0.13606589 -0.22904667 -0.012423366 0.14115691 -0.017383257 -0.23420306 0.11020075 -0.14982446 0.26725012 -0.30596858 0.10134294 -0.042744864 0.17655177 -0.17512202 0.005057379 -0.045200374 -0.20245901
44 -0.67250586 -0.025574442 0.13085559 -0.14119455 -0.056703284 0.22562933 -0.12846869 0.2238733 0.069076635 -0.16893366 -0.40018842 -0.12347411 -0.07468402 0.12639087 0.02987597 0.25877148 -0.24377891 0.02663185 0.057740264 -0.018139979 -0.23584345 0.0034042473 -0.19612254 0.38155007 -0.10040713 0.14332724 -0.05229108 0.14839013 -0.15029866 -0.007508477 -0.038399003 -0.24094795
60 -0.743406 -0.024654273 0.15582146 -0.17634413 -0.2875436 0.18592712 -0.31364006 0.03545475 0.08635007 0.0064441804 -0.4392978 -0.12957242 -0.16642854 0.035835426 0.08564548 0.07894505 -0.2263953 0.02040165 0.20270692 0.048503637 -0.33682618 0.15651375 -0.20042029 0.23892392 -0.3395671 0.106710605 -0.039720334 0.18520468 -0.22883989 -0.0034615414 -0.062096905 -0.3161813
111 -0.6147079 0.0949 0.15308604 -0.30288422 0.05661666 0.24230602 -0.12915756 0.2774337 0.110129185 -0.18357238 -0.40587774 -0.17250682 0.075146824 0.07531798 0.097369015 0.23233692 -0.16213372 -0.007236943 0.014644201 -0.06611525 -0.24708289 0.14050144 -0.057095993 0.32010806 -0.22661941 0.24967316 -0.0031036302 0.20007822 -0.18757533 0.02277363 -0.124426045 -0.06004101
2 -0.58623695 0.06554825 0.08292908 -0.29365587 0.12262129 0.26872435 -0.066023745 0.30431816 0.058646385 -0.18549436 -0.399275 -0.116933525 0.06857636 0.15676628 0.093117334 0.3007163 -0.16953398 0.05078369 0.01919866 -0.07852349 -0.24477373 0.09239219 -0.07980502 0.4014676 -0.16631791 0.27357408 -0.029546404 0.15656501 -0.16408157 0.024863193 -0.07445266 -0.1275782
86 -0.6376995 0.009473219 0.24891078 -0.12708414 -0.20204736 0.1135657 -0.25258693 0.13882382 0.122881636 -0.11085887 -0.46325213 -0.19716963 -0.03195364 0.02723108 0.0758537 0.15859479 -0.23770809 0.002993176 0.13301452 -0.0009096697 -0.2086039 0.101063326 -0.13997842 0.30541098 -0.2694905 0.11511959 -0.050807495 0.13473186 -0.1735102 -0.010809066 -0.0619383 -0.1784511
82 -0.59922075 0.055789717 0.07492768 -0.33652565 0.12097936 0.30193302 -0.1085685 0.27159512 0.09166245 -0.12564898 -0.40735108 -0.12086178 0.070861384 0.107976295 0.1367057 0.26995885 -0.12794274 0.015548688 -0.012120943 -0.023465475 -0.2518334 0.15978198 -0.058822047 0.35865992 -0.20247534 0.27604342 -0.012266679 0.1767794 -0.20479901 -0.0041773748 -0.10530121 -0.14326863
74 -0.5639015 0.019942734 0.24366552 -0.13840047 -0.021884376 0.16452146 -0.07584798 0.2305545 0.05395546 -0.25222373 -0.4067903 -0.17987978 0.076519996 0.112835675 0.049062677 0.29925552 -0.2293177 0.06108706 -0.000801749 -0.07778627 -0.1595401 0.0371641 -0.14078338 0.43905616 -0.12150093 0.17873995 -0.027577851 0.107879125 -0.064355254 -0.014678803 -0.0112054255 -0.077870056
91 -0.6011158 0.022585895 0.2807677 -0.15294808 -0.24757236 0.1184243 -0.22683875 0.16137187 0.15868004 -0.091211066 -0.45773584 -0.20712258 0.011186737 0.057912756 0.080083765 0.18710564 -0.23302601 -0.022688435 0.12683105 -0.018219406 -0.157907 0.11117407 -0.10236606 0.27843678 -0.3045688 0.1888019 -0.044983376 0.15486911 -0.17832677 0.0010358943 -0.06679038 -0.08722339
121 -0.45813355 0.011465898 0.48312014 -0.052906275 -0.11334703 0.008798484 -0.09130632 0.3192177 0.1588591 -0.34950536 -0.47059888 -0.29851454 0.24441686 0.11130655 0.035111178 0.30820268 -0.22302529 -0.005872332 -0.0354103 -0.14220607 0.047443252 -0.048422713 -0.056608714 0.4773163 -0.114711724 0.15862249 -0.025097135 0.021625843 -0.009250521 -0.019927379 0.012704791 0.16165785
100 -0.61336225 -0.012619668 0.2325413 -0.10035511 -0.079432584 0.14277512 -0.075851195 0.23461658 0.11255964 -0.20809291 -0.4102521 -0.1630543 0.029178092 0.113177866 0.021192748 0.28470638 -0.24754909 0.042198215 0.041537054 -0.075155914 -0.11473383 0.0059711556 -0.1667255 0.44907996 -0.11526787 0.13322626 -0.06755891 0.08433719 -0.07771753 -0.044216353 0.012144693 -0.1500581
72 -0.74660504 0.0058223284 0.20970434 -0.16991091 -0.21712087 0.14957012 -0.23188666 0.061361715 0.13483045 -0.05264012 -0.45092803 -0.13585319 -0.056362383 0.012468945 0.049342353 0.14641793 -0.21894675 0.0037982378 0.116287164 0.032715127 -0.24353266 0.10150758 -0.17496128 0.26906317 -0.26384524 0.117945306 -0.08217819 0.14897932 -0.19804215 -0.014329046 -0.061351426 -0.23470512
107 -0.598457 0.05411204 0.17992173 -0.18772951 0.033234004 0.20602348 -0.05906975 0.29460832 0.07082322 -0.20244172 -0.43615946 -0.14327206 0.08584633 0.1372446 0.057190053 0.28411058 -0.18810716 0.04582642 -0.0073342226 -0.07885404 -0.17937326 0.08386715 -0.12964572 0.42106035 -0.1305026 0.19583867 -0.035167135 0.101412036 -0.12537354 0.0050678113 -0.047428224 -0.12901816
98 -0.527638 0.015634421 0.2310631 -0.21298487 -0.03719371 0.16873565 -0.111948855 0.27746853 0.1283407 -0.1692761 -0.44499475 -0.2237046 0.14169034 0.09131492 0.0992183 0.28807485 -0.17458239 0.0059673814 -0.00448887 -0.07154693 -0.17540221 0.10086944 -0.025850931 0.37149158 -0.21748053 0.24027799 -0.014868482 0.119953014 -0.113642454 0.01201496 -0.053143356 0.0070013963
65 -0.7132944 -0.004234203 0.20477933 -0.12682442 -0.21894552 0.14573695 -0.22176638 0.10805658 0.12065318 -0.095968746 -0.41472885 -0.16614614 -0.06501304 0.038578413 0.04596517 0.1404703 -0.25124267 0.010014198 0.13715212 -0.015886886 -0.23161829 0.09357522 -0.17946902 0.28335407 -0.25552353 0.11391847 -0.046399508 0.16308093 -0.14951189 -0.0317815 -0.04735016 -0.233194
33 -0.6897341 -0.013615418 0.22785453 -0.17730829 -0.2854881 0.1022092 -0.26640323 0.052524593 0.11020903 -0.053800225 -0.46246192 -0.19368303 -0.07235547 0.02852941 0.05226545 0.1273522 -0.24188004 0.0114671085 0.17313266 0.023027087 -0.25541225 0.15798911 -0.20464808 0.25565115 -0.2932741 0.10556882 -0.05360185 0.15587975 -0.20162125 -0.029999034 -0.025563085 -0.25784633
114 -0.6691984 -0.05442242 0.1693253 -0.13117784 -0.12536444 0.19942817 -0.11367016 0.18558407 0.057078667 -0.18662626 -0.4447239 -0.124754794 -0.097158365 0.09140018 0.026967663 0.22894979 -0.26644826 0.05889187 0.07863325 -0.0012076766 -0.20192428 -0.012329069 -0.21300888 0.38985994 -0.11634245 0.10301549 -0.050319947 0.101006575 -0.15320842 -0.052167103 0.0009706158 -0.25032702
6 -0.7107305 -0.023443734 0.1063616 -0.20368738 0.005651222 0.22581954 -0.09096352 0.22672434 0.05565604 -0.1691107 -0.38350508 -0.08717785 -0.03530692 0.13849238 0.05373395 0.24660344 -0.22986428 0.06848247 0.04107536 -0.0066806506 -0.2602831 0.037654344 -0.20423864 0.40049335 -0.11193783 0.14636016 -0.061926365 0.11442638 -0.12791882 -0.028519884 -0.0067004166 -0.25124773
117 -0.7282964 -0.030289896 0.2085218 -0.14849707 -0.24575546 0.14791507 -0.26917395 0.054933675 0.093805045 -0.052712735 -0.4409502 -0.16296367 -0.09934454 0.02932835 0.033821486 0.1485127 -0.25203583 0.023708139 0.19260982 0.021191677 -0.2555513 0.12492054 -0.18246906 0.27912274 -0.27215487 0.093276724 -0.037944134 0.15439253 -0.19502766 -0.021842774 -0.0318415 -0.25756034
53 -0.67370534 0.032760095 0.1267098 -0.20836131 -0.13423039 0.23726068 -0.2036503 0.12824877 0.10045051 -0.06502682 -0.44122082 -0.14514399 -0.044816233 0.07224666 0.079181634 0.1780714 -0.20813501 -0.0010225713 0.09279537 -0.00880341 -0.28883523 0.14009047 -0.15505041 0.28681996 -0.26725975 0.17725974 -0.011287407 0.2141106 -0.2292482 -0.0032278222 -0.05673358 -0.24758936
11 -0.7630461 -0.014752003 0.18784249 -0.15365615 -0.27648777 0.11633246 -0.2849985 0.03650464 0.11112202 -0.01923755 -0.41258144 -0.13399477 -0.12803866 0.03441394 0.066032894 0.09128505 -0.23030236 0.0007833051 0.1690494 0.05703125 -0.2899715 0.13758022 -0.20605148 0.23633935 -0.26371494 0.075642444 -0.054336928 0.17232122 -0.18781614 -0.03225747 -0.036211938 -0.30409753
71 -0.3474378 0.0011274142 0.6373968 0.037907906 -0.26081306 -0.08974908 -0.10949439 0.35267395 0.23278011 -0.37631276 -0.537309 -0.41516438 0.31175113 0.10119708 0.008238433 0.3654218 -0.25060073 -0.020810852 -0.024680825 -0.1661591 0.19273894 -0.105449416 -0.011593153 0.53442806 -0.19180438 0.16827169 -0.061895408 -0.018469352 0.037706953 -0.0033076056 0.046046514 0.25615624
51 -0.49350402 -0.023438798 0.514773 0.05386599 -0.27328885 -0.024521228 -0.13744342 0.2753126 0.18372177 -0.28826112 -0.51169956 -0.29783556 0.16737477 0.100630954 -0.0027926434 0.32262823 -0.25301418 0.008009979 0.027403075 -0.117231734 0.08021913 -0.10462754 -0.07885597 0.47780186 -0.13575709 0.10568448 -0.053870525 0.009243009 0.017832518 -0.029942822 0.063663945 0.09035129
16 -0.6699612 0.0015960825 0.19977087 -0.15819827 -0.21559013 0.1526119 -0.23702106 0.06439397 0.1371153 -0.047303844 -0.4736652 -0.16448021 -0.039833304 0.018642738 0.07806971 0.12936603 -0.22020926 -0.0011826947 0.12045566 -0.0026604135 -0.26748288 0.12901926 -0.107622795 0.24089453 -0.2803477 0.15796731 -0.08145843 0.16485523 -0.19999963 -0.016997363 -0.06065292 -0.190515
49 -0.6263582 0.017656138 0.20817026 -0.14583522 -0.19959037 0.13120869 -0.25825807 0.14190406 0.18065396 -0.08236983 -0.46580628 -0.22099924 -0.0035472675 0.051774427 0.08611029 0.17753544 -0.1996856 -0.013867495 0.12644772 -0.0028959739 -0.2705364 0.14675985 -0.102172695 0.27286303 -0.3006406 0.16359068 -0.055248145 0.1570839 -0.16658363 0.012602897 -0.0680726 -0.19653629
32 -0.5960268 -0.037334833 0.17785287 -0.10786315 -0.08690626 0.15123123 -0.062215697 0.25093293 0.04773185 -0.2347975 -0.47184223 -0.16626957 0.0048294924 0.12641498 0.0270094 0.3022797 -0.24674533 0.05806051 0.025179949 -0.052247435 -0.16558638 -0.012160241 -0.17823528 0.43665597 -0.09752699 0.116226606 -0.050354432 0.078005455 -0.08639183 -0.040606935 -0.0036911743 -0.17131197
63 -0.71874297 -0.046424977 0.2755789 -0.10474454 -0.2994059 0.08136299 -0.2424687 0.083937034 0.14835738 -0.07534881 -0.42316493 -0.17809579 -0.075013466 0.019230321 0.025405671 0.14217934 -0.25872105 -0.023327403 0.15444805 0.0021556378 -0.22834443 0.08681032 -0.1982798 0.26976916 -0.25394526 0.049857285 -0.044532333 0.17474891 -0.15291245 -0.005633386 -0.02631494 -0.23979269
94 -0.4365209 0.03653525 0.41961157 -0.08746809 -0.13864353 0.044588037 -0.10817863 0.31742376 0.14446105 -0.29089317 -0.50360006 -0.30219766 0.19622493 0.090570785 0.034686428 0.31466892 -0.19315 0.018002719 0.0067487927 -0.09958125 0.027753515 0.022908147 -0.053608473 0.42483738 -0.18200862 0.17172319 -0.020754624 0.054564647 -0.0429154 -0.0074223205 -0.01486696 0.07456313
23 -0.51779103 0.06861457 0.1268819 -0.3317142 0.16051912 0.2522272 -0.050582897 0.3786407 0.0991286 -0.24319799 -0.42043498 -0.19243786 0.1406789 0.12763241 0.113003075 0.27973408 -0.1418896 0.038063608 -0.03338761 -0.093483046 -0.22710958 0.1337637 -0.024939224 0.37485808 -0.18120766 0.29917598 0.016212882 0.16133589 -0.17844054 0.04378852 -0.11028353 -0.0007738298
57 -0.6133461 0.109763056 0.005143 -0.42780167 0.22299598 0.33033687 -0.062281113 0.3056986 0.05322285 -0.17612016 -0.3993405 -0.10099293 0.09600066 0.13576578 0.13451488 0.24989128 -0.12653258 0.034224417 0.021349821 -0.040845282 -0.34139848 0.20319106 -0.03510874 0.3300054 -0.2091119 0.31480017 0.032938275 0.2239918 -0.25195494 0.042276535 -0.14517057 -0.12573329
126 -0.41825017 0.002501617 0.5522895 -0.0002283034 -0.21875715 -0.06680938 -0.10891894 0.3303502 0.18256398 -0.33703497 -0.48977557 -0.34821618 0.27655083 0.10097221 0.01593366 0.36277065 -0.2113745 0.01190686 -0.008709644 -0.12709989 0.147924 -0.073361784 -0.017648015 0.4966034 -0.18186292 0.18115 -0.037903365 -0.012483967 0.027853493 0.0101101035 0.01190354 0.1977308
108 -0.4687472 0.097517386 0.1835387 -0.36165595 0.13059258 0.2510666 -0.045043077 0.36368948 0.08895456 -0.26007295 -0.4354116 -0.18641116 0.23190124 0.16255389 0.12266629 0.36077023 -0.13664559 0.059872795 -0.0427351 -0.08248976 -0.18961868 0.13206983 0.00016424355 0.39289638 -0.17261687 0.30022237 0.022538962 0.14674647 -0.1486612 0.013470963 -0.10842622 0.074640155
124 -0.68317074 -0.0062249238 0.152984 -0.20252864 -0.18209215 0.1819676 -0.2272858 0.10955377 0.09711262 -0.068912104 -0.46227586 -0.16114944 -0.020020338 0.051388104 0.07187786 0.1801696 -0.1987519 0.021560347 0.13179189 -0.010073183 -0.24619322 0.15177473 -0.124545395 0.26938123 -0.2696647 0.1291221 -0.03062364 0.20329413 -0.17386118 -0.017965524 -0.056795366 -0.21723665
56 -0.5606309 0.04003364 0.19515337 -0.22687384 0.021110024 0.19173093 -0.113646105 0.25375828 0.13723761 -0.19252653 -0.403559 -0.18989484 0.07948666 0.09563136 0.10327286 0.27371666 -0.19761534 0.011919886 0.0044958983 -0.07412503 -0.21257746 0.08517977 -0.074313454 0.36893257 -0.18931 0.24717659 -0.04612877 0.1413765 -0.12777896 0.0027344169 -0.0967448 -0.024972986
97 -0.63688374 -0.017741334 0.21965857 -0.112450235 -0.102249704 0.1745234 -0.1191527 0.23662864 0.073732354 -0.24950717 -0.45535433 -0.14212331 0.008679896 0.10790949 0.0060460144 0.27707705 -0.25239998 0.043111645 0.037200626 -0.045626543 -0.16024354 0.0030319076 -0.20686351 0.43213955 -0.08553804 0.10903692 -0.07187008 0.07596381 -0.0898639 -0.026124645 -0.009390599 -0.19015457
38 -0.5334982 0.038457472 0.13286264 -0.27288964 0.06452748 0.26373017 -0.08154837 0.27495828 0.0944445 -0.1983253 -0.4034555 -0.16000895 0.11438517 0.14934488 0.10482318 0.3133175 -0.17051943 0.025098689 0.01042635 -0.077494666 -0.20833343 0.08595956 -0.09179428 0.3978258 -0.1936359 0.26430926 -0.004474226 0.16838892 -0.17015825 0.022933656 -0.094758235 -0.09729572
125 -0.61997277 0.025153892 0.07042762 -0.31738648 0.086851366 0.23384641 -0.09877144 0.29079127 0.11450499 -0.15532798 -0.42703667 -0.11173974 0.05594729 0.13226175 0.094019495 0.2636982 -0.14868829 0.018909516 0.0044776043 -0.06703231 -0.24353234 0.10452045 -0.06596969 0.37788254 -0.16621436 0.2436281 -0.06140936 0.16764091 -0.19135079 0.008720726 -0.089172095 -0.11719594
67 -0.6429963 0.05718563 -0.016791234 -0.38911882 0.20819649 0.37250403 -0.099396855 0.33039242 0.064594954 -0.13223329 -0.37225786 -0.07784932 0.04577419 0.12744537 0.11089456 0.29529372 -0.13443498 0.0611672 -0.014193346 -0.057679404 -0.34425294 0.1348503 -0.033683676 0.36479363 -0.18656954 0.29647687 -0.030689787 0.19033831 -0.22569384 0.013171833 -0.1336649 -0.12044106
104 -0.6839081 -0.01464756 0.17147078 -0.123772085 -0.11382006 0.18589033 -0.11543838 0.18003945 0.058540996 -0.21005382 -0.42900681 -0.120785154 -0.033448327 0.07673783 0.038690686 0.20937225 -0.25725865 0.020453846 0.061452415 -0.0049047307 -0.19326809 0.051769152 -0.20479943 0.39516875 -0.1232283 0.10059391 -0.058710363 0.111479595 -0.1377908 -0.038908448 -0.022991918 -0.2246113
