128 32
29 -0.32436475 0.40106273 0.37846413 0.2675671 0.4039999 -0.14022952 -0.15938164 0.1399976 0.29644763 -0.15924358 0.139209 0.1739733 0.3020644 -0.11814997 0.033467546 0.21634604 -0.055498246 -0.1712456 -0.123892 -0.08464064 -0.05633376 -0.17303227 0.21822853 0.16279124 -0.065494604 -0.05782988 -0.017330207 -0.0876135 0.088254206 -0.13551188 0.08009076 -0.369136
12 -0.38904986 0.39049733 0.29719988 0.276706 0.25709972 -0.0016134232 0.12254633 -0.014110593 0.30525473 -0.53450406 -0.018587362 0.20382501 0.37523374 0.022484683 -0.026801553 0.09077294 -0.042789787 -0.013377107 -0.049502842 -0.13549252 -0.06649685 -0.24585924 0.15183002 -3.49763e-05 -0.11807137 0.033160575 0.06383607 -0.14060767 0.12323858 -0.19271247 -0.034893375 -0.21364328
96 -0.3613885 0.22993313 0.15956923 0.19230844 0.38956296 -0.25639153 -0.17692819 0.15888402 0.09162205 -0.3059969 0.11514263 0.16292042 0.34554186 -0.0907914 0.009714775 0.26025626 -0.20717444 0.12328981 -0.008036703 -0.06411284 -0.12663685 -0.28664255 0.24126922 0.22177324 -0.14998057 0.09131848 0.079327784 -0.08661314 0.21001576 -0.22685477 -0.027396377 -0.37539858
105 -0.39948082 0.33437613 0.26990008 0.2195965 0.44897258 -0.12220567 -0.14636897 0.16586675 0.3246869 -0.22485584 0.06231422 0.18345343 0.37119886 -0.09184243 -0.04995508 0.16520916 0.0008302675 -0.122568645 -0.077830434 -0.1170888 -0.0717122 -0.13497211 0.2801611 0.13857211 0.0006712944 -0.058381513 0.05146419 -0.04349255 0.08677999 -0.18186735 0.08035603 -0.33407897
72 -0.46783957 0.37290075 0.21327884 0.18965392 0.38051292 -0.042048726 0.0986557 0.039227456 0.30682996 -0.518549 -0.056803387 0.24253328 0.45756546 0.056072835 -0.110688694 0.08416226 0.031762656 -0.04793856 0.05009902 -0.08054236 -0.11776468 -0.19347331 0.3139057 -0.054394215 0.037184853 0.017064288 0.12432896 -0.0041403146 0.057583887 -0.14709073 0.06861923 -0.17562066
8 -0.4145368 0.26714998 0.19143668 0.22183016 0.43287247 -0.21877126 -0.21161216 0.18696098 0.1811558 -0.20200147 0.076687135 0.1823178 0.2946787 -0.15938541 -0.0011522727 0.24844204 -0.11455417 0.025610292 -0.024734896 -0.114435226 -0.09211893 -0.21970575 0.27007395 0.24107862 -0.03569484 0.0016237736 0.060932767 -0.06867969 0.15271203 -0.24628757 0.04958058 -0.40884668
117 -0.2186076 0.35507166 0.39750114 0.3623094 0.19755769 0.020330654 0.049039654 -0.047102507 0.29265442 -0.43568683 0.09147556 0.16457663 0.2517755 -0.04760879 0.058072295 0.24406825 -0.1561623 0.06901289 -0.14908426 -0.21606587 -0.065244235 -0.35240445 0.03639084 0.15705165 -0.2612126 0.06642794 -0.036312785 -0.2824035 0.23501948 -0.24915546 -0.05940421 -0.3506044
102 -0.41021553 0.2875926 0.17202629 0.19713949 0.4466846 -0.26731828 -0.24761418 0.23498906 0.16665047 -0.17989406 0.08867181 0.15570459 0.3458971 -0.120324396 -0.0030217045 0.2518654 -0.15103403 0.03508922 0.03478642 -0.036703967 -0.103389755 -0.20563489 0.28717688 0.21204261 -0.07933285 0.016329808 0.08402688 -0.036330525 0.16402365 -0.20192066 0.011572661 -0.4018534
40 -0.21165653 0.3773302 0.42130065 0.3800359 0.19454995 0.028987832 0.0719904 -0.057108693 0.27806926 -0.45394775 0.067024745 0.15653631 0.22433306 -0.055559028 0.06982288 0.20812301 -0.1748957 0.0362128 -0.15134832 -0.22001128 -0.016869424 -0.36743194 0.018497145 0.11271897 -0.24661504 0.025029141 -0.04474386 -0.2607272 0.2468921 -0.22155952 -0.028097544 -0.3474058
50 -0.37674174 0.39851102 0.37275356 0.24973252 0.5202512 -0.10932808 -0.25349927 0.16994847 0.35262498 -0.061108474 0.16482577 0.17560239 0.30699542 -0.1939158 0.00049155287 0.20329489 0.027845994 -0.20175128 -0.1600724 -0.10870205 -0.031344473 -0.08512194 0.2583513 0.19348891 0.01783544 -0.109114274 0.025013875 -0.031459875 0.022776343 -0.15058744 0.15083185 -0.39406595
113 -0.48026124 0.28634277 0.086885855 0.14531952 0.369839 -0.14326215 0.039076757 0.09965074 0.21846999 -0.5473409 -0.052992903 0.22121473 0.44014275 0.051848054 -0.10831876 0.10914493 -0.048153035 0.05392261 0.10920606 -0.07482543 -0.1799831 -0.25705832 0.30780724 0.0046262555 -0.03126495 0.07712591 0.18394373 -0.009263598 0.14685689 -0.18127118 -0.014354809 -0.22193961
43 -0.5317955 0.38908634 0.20569806 0.1688336 0.37703162 -0.027891459 0.18816754 0.046064556 0.40905488 -0.56813127 -0.09707752 0.2474762 0.5157169 0.1186615 -0.2112833 -0.00410448 0.11690949 -0.16422544 0.07857025 -0.0665162 -0.13983476 -0.12666427 0.37443238 -0.1843145 0.11355723 -0.02256603 0.15336214 0.038983464 -0.035602845 -0.09857758 0.13123752 -0.10103201
3 -0.29220948 0.377007 0.37234962 0.33014145 0.237901 -7.901469e-05 0.09352641 -0.036827028 0.2929804 -0.51387364 0.03660683 0.20628916 0.31031516 -0.013224736 0.042272873 0.17599571 -0.13048191 0.06320609 -0.112423606 -0.17970552 -0.05177159 -0.35970953 0.09753485 0.101280525 -0.23482397 0.049776513 -0.0071353177 -0.22095412 0.24472505 -0.21603385 -0.07650783 -0.3290794
127 -0.2512329 0.37748596 0.4028643 0.3578975 0.27754492 -0.05146555 -0.057184372 0.054488413 0.23829406 -0.31166053 0.07953278 0.13422978 0.25398448 -0.097925484 0.07125691 0.23262163 -0.17592959 -0.007594015 -0.16074087 -0.1757617 -0.070604 -0.29403713 0.09752215 0.1778127 -0.17288095 -0.011665771 -0.038283326 -0.18638115 0.21777314 -0.22251134 0.0107017215 -0.37569407
81 -0.20713347 0.32979703 0.36193037 0.33593833 0.2112018 -0.06489025 -0.040634915 0.010568198 0.20181711 -0.38449427 0.09029449 0.13787352 0.25063628 -0.08410721 0.08549389 0.24886703 -0.19498874 0.052819077 -0.14537998 -0.16142951 -0.052989513 -0.36103806 0.0542215 0.18397601 -0.2542553 0.06341741 -0.058157187 -0.25674045 0.24494137 -0.2672427 -0.08812835 -0.40253097
61 -0.40942058 0.37015742 0.2979093 0.2280509 0.4874017 -0.14253204 -0.2080052 0.15179804 0.31468195 -0.12822407 0.11697477 0.20203103 0.35451043 -0.12980177 -0.038498975 0.192803 0.03863867 -0.18197906 -0.092388764 -0.07912175 -0.073057435 -0.04107377 0.27173257 0.10316529 0.033139817 -0.11419821 0.012167075 -0.021660322 0.01340159 -0.16512004 0.117603794 -0.3524155
122 -0.5093361 0.24856612 0.13203804 0.15517642 0.42567 -0.20266362 -0.10602711 0.17675842 0.19075151 -0.41000462 0.036826774 0.2034515 0.45935762 -0.018924901 -0.10836618 0.17071028 -0.07030014 0.03805294 0.09813593 -0.06091554 -0.17052573 -0.18055363 0.31731698 0.095495954 -0.01156392 0.043425072 0.14879583 0.023532663 0.12726423 -0.21578014 0.013086356 -0.27232456
33 -0.46372724 0.36063927 0.15203314 0.1561563 0.29573256 -0.016171575 0.23728946 -0.040527083 0.32868075 -0.70260286 -0.13353564 0.23544383 0.53333193 0.16979519 -0.15785307 0.011054699 -0.0005721759 -0.017876746 0.07325128 -0.092363924 -0.1582176 -0.26904237 0.30999708 -0.12769453 -0.009805491 0.11117735 0.18180884 -0.06717824 0.102175795 -0.13927968 0.016891252 -0.10852142
20 -0.39625365 0.38912007 0.33643913 0.26479504 0.50414985 -0.16597329 -0.30268246 0.20588286 0.30816913 0.0016749204 0.15793695 0.20422998 0.2661966 -0.20272118 0.015076915 0.25533697 -0.0053571286 -0.16343763 -0.13376117 -0.089320436 -0.038049273 -0.04807678 0.25436196 0.24168009 0.010579467 -0.12063007 -0.013370567 -0.06124192 0.04627518 -0.20213142 0.105030775 -0.43306628
77 -0.39816555 0.4187589 0.3725524 0.264391 0.4343653 -0.10151453 -0.19691221 0.1657416 0.32480076 -0.14911382 0.12438649 0.18958692 0.31879812 -0.1562262 -0.017048107 0.21562074 0.020903392 -0.14804499 -0.12919456 -0.09917344 -0.04351821 -0.12560743 0.23087135 0.13811146 -0.01323567 -0.09569461 0.0072794864 -0.04027261 0.040419046 -0.15857495 0.115998104 -0.3691206
91 -0.24623388 0.33518946 0.41237018 0.3666075 0.24606907 -0.032674816 -0.009858716 -0.010504823 0.24484345 -0.37386513 0.1301026 0.14451753 0.24387102 -0.0909467 0.07995956 0.24164522 -0.19666216 0.058034886 -0.20359534 -0.17930607 -0.04153187 -0.3256379 0.07067081 0.1889372 -0.23623106 0.04864812 -0.06480633 -0.27195916 0.25315282 -0.26623222 -0.05989885 -0.3945554
120 -0.3290129 0.38751432 0.3237858 0.28990915 0.41580358 -0.10881287 -0.21086657 0.15509886 0.2631181 -0.14770971 0.15817152 0.18382601 0.27076343 -0.1624128 0.03498669 0.23481736 -0.09020262 -0.06023418 -0.1503966 -0.14315963 -0.05393122 -0.18821952 0.21233541 0.20495638 -0.09273826 -0.032885235 0.024941009 -0.07817396 0.10748977 -0.18913993 0.061069146 -0.39347574
55 -0.24562827 0.4008405 0.40832222 0.31889609 0.217285 -0.0032612712 0.106182426 -0.02215582 0.32625464 -0.47922727 0.044801876 0.18859996 0.3146232 -0.010620653 0.0401048 0.20442167 -0.13259895 -0.02984008 -0.120988846 -0.16238129 -0.06662041 -0.3285977 0.13627897 0.050953303 -0.18975447 0.02099622 -0.02776207 -0.19146813 0.17238879 -0.2168861 -0.0087498035 -0.2813432
89 -0.4680212 0.215617 0.07922714 0.14503616 0.50586975 -0.34879202 -0.29937583 0.28366804 0.072901286 -0.23971662 0.0889364 0.15120135 0.37958282 -0.111226894 -0.04875884 0.2149267 -0.15375227 0.123851046 0.09982146 -0.023626588 -0.14860441 -0.21567105 0.30614498 0.26368016 -0.023705086 0.0566609 0.16190374 0.010260793 0.18788634 -0.22259568 -0.014145391 -0.3867532
78 -0.23176801 0.40650105 0.46653175 0.39843082 0.18859877 0.034964457 0.068758965 -0.042779744 0.30520162 -0.44645974 0.070952184 0.16349532 0.2583889 -0.036455337 0.080245204 0.22538137 -0.15904166 0.024286311 -0.17677101 -0.19246277 -0.06326966 -0.3627803 0.004367312 0.13837561 -0.2899475 0.03656116 -0.070575304 -0.2996898 0.23775396 -0.25211677 -0.06359664 -0.3568765
92 -0.50174373 0.31471834 0.16618808 0.15442288 0.37921426 -0.058392137 0.10378014 0.075250365 0.3296856 -0.5401696 -0.049514998 0.24007046 0.48388493 0.057053637 -0.16223077 0.05830222 0.05305852 -0.0925778 0.06652736 -0.08767501 -0.14540687 -0.17592356 0.35259047 -0.07076817 0.06685016 0.00447392 0.15160841 -0.021467134 0.041017205 -0.14611083 0.05706575 -0.17589417
45 -0.43328607 0.37940586 0.280156 0.23234883 0.3455848 -0.016259603 0.10338135 0.033616178 0.35299754 -0.5143815 0.0146734025 0.22213861 0.43306884 0.02582882 -0.09332203 0.062009916 0.049491465 -0.08193162 -0.03941386 -0.07377003 -0.10302487 -0.16209967 0.2562098 -0.05031478 0.016160294 -0.025350153 0.101818815 -0.050396215 0.009928846 -0.121293195 0.09478333 -0.16921386
24 -0.39835712 0.22724792 0.1301474 0.1998985 0.38030183 -0.28311723 -0.20418862 0.20808248 0.06321577 -0.3190625 0.0585052 0.1695692 0.30655074 -0.114854194 -0.012357975 0.26122826 -0.21698149 0.14722921 0.054297507 -0.0858899 -0.14983201 -0.28190145 0.2459092 0.2588418 -0.12185911 0.07631879 0.09836924 -0.08910962 0.2701941 -0.24636607 -0.058826346 -0.39563882
112 -0.4815894 0.2756839 0.11109944 0.14778052 0.47361645 -0.27004042 -0.21212015 0.23339441 0.13379562 -0.28231588 0.06723394 0.21365476 0.38227513 -0.08903545 -0.07546474 0.2161897 -0.1294249 0.08631272 0.07026574 -0.06653959 -0.14921689 -0.16692965 0.36346966 0.17876622 0.006468412 0.039787766 0.14412062 0.0025387981 0.11398228 -0.207025 0.007459526 -0.34491488
126 -0.3202554 0.3284857 0.3216268 0.26752752 0.3772962 -0.12193054 -0.12702051 0.14183268 0.28526482 -0.21540976 0.08978867 0.17848574 0.36275807 -0.13395081 0.0028003473 0.23486556 -0.056268394 -0.09403278 -0.09378433 -0.1267344 -0.09498841 -0.1708452 0.2138815 0.12274443 -0.06619104 -0.024631828 -0.013550164 -0.07409098 0.10773818 -0.1993186 0.031658776 -0.3843571
4 -0.36797595 0.40812966 0.38321957 0.27574125 0.43820202 -0.08197397 -0.18597394 0.13922112 0.32461005 -0.1119589 0.13021769 0.20075877 0.29954094 -0.15244007 -0.030297237 0.21469863 0.011415962 -0.18577969 -0.1353324 -0.11574288 -0.025645563 -0.10759508 0.24325295 0.13758503 0.029989595 -0.07944361 -0.00697661 -0.054897673 0.035380356 -0.14544603 0.12928972 -0.3696413
84 -0.53307563 0.40750238 0.18697314 0.19006789 0.37570736 -0.0017795356 0.12985283 0.03133998 0.358541 -0.52768135 -0.09753579 0.23825037 0.5228921 0.069417864 -0.15689044 0.021535536 0.08341814 -0.12921752 0.04969998 -0.0685673 -0.14293164 -0.12864551 0.3465393 -0.1394918 0.07572824 -0.017476302 0.17507572 0.01878568 -0.027808834 -0.099131286 0.08091395 -0.12850526
11 -0.38985947 0.3504549 0.29019034 0.25600684 0.5027716 -0.1628134 -0.25404307 0.21286808 0.26027128 -0.088169426 0.14010854 0.17022505 0.3130386 -0.1643546 -0.015098919 0.22576334 -0.039749824 -0.116914436 -0.11605707 -0.069914214 -0.04880723 -0.13429223 0.25621507 0.17959572 -0.00016475345 -0.09179054 0.010299413 -0.03829743 0.07643932 -0.15842248 0.13058098 -0.4072463
97 -0.3916456 0.24789113 0.15856208 0.20449696 0.38297266 -0.19231637 -0.12516034 0.17096625 0.13555628 -0.4065701 0.06447831 0.16832064 0.3530808 -0.07130019 -0.024843683 0.19440182 -0.17655297 0.13317528 0.04405013 -0.06434775 -0.14510056 -0.24586695 0.22825888 0.17939892 -0.081375524 0.056357455 0.061736785 -0.065809235 0.19778793 -0.23298053 -0.011236558 -0.33053875
39 -0.33519334 0.40637663 0.39337534 0.29196745 0.45360115 -0.10186538 -0.26355594 0.17119078 0.33652347 -0.031842172 0.17511085 0.1915929 0.27294302 -0.20967864 0.027052933 0.23942374 0.019191122 -0.15548247 -0.15961112 -0.095779076 -0.021171186 -0.096866414 0.20502877 0.18940303 -0.024159007 -0.1449737 -0.029891385 -0.057442863 0.020257987 -0.16561376 0.15615118 -0.42404714
47 -0.2324484 0.37402773 0.3993878 0.358218 0.23560633 0.04226386 0.09742838 -0.045658894 0.30314675 -0.47064888 0.07341431 0.1703571 0.2858021 -0.017432505 0.032157727 0.1790353 -0.121661715 -0.0030843064 -0.15952747 -0.207258 -0.046185967 -0.32879722 0.052982688 0.12997895 -0.20979919 0.059043877 -0.041112535 -0.25093096 0.23503105 -0.21273023 0.011963149 -0.30791497
93 -0.272136 0.3095955 0.34491602 0.34478053 0.28568965 -0.057674456 -0.029555999 0.034991477 0.23563913 -0.37560135 0.08119029 0.15450029 0.2514714 -0.06253243 0.08057624 0.20640844 -0.18543017 0.044572562 -0.099097274 -0.17121688 -0.0556787 -0.3148616 0.07422999 0.19158857 -0.21190631 0.042451836 -0.0298677 -0.19081421 0.23182221 -0.23451146 -0.053785324 -0.3960601
76 -0.425739 0.26760536 0.17689462 0.1956858 0.46907732 -0.23923136 -0.2381718 0.2427139 0.10629395 -0.24312344 0.11139553 0.15002984 0.340463 -0.10851113 -0.037634704 0.23966011 -0.15820608 0.10062924 0.0167911 -0.0707876 -0.14074314 -0.22137766 0.2569305 0.24184653 -0.06656287 0.03606136 0.08074632 -0.05929566 0.16977061 -0.24294268 -0.022641787 -0.36294863
36 -0.35512835 0.38961694 0.40335268 0.26672474 0.48047742 -0.14440483 -0.2948517 0.1815973 0.30958226 0.0145007605 0.19058123 0.17917873 0.2696161 -0.22725569 0.021286994 0.28954175 0.017710684 -0.20612124 -0.16531192 -0.09192552 -0.040182356 -0.100784086 0.25921592 0.2397984 -0.017482903 -0.12733161 -0.019838152 -0.039424844 0.049449705 -0.15801707 0.14477918 -0.44130063
35 -0.3825032 0.3789811 0.374974 0.29712528 0.4913057 -0.14543766 -0.25750992 0.19166683 0.29604158 -0.031706627 0.12881392 0.16168356 0.31055155 -0.20397538 0.020015327 0.24057624 0.01881216 -0.16457975 -0.1342319 -0.06663015 -0.03865777 -0.0762127 0.2656694 0.18508193 -0.005346871 -0.13035941 -0.017742297 -0.016404077 0.003626616 -0.15628664 0.11655165 -0.3899799
125 -0.23443073 0.3911146 0.45329696 0.40223092 0.16637298 0.045470826 0.07232733 -0.07072534 0.30670688 -0.4670164 0.0804154 0.16840276 0.2717818 -0.04549836 0.07273641 0.22000138 -0.17599744 0.034364115 -0.16682984 -0.18330958 -0.031616013 -0.36803904 0.026508655 0.1303037 -0.28142512 0.06697969 -0.08956902 -0.25210482 0.21881618 -0.23822363 -0.052076712 -0.35647154
58 -0.36947462 0.3792472 0.30036905 0.2422959 0.23990397 0.05345109 0.23965274 -0.063599326 0.34538817 -0.61506987 -0.03537703 0.23329197 0.43419346 0.10564879 -0.07385287 0.090662576 -0.002496764 -0.00049714383 -0.014340556 -0.1858103 -0.1132443 -0.26611796 0.16206373 -0.07810439 -0.12822261 0.08912293 0.09979705 -0.16293135 0.14786269 -0.2021158 -0.023040859 -0.17405431
116 -0.18492967 0.37994787 0.45613927 0.39424834 0.15292744 0.012971367 0.12519883 -0.05548718 0.29399666 -0.49110246 0.054549 0.15538494 0.23558211 -0.022684911 0.103783436 0.20806596 -0.17578585 0.03916822 -0.18965408 -0.20422757 -0.032897223 -0.3815311 -0.012252239 0.09103505 -0.3062016 0.081284225 -0.082733974 -0.28476405 0.26915407 -0.25088438 -0.08932375 -0.32560453
56 -0.55696315 0.32072318 0.14611387 0.14425777 0.41403008 -0.077505775 0.08407341 0.08535822 0.31038934 -0.5400457 -0.05629672 0.24897254 0.49734542 0.065664686 -0.17957684 0.03884284 0.059127077 -0.06185862 0.083606705 -0.06054822 -0.17069161 -0.14988202 0.3316098 -0.05778947 0.08682759 0.039944395 0.18373662 0.037782613 0.028501857 -0.13331684 0.06527817 -0.15854692
87 -0.42687467 0.25441104 0.12183353 0.16491821 0.53958607 -0.34155267 -0.36860302 0.32183972 0.12435127 -0.12431032 0.113406144 0.18329802 0.346325 -0.18518302 -0.035914447 0.2641964 -0.1485911 0.040587533 0.042321034 -0.008982336 -0.12355983 -0.17527616 0.3131916 0.29373136 -0.027004326 -0.0022643104 0.07052781 0.0116534 0.13312009 -0.24140745 0.021411184 -0.4664814
88 -0.43185666 0.32882127 0.20675252 0.19913837 0.38721368 -0.05896695 0.06874417 0.06798491 0.31763545 -0.49491727 0.0040382533 0.21729411 0.4614764 0.0649498 -0.09932265 0.08240249 -0.011371418 -0.041837197 0.038934935 -0.09159631 -0.14722063 -0.19866794 0.2721632 0.015553457 -0.044135056 0.06201457 0.1169436 -0.049668536 0.103843324 -0.1623013 0.004351105 -0.22260937
16 -0.47883442 0.32875326 0.15593377 0.16051549 0.3897359 -0.043646388 0.08960259 0.09456085 0.311488 -0.4980696 -0.015372067 0.23532447 0.41030684 0.06870674 -0.15775241 0.05491196 0.042327598 -0.016099766 0.053573992 -0.10324082 -0.15024719 -0.16942598 0.29078817 -0.015141808 0.03268029 0.035231773 0.16675565 -0.03464106 0.068743184 -0.16031566 0.07784605 -0.21369414
121 -0.34820232 0.23961583 0.18645859 0.23225075 0.41880205 -0.22677009 -0.22922657 0.20269352 0.12855345 -0.22809368 0.14354879 0.15955162 0.33043543 -0.14467314 -0.017627735 0.27663702 -0.19278686 0.10026092 -0.03134759 -0.07405541 -0.12985727 -0.23669417 0.23904707 0.2447566 -0.09187163 0.04222461 0.045245368 -0.08549826 0.20920286 -0.22311743 -0.005682527 -0.4188921
51 -0.22813587 0.32412928 0.35984188 0.35632142 0.16957596 0.025172325 0.12999682 -0.052632328 0.26960808 -0.5493891 0.025694475 0.16462448 0.26786333 0.0012316157 0.06998398 0.19884379 -0.20381562 0.10272107 -0.13989225 -0.21472986 -0.073781684 -0.3982606 0.024941424 0.1276221 -0.3062523 0.08073713 -0.03429508 -0.2832413 0.31141376 -0.24983862 -0.08736352 -0.33933413
100 -0.42718446 0.20053336 0.044047784 0.1547976 0.44114754 -0.29425627 -0.20142743 0.2079723 0.11109523 -0.36979446 0.03249629 0.19568011 0.34698263 -0.07080714 -0.045462955 0.19687925 -0.1844693 0.15747 0.07554169 -0.020485671 -0.15175857 -0.29240197 0.2908409 0.19873367 -0.09818836 0.088012666 0.15036808 -0.041160397 0.22760636 -0.22997874 -0.032784104 -0.3952378
64 -0.36292532 0.24512829 0.17026892 0.22026691 0.3743832 -0.19067232 -0.09231522 0.14353764 0.16799867 -0.38119027 0.043012597 0.15096885 0.35138044 -0.031159071 -0.030888986 0.17477918 -0.16090216 0.11164 0.019641628 -0.09558181 -0.121254794 -0.27839744 0.22804676 0.16162306 -0.1102444 0.093289055 0.07586755 -0.07642003 0.20913054 -0.20862533 -0.031520497 -0.29800528
98 -0.42937574 0.20612326 0.056044493 0.1252153 0.4819682 -0.34092233 -0.35105512 0.3027808 0.079616696 -0.18508793 0.0857041 0.15548436 0.36881816 -0.1269576 -0.01612539 0.2592291 -0.18677 0.09450203 0.086859755 -0.019425789 -0.16844116 -0.21865784 0.3422832 0.3014951 -0.026731549 0.033812676 0.09692171 0.018983698 0.1730026 -0.2416047 0.00021819567 -0.42006803
46 -0.34932292 0.40026897 0.3937587 0.29975697 0.41980103 -0.073077165 -0.19209418 0.12876199 0.34625423 -0.119670376 0.13749792 0.18822959 0.27497894 -0.16207162 -0.0037526248 0.20334958 0.008534173 -0.17396164 -0.14594856 -0.10330513 -0.040527932 -0.12665845 0.22341296 0.15018374 -0.0260155 -0.10770608 -0.03961026 -0.08307643 0.023769256 -0.1627839 0.13146356 -0.38519815
118 -0.46019477 0.1666294 0.010183759 0.12952785 0.48511207 -0.38996348 -0.30437815 0.3022814 0.03392025 -0.2841009 0.06804024 0.17648378 0.29118186 -0.12675951 -0.00908304 0.25516394 -0.2301427 0.21343291 0.12037861 -0.04572896 -0.15778515 -0.27952522 0.27234033 0.31676036 -0.10607493 0.09855016 0.18987548 -0.04177699 0.26354587 -0.27712846 -0.069060214 -0.45280272
123 -0.23071918 0.37808433 0.4060652 0.37161964 0.21387777 0.011463937 0.077322006 -0.04301656 0.27802634 -0.44962317 0.092033654 0.16801769 0.2623326 -0.04987035 0.07810141 0.21498814 -0.18150404 0.05331464 -0.17758194 -0.18662715 -0.028355177 -0.33745906 0.02450068 0.13756545 -0.2539843 0.0380118 -0.049000762 -0.26149362 0.2527879 -0.23850738 -0.047435146 -0.34897202
101 -0.23082872 0.3864798 0.41609848 0.35770598 0.20992495 0.019302534 0.053822167 -0.045913696 0.32492965 -0.40771282 0.07924679 0.1646609 0.28611553 -0.06558888 0.05919117 0.20559135 -0.1501573 -0.007925743 -0.19939502 -0.19395638 -0.056041043 -0.35296944 0.05696678 0.13025624 -0.26480272 0.039790083 -0.040203042 -0.26028618 0.2203845 -0.20561334 -0.018690329 -0.35926107
66 -0.42351907 0.3803187 0.2539205 0.2008746 0.3493307 -0.015538346 0.12410779 0.052647267 0.321036 -0.5144351 -0.058960926 0.22692128 0.42381203 0.032886133 -0.119193025 0.07034252 0.03631343 -0.093718134 -0.009188326 -0.12576804 -0.13605203 -0.17971824 0.29117343 -0.061247792 -0.001398299 0.0073067457 0.083953105 -0.060431395 0.070494585 -0.14597933 0.03712094 -0.19494045
79 -0.20431094 0.3137028 0.3870716 0.34104308 0.18879257 0.03105814 0.13318147 -0.07065753 0.27673882 -0.5615092 0.06662077 0.16658601 0.30660734 -0.00978547 0.045872804 0.18209699 -0.19565155 0.08664761 -0.12193724 -0.192671 -0.06711616 -0.4268287 0.02299984 0.12641895 -0.33115822 0.11479809 -0.058022268 -0.320887 0.29475445 -0.25937402 -0.084617 -0.36020687
82 -0.41607088 0.29500538 0.1672593 0.20575005 0.39872733 -0.21819727 -0.14344819 0.17019373 0.17874908 -0.31547177 0.09588053 0.19439198 0.339156 -0.0850879 -0.06100839 0.23485216 -0.10012849 0.06589472 0.015445642 -0.09526644 -0.111160606 -0.21570076 0.23596299 0.17561255 -0.0768922 0.047718443 0.0906863 -0.05005602 0.16634545 -0.19024652 0.010818771 -0.3262577
54 -0.36491567 0.21886238 0.20095411 0.24027297 0.4319522 -0.252457 -0.20707643 0.20401354 0.12005232 -0.2378898 0.095809974 0.13247193 0.27531317 -0.12066713 0.022500759 0.27571476 -0.2172286 0.09214739 -0.031685468 -0.10853211 -0.11894331 -0.2405927 0.22602382 0.26768985 -0.13803099 0.06450905 0.03155709 -0.118242286 0.23201467 -0.25005755 -0.053884894 -0.41799086
25 -0.45461994 0.21253797 0.05584215 0.14700118 0.49156746 -0.32169315 -0.29189402 0.26836193 0.069797285 -0.21517554 0.073851146 0.17235346 0.3483978 -0.120414406 -0.04669656 0.2498771 -0.15407386 0.13818327 0.106016785 -0.041132033 -0.15724383 -0.19710729 0.28308174 0.24024364 -0.06854416 0.0607974 0.13406004 -0.0016119315 0.20179325 -0.24943723 -0.00015985296 -0.3951653
68 -0.28913286 0.3670688 0.36010528 0.29815608 0.31542483 -0.027502201 -0.016108856 0.027236072 0.26520547 -0.35340023 0.09212966 0.14900002 0.3343531 -0.08789551 0.0309388 0.21306187 -0.10076814 0.003698999 -0.13377704 -0.16800396 -0.061529674 -0.27542084 0.12170604 0.1495702 -0.16587552 0.028226795 -0.0041783922 -0.1558587 0.17406666 -0.18804303 0.004685837 -0.34563577
28 -0.28755456 0.38903627 0.40128404 0.3705808 0.28925252 -0.064048156 -0.0023453464 0.03981062 0.2612784 -0.40552616 0.10580875 0.1577456 0.2720152 -0.08662787 0.045627456 0.22265318 -0.131011 0.06520777 -0.15125374 -0.16165434 -0.041250683 -0.3315482 0.06095082 0.15916516 -0.25200245 0.021914486 0.0041584466 -0.2112133 0.23642619 -0.23127732 -0.0359768 -0.35387722
44 -0.4284195 0.26671413 0.12677033 0.15003666 0.40354583 -0.20174167 -0.08200644 0.13018486 0.21314049 -0.3899543 0.033857737 0.19557756 0.39667264 -0.01196643 -0.07272232 0.16197808 -0.0906084 0.031641103 0.03972584 -0.06681603 -0.13783826 -0.21790914 0.28097734 0.109013334 -0.051261693 0.06606715 0.14578643 -0.050020736 0.15742652 -0.19743568 0.01990013 -0.2864424
22 -0.3613622 0.39328948 0.36858037 0.28862834 0.42779878 -0.077649035 -0.15448068 0.1411657 0.33407658 -0.20725688 0.11702682 0.19081868 0.29424244 -0.15863077 -0.004299011 0.19736837 -0.009833479 -0.11005338 -0.122157104 -0.11978852 -0.057403285 -0.12973997 0.18233697 0.14921385 -0.059032474 -0.0590434 0.0025343078 -0.072306864 0.07318582 -0.1840179 0.08075723 -0.37803012
103 -0.39838287 0.43977493 0.4273964 0.29876512 0.45490673 -0.12709694 -0.24552289 0.18367967 0.34941834 -0.040154155 0.13563795 0.20323521 0.32194582 -0.19807331 0.0068894345 0.24793065 0.019071419 -0.1845471 -0.14335221 -0.106915146 -0.037508357 -0.061704565 0.24066128 0.18926506 -0.0021745125 -0.14041886 -0.03612386 -0.0150682395 -0.009330659 -0.14617856 0.13861659 -0.36955884
27 -0.3618659 0.42479834 0.39510846 0.29869905 0.45629478 -0.10025563 -0.18525012 0.14859067 0.32169592 -0.10185089 0.12303525 0.19268963 0.30480772 -0.2028328 0.007496341 0.22889091 0.032443866 -0.16863732 -0.17674367 -0.090483755 -0.023277689 -0.081995025 0.22503302 0.16074476 0.017692817 -0.13843063 -0.0076509085 -0.019314142 0.037029814 -0.12362645 0.13071875 -0.37317035
38 -0.4753577 0.37057847 0.18761693 0.17597511 0.37298006 -0.04297997 0.14318377 0.051785737 0.34012076 -0.5932442 -0.049399845 0.24735434 0.47532165 0.10244893 -0.13600236 0.070733674 0.0465098 -0.07544377 0.066864066 -0.0829546 -0.13446042 -0.20506968 0.30668357 -0.080651924 0.052891977 0.039990097 0.17692071 0.0012648109 0.04784742 -0.15300617 0.05045983 -0.12328148
19 -0.37319735 0.37196493 0.3666953 0.27836353 0.48526993 -0.075977124 -0.18616019 0.16148238 0.35063508 -0.12682377 0.123910524 0.19296758 0.3356185 -0.19191237 -0.035425108 0.22093153 0.015673377 -0.15483744 -0.13855307 -0.11636383 -0.04377646 -0.09560058 0.25323915 0.13877098 0.024900325 -0.13372429 -0.025202587 -0.031588167 0.012922351 -0.15774117 0.18033113 -0.39524865
109 -0.39602256 0.2232176 0.12572847 0.18721274 0.44692728 -0.27076766 -0.23509492 0.21965472 0.14052172 -0.2548994 0.073370464 0.18056636 0.31798777 -0.14010364 -0.018298421 0.23248737 -0.17196202 0.09039654 0.01724428 -0.090286575 -0.1331471 -0.24882786 0.271486 0.22785285 -0.07373245 0.042061448 0.0809546 -0.02486425 0.18984064 -0.23538537 0.01411738 -0.4242775
62 -0.46457708 0.37234908 0.20982414 0.1464552 0.3633771 -0.030866686 0.108665794 0.04951537 0.3818394 -0.50979805 -0.06095365 0.24443828 0.47459662 0.080455355 -0.13124223 0.046483282 0.0761986 -0.07037242 0.04466367 -0.1133301 -0.1297201 -0.16882844 0.33070934 -0.07422478 0.021374311 0.008212469 0.16359158 -0.0051601836 0.05059536 -0.1503735 0.09201653 -0.18106169
53 -0.54323083 0.32856193 0.16469288 0.16919997 0.37924293 -0.05623617 0.1270434 0.07629623 0.30445024 -0.5640551 -0.07075876 0.25609675 0.48519555 0.10167516 -0.16197963 0.034833267 0.025916208 -0.037245855 0.076100685 -0.102226496 -0.13755219 -0.15859628 0.3227543 -0.11137578 0.07543667 0.03088986 0.16233256 0.008676747 0.03233789 -0.1646651 0.0667704 -0.14301085
60 -0.42440277 0.23207834 0.08418777 0.1651109 0.45141062 -0.2348391 -0.18716617 0.19657299 0.09655867 -0.3100693 0.052635714 0.16020729 0.3463086 -0.11095148 -0.04226959 0.20872593 -0.16312088 0.13306956 0.07712483 -0.1026299 -0.12986957 -0.27962768 0.31715876 0.24095216 -0.06452146 0.095495194 0.13307814 -0.080979444 0.18926321 -0.23244774 -0.021753948 -0.40390134
69 -0.39762366 0.23280412 0.13084438 0.24560656 0.39180776 -0.23962803 -0.21455014 0.18196999 0.100828394 -0.3553014 0.06308238 0.16266483 0.26358142 -0.10340812 0.011269788 0.23103516 -0.23339456 0.18184192 0.014082009 -0.07361069 -0.10344529 -0.3045333 0.18350604 0.25950465 -0.15475573 0.08969793 0.107617244 -0.09840539 0.26400676 -0.26102558 -0.07048802 -0.43778527
108 -0.35003003 0.4148847 0.45198545 0.29239938 0.39866072 -0.0033600698 -0.11552753 0.074721515 0.39673543 -0.18107381 0.1169536 0.20243229 0.2885922 -0.16484052 0.0014179474 0.17627686 0.027053116 -0.22013302 -0.21426408 -0.16970728 0.0034204493 -0.09145491 0.2195143 0.08739562 0.019570425 -0.13650428 -0.048921727 -0.057522487 -0.0047417106 -0.14048514 0.16204798 -0.29744896
80 -0.48583472 0.28204942 0.13790166 0.09925876 0.43879834 -0.19075237 -0.06868777 0.16707988 0.21462844 -0.37189895 -0.010829226 0.21074459 0.48202544 0.020821704 -0.14743075 0.11756017 -0.024009863 -0.007818871 0.09499756 -0.04633256 -0.18973285 -0.15046763 0.3697911 0.031912398 0.07016303 0.01966802 0.12179208 0.042748526 0.09421888 -0.17455332 0.05110067 -0.24761824
42 -0.5578454 0.36946905 0.14663416 0.13210627 0.4111836 -0.034494195 0.17510922 0.0498443 0.3757111 -0.63949865 -0.10762593 0.25456202 0.54009694 0.12997018 -0.22283256 0.014783151 0.10801781 -0.097095616 0.13108186 -0.0631442 -0.18949413 -0.1784587 0.36481738 -0.15941472 0.07907642 0.039964568 0.21415251 0.017050106 0.0010574141 -0.12835829 0.083945416 -0.13982554
124 -0.41865283 0.37151092 0.29360378 0.20395407 0.5497839 -0.19054578 -0.34259915 0.2533471 0.2515308 -0.013523982 0.15124959 0.16929667 0.30568305 -0.21747068 -0.021749645 0.26371995 0.0074330717 -0.1781557 -0.09118473 -0.058972068 -0.092582025 -0.053496502 0.34035817 0.21580896 0.03662124 -0.104626425 0.0017827356 0.0115008745 0.027196733 -0.1714225 0.15741454 -0.40078944
115 -0.23061574 0.38429454 0.43658218 0.3603636 0.24144149 0.03508902 0.074274875 -0.039823554 0.35285476 -0.476694 0.06313131 0.19379364 0.26708767 -0.026888514 0.04706396 0.16977791 -0.12342264 -0.0057592243 -0.17999119 -0.20110062 -0.027497407 -0.33975798 0.025093611 0.10838599 -0.23960336 0.034651592 -0.031456035 -0.25548685 0.21863502 -0.21244572 -0.014084642 -0.37813902
9 -0.38389924 0.35197833 0.29084545 0.22213452 0.4685769 -0.17188475 -0.25140265 0.19666561 0.25826696 -0.09930435 0.14415753 0.19802319 0.32449454 -0.17124633 -0.0034195324 0.22755729 -0.024784915 -0.07150634 -0.071149915 -0.08538084 -0.083326004 -0.096428566 0.261308 0.18863653 -0.014884698 -0.07971724 0.012975791 -0.05274623 0.07341599 -0.20481522 0.0737173 -0.40207985
83 -0.4857802 0.33394495 0.16734175 0.15723395 0.404879 -0.11104184 0.0175637 0.12114038 0.25939083 -0.45568526 -0.07127679 0.22203282 0.47944242 0.017667823 -0.12510023 0.08449509 0.010553928 -0.034380704 0.087456085 -0.05924209 -0.16737154 -0.21091302 0.32381943 -0.017235318 0.0073132175 0.031833548 0.14282325 -0.0010085767 0.059632264 -0.1836185 0.023026112 -0.24673866
119 -0.54751813 0.32287502 0.114079036 0.13261983 0.35468543 -0.040526368 0.1481552 0.053560175 0.34098923 -0.62195486 -0.10137575 0.24731655 0.5186391 0.108538724 -0.20707072 0.03710869 0.05250082 -0.05497464 0.12537354 -0.08603249 -0.17897123 -0.16972354 0.37499905 -0.13479307 0.06355303 0.06286742 0.20012796 0.024277138 0.052572362 -0.14954132 0.05567506 -0.11124432
94 -0.2762452 0.37845308 0.44232008 0.40460873 0.25745222 0.028815761 0.015815618 -0.009224246 0.32583672 -0.39372325 0.09890577 0.18201198 0.23861566 -0.076149434 0.07974386 0.19134793 -0.14374433 -0.015416331 -0.19813769 -0.17801565 -0.012340932 -0.28257787 0.063675776 0.10471778 -0.23706134 -0.008843352 -0.0327274 -0.21383168 0.1793453 -0.23364799 0.0003631822 -0.36745247
37 -0.386069 0.2854928 0.22082354 0.23701456 0.35584143 -0.187492 -0.09875155 0.13748175 0.18550076 -0.2891393 0.048095886 0.18963219 0.2803868 -0.054463368 -0.009535613 0.19622207 -0.1612304 0.09276023 -0.0013355628 -0.11613219 -0.106828384 -0.25757805 0.22116092 0.17444767 -0.13723882 0.061049506 0.098495945 -0.104961514 0.19252898 -0.22099574 -0.020212663 -0.3345437
48 -0.38391602 0.41528666 0.39213687 0.26595443 0.43197557 -0.09314703 -0.22155513 0.17856868 0.31936103 -0.054727674 0.14246918 0.17709632 0.2906273 -0.15018474 -0.0075423946 0.24023792 0.026379041 -0.18807365 -0.11942959 -0.10289971 -0.056673106 -0.089234054 0.2478496 0.1642426 -0.0056947675 -0.1276386 -0.0272605 -0.029572776 0.03110645 -0.14172308 0.10984824 -0.33422866
15 -0.35532853 0.23525517 0.1431618 0.21056354 0.42374206 -0.28549486 -0.26120326 0.20202078 0.09967352 -0.24255383 0.09379231 0.13704723 0.3008567 -0.11347439 0.019543966 0.25348026 -0.2094587 0.13876034 0.029490015 -0.057108093 -0.124246 -0.28023404 0.22778709 0.29527617 -0.15124096 0.06448624 0.07610683 -0.08999849 0.24134783 -0.2285489 -0.034505937 -0.43264246
111 -0.4361882 0.41458884 0.3371461 0.22882628 0.53489625 -0.10969788 -0.22882113 0.18793662 0.36264697 -0.10415472 0.15159997 0.21852122 0.36160937 -0.1521039 -0.08030603 0.18881729 0.076545335 -0.22607638 -0.1360434 -0.08497036 -0.06629958 -0.02193142 0.31732965 0.09863559 0.07507318 -0.12805745 0.038527634 0.008412525 -0.033186056 -0.15728277 0.18042506 -0.36572394
73 -0.22216906 0.389453 0.4385699 0.3638465 0.20924015 0.0072041242 0.0865201 -0.039783776 0.2973491 -0.4333466 0.08313827 0.16238196 0.2948738 -0.034567017 0.07185445 0.23219188 -0.15489279 -0.014856258 -0.16578816 -0.20088217 -0.050249472 -0.34482968 0.04406113 0.10902432 -0.23912741 0.04991496 -0.06358893 -0.26134735 0.22690937 -0.23396166 -0.04742492 -0.3439859
63 -0.34647283 0.40582228 0.42838487 0.27873778 0.43272135 -0.059435464 -0.18800768 0.13471931 0.35883138 -0.099113315 0.13719685 0.22132681 0.27439058 -0.18999507 0.0067901327 0.23523845 0.054587632 -0.18647248 -0.18869197 -0.14441967 -0.04417042 -0.089870244 0.24981938 0.12120389 -0.0055244644 -0.12743351 -0.03975138 -0.032440398 0.021517714 -0.17806152 0.16120434 -0.37804946
107 -0.39889702 0.39286894 0.2669004 0.2082392 0.3041483 0.013307683 0.16212022 -0.022283651 0.3541231 -0.56778336 -0.019634865 0.2477853 0.4225657 0.055918377 -0.08277028 0.06451711 0.0138730155 -0.097265884 -0.03312374 -0.093968324 -0.105630256 -0.22182307 0.23888706 -0.09194093 -0.03610071 0.018996822 0.0677991 -0.07527968 0.05917118 -0.14578117 0.07463476 -0.18345706
85 -0.375352 0.38386872 0.3082534 0.21168338 0.46448705 -0.10334614 -0.17030028 0.14905314 0.3281907 -0.13102116 0.10881572 0.21626721 0.33608747 -0.15154742 -0.001452512 0.19655861 0.02619823 -0.14725448 -0.1120162 -0.09183947 -0.0684592 -0.12381125 0.27609628 0.1461026 -0.0036612907 -0.087957434 0.028875187 -0.05140244 0.020061692 -0.15891032 0.122281425 -0.3738213
23 -0.3499288 0.36516207 0.41576385 0.30006006 0.4745624 -0.14194408 -0.26903987 0.18152879 0.29060403 0.031686407 0.18480748 0.14895502 0.2828193 -0.2312088 0.0440589 0.26387653 0.0023057624 -0.17060588 -0.17229739 -0.103478566 -0.011925931 -0.103812575 0.25260141 0.19331986 -0.0033428841 -0.12173461 -0.03949132 -0.024515463 0.03390909 -0.15365091 0.1400752 -0.42570755
52 -0.1573539 0.41287 0.5039046 0.4193412 0.1999506 0.03416779 0.037689008 -0.066098884 0.30573893 -0.42091274 0.08302055 0.16654706 0.21029182 -0.09025218 0.12760967 0.24625559 -0.18911046 0.026458872 -0.2605405 -0.22324258 5.6273333e-05 -0.37246692 -0.019819163 0.15204486 -0.29650924 0.043123428 -0.10755456 -0.31820688 0.2802885 -0.2444067 -0.046695497 -0.4029741
74 -0.27141762 0.3414924 0.41677567 0.37390727 0.2638889 -0.0015960624 0.01836139 0.03284943 0.30122742 -0.3513802 0.10201905 0.16826904 0.2657918 -0.06555377 0.063369915 0.22690372 -0.13001122 -0.037077583 -0.13710892 -0.16139151 -0.06226461 -0.26674598 0.06455477 0.118746474 -0.17561767 -0.024568807 -0.08146149 -0.22051182 0.20885642 -0.23839669 -0.0141406795 -0.3701763
71 -0.18763958 0.33508447 0.4522239 0.4010461 0.17048115 0.016718738 0.12714587 -0.08249791 0.2991968 -0.53346235 0.07036295 0.14880551 0.22976342 -0.03499901 0.096549645 0.20730272 -0.22726767 0.053475913 -0.1964187 -0.24336733 -0.0389086 -0.38707715 0.01537259 0.118281156 -0.3072538 0.077055156 -0.058905005 -0.31560284 0.31105694 -0.26045755 -0.07693285 -0.34107473
7 -0.45701098 0.23843893 0.06455517 0.14897889 0.5118469 -0.32376695 -0.30969623 0.29844794 0.10327364 -0.2182616 0.08919657 0.15384491 0.34339708 -0.15006539 -0.0565278 0.2706293 -0.15134962 0.09559354 0.089378715 -0.039047047 -0.17194924 -0.19402207 0.33514598 0.27829814 -0.014915822 0.011081995 0.147024 0.02870726 0.20041698 -0.22338209 0.01377676 -0.40775993
32 -0.37353435 0.23897952 0.15353234 0.2031136 0.4120919 -0.28974178 -0.2612834 0.20132434 0.11396623 -0.24747516 0.0777303 0.15206006 0.30122358 -0.14478944 0.00013833222 0.2509521 -0.19652613 0.11519158 0.032609377 -0.05425895 -0.13894686 -0.24605173 0.2312487 0.26062852 -0.10051947 0.034893483 0.08994467 -0.050667953 0.23266701 -0.21140267 0.0022821208 -0.43721944
10 -0.46302137 0.3527142 0.22383283 0.19429092 0.32174852 -0.014531987 0.17848486 -0.017580656 0.33988258 -0.6145816 -0.089404166 0.2483326 0.4958076 0.10737409 -0.13147944 0.04534496 0.04131392 -0.09283664 0.035966396 -0.09561568 -0.11164496 -0.21658467 0.29456097 -0.090213284 -0.0080402875 0.048740122 0.13631438 -0.04466973 0.08649494 -0.14328445 0.04042337 -0.15590535
104 -0.4104694 0.28402054 0.20308451 0.21603917 0.3921167 -0.17396668 -0.06251544 0.1358114 0.2037371 -0.3860444 0.033237696 0.2060501 0.36188197 -0.0441662 -0.056464225 0.19041075 -0.0868164 0.057092384 0.028620126 -0.11610467 -0.1342544 -0.2230821 0.22040017 0.124386996 -0.09562063 0.06174973 0.114257835 -0.056470655 0.15784934 -0.22581871 -0.01345273 -0.29529434
86 -0.45458072 0.340685 0.17387784 0.19237608 0.3129482 -0.03741019 0.12797378 0.013509809 0.31709662 -0.5822712 -0.04049163 0.20984297 0.4998666 0.10290609 -0.1269534 0.07182596 -0.003601423 -0.033390228 0.072658226 -0.08618082 -0.15461564 -0.22215962 0.25869015 -0.0849734 -0.05157628 0.05690628 0.12675074 -0.04568797 0.099759154 -0.15586504 0.03326335 -0.19380684
31 -0.50237066 0.3721233 0.21501943 0.17724231 0.3496837 -0.025378754 0.17667894 0.051377006 0.36222547 -0.5846624 -0.06559988 0.2657457 0.52419716 0.1101058 -0.17177814 0.026852833 0.057514887 -0.058066692 0.06682574 -0.095363654 -0.15387373 -0.19851647 0.33310723 -0.0992647 0.035770774 0.050318033 0.1512613 -0.029021712 0.06467953 -0.13242546 0.046993975 -0.13648544
57 -0.44128147 0.39359573 0.24084705 0.17703508 0.3496832 -0.03594649 0.094676435 0.026728693 0.37283528 -0.49873853 -0.018561158 0.24409953 0.43717238 0.043297295 -0.14549531 0.08314551 0.078132614 -0.11349778 0.042332955 -0.07769965 -0.11489418 -0.17464234 0.29437962 -0.080392696 0.003249019 0.009829567 0.09486635 -0.032670848 0.021549528 -0.16208784 0.06552561 -0.18647823
99 -0.28361264 0.34771264 0.33258897 0.31498554 0.23446035 0.03692055 0.16144267 -0.02804871 0.32925457 -0.5401717 0.011881568 0.19059291 0.3366733 0.018255439 -0.021438278 0.14960556 -0.102727965 -0.022184428 -0.079330325 -0.20951274 -0.065962955 -0.31966248 0.118093304 0.062158797 -0.18314114 0.059624624 0.012376402 -0.20105566 0.17963928 -0.21061866 -0.02827075 -0.25245824
26 -0.32195058 0.36299688 0.35892084 0.27753904 0.40065947 -0.10517959 -0.16477653 0.11915119 0.30844247 -0.15413189 0.11795079 0.16822325 0.29185238 -0.1186098 0.02861613 0.20328012 -0.028864093 -0.14082253 -0.11979736 -0.09567376 -0.057654053 -0.13318703 0.22459394 0.14938195 -0.069353454 -0.047872964 -0.027646355 -0.054101836 0.08893563 -0.1824261 0.0994586 -0.374281
90 -0.4375866 0.31388482 0.12448083 0.16777904 0.38757807 -0.11655883 0.062947795 0.070821 0.24701479 -0.5399278 -0.023143947 0.20650181 0.4684912 0.0833561 -0.12794918 0.08610062 -0.023079969 0.007938068 0.06875247 -0.052681033 -0.1357087 -0.19997033 0.2887335 -0.015983453 -0.0133591285 0.056429043 0.16118851 -0.0382529 0.08107538 -0.18878366 0.03772776 -0.2156109
13 -0.5092898 0.23547179 0.079036556 0.10545612 0.49129292 -0.2826323 -0.25520793 0.26346654 0.15454721 -0.26913932 0.042744495 0.18788205 0.4290124 -0.0809096 -0.08093255 0.1682145 -0.06484869 0.0024539772 0.115876734 -0.016793808 -0.16508387 -0.1378126 0.3895072 0.15624894 0.05959699 0.0026532118 0.13903476 0.0627954 0.08948652 -0.18227813 0.046864472 -0.300368
14 -0.22917497 0.26965886 0.31219983 0.31479028 0.27646282 -0.08136914 -0.013502704 0.021374322 0.19681488 -0.41820416 0.10809401 0.14633949 0.24045703 -0.044258457 0.0777088 0.23366596 -0.2664558 0.11659375 -0.107039295 -0.13438661 -0.05263353 -0.36328554 0.044188544 0.20520943 -0.2837852 0.09176318 -0.012966646 -0.22447109 0.32386538 -0.24731782 -0.09148589 -0.41708606
67 -0.23000483 0.3162561 0.3127839 0.33243912 0.21227118 -0.0338657 0.055217344 -0.0005038817 0.21309628 -0.50168705 0.09508468 0.15327439 0.3191241 -0.017802378 0.0368206 0.2247071 -0.20516811 0.119015716 -0.07457138 -0.15721862 -0.09286522 -0.38892114 0.0623902 0.15812072 -0.26517466 0.13094665 -0.019385615 -0.24169447 0.28363553 -0.25003612 -0.099602915 -0.36908275
59 -0.47161642 0.33805263 0.16015895 0.18044949 0.30504346 -0.060056068 0.14237203 0.048478734 0.2602362 -0.61815625 -0.042980537 0.22557072 0.44905442 0.1109822 -0.13190086 0.07924533 -0.048278324 0.05738004 0.052571032 -0.10918739 -0.14743313 -0.26901525 0.26926926 -0.04209255 -0.037310883 0.09439205 0.16095927 -0.06850772 0.13276882 -0.20994817 0.0029365192 -0.19955096
1 -0.33273542 0.39473283 0.40422997 0.30343133 0.39314565 -0.10160561 -0.18707827 0.13211688 0.30830097 -0.11855157 0.12778391 0.1893879 0.2776386 -0.18821828 0.013361171 0.24276689 -0.018210942 -0.1339329 -0.16746365 -0.12248774 -0.028891176 -0.16555214 0.18989177 0.1681219 -0.055147413 -0.07503104 -0.03093978 -0.058208644 0.07881807 -0.14798957 0.109411106 -0.38489097
6 -0.4294709 0.36564112 0.2611336 0.22446388 0.46259066 -0.103808284 -0.15574673 0.15629792 0.28259373 -0.19392136 0.0861114 0.19435611 0.3820922 -0.1295792 -0.043060474 0.17015068 0.0076390007 -0.13391244 -0.058563862 -0.10022721 -0.07170496 -0.09913146 0.29359916 0.09943946 0.031886518 -0.08691737 0.06678402 -0.022756983 0.044572663 -0.1837683 0.08370065 -0.3337555
65 -0.43587297 0.37721342 0.2470543 0.21800123 0.3128275 0.0025153235 0.15636262 -0.009305704 0.3545411 -0.58243006 -0.034866814 0.24214296 0.42213985 0.08324866 -0.11353326 0.08448351 0.01754058 -0.06731568 0.017853143 -0.11812441 -0.11355206 -0.21690397 0.2560155 -0.08485149 -0.0047262562 -0.005009286 0.080347404 -0.0757506 0.069680646 -0.13831744 0.065977015 -0.19429748
30 -0.48319635 0.21409029 0.035733752 0.11772632 0.45188788 -0.31922373 -0.22546598 0.22865154 0.09952477 -0.32858664 0.017737415 0.19875126 0.3718709 -0.10109185 -0.07107114 0.20426925 -0.15407597 0.150887 0.12660587 -0.02326545 -0.1893209 -0.21887971 0.3080282 0.19396178 -0.017332323 0.07711695 0.17902875 -0.004762937 0.16641462 -0.24679716 -0.009866541 -0.3695202
70 -0.3764288 0.19312555 0.046340477 0.18345997 0.40933222 -0.3164764 -0.21473931 0.20088506 0.064450294 -0.34574467 0.060307063 0.16498327 0.32730985 -0.09582458 -0.01533317 0.2512833 -0.23060766 0.2008481 0.0732778 -0.050016813 -0.16045745 -0.31794146 0.26933998 0.26552004 -0.14018217 0.12094934 0.15378559 -0.0719159 0.29263082 -0.23497723 -0.06714937 -0.41713825
110 -0.29157844 0.40517634 0.44006968 0.32164422 0.38167667 -0.08786992 -0.16833024 0.113621935 0.3280263 -0.124955155 0.14281237 0.1913545 0.26475617 -0.18390507 0.063991524 0.27119562 -0.06965682 -0.13370322 -0.18761201 -0.14721856 -0.03881701 -0.14326765 0.16979526 0.20040512 -0.07950673 -0.075365655 -0.071706966 -0.07906343 0.089808755 -0.18943161 0.10037597 -0.3769543
17 -0.25138304 0.37399366 0.38499027 0.32203963 0.17870367 -0.0033080415 0.10435924 -0.040039226 0.26909867 -0.51814 0.05728841 0.16340639 0.32995024 0.022757245 0.032769173 0.19523916 -0.16681565 0.027018303 -0.08259478 -0.18372756 -0.07023975 -0.36846754 0.097147 0.05319876 -0.23249541 0.09148071 -0.023299512 -0.24410114 0.2260434 -0.23577285 -0.053451724 -0.28509146
2 -0.39247388 0.34946617 0.310039 0.23828849 0.449218 -0.17490421 -0.22205876 0.19351897 0.26242656 -0.14530206 0.12857889 0.15585555 0.3563368 -0.14792715 -0.03315563 0.24432266 -0.036695696 -0.08264572 -0.08890353 -0.091083415 -0.11065648 -0.15642397 0.26724327 0.15674423 0.0007106684 -0.050727125 -0.006197404 -0.015087241 0.07648828 -0.17080684 0.11790091 -0.37756267
114 -0.40682787 0.2735381 0.1843446 0.18627736 0.4682069 -0.21999088 -0.17655839 0.20311503 0.17418604 -0.28508615 0.09654625 0.17002907 0.37227893 -0.084089965 -0.04633621 0.23568799 -0.14109947 0.04597624 -0.006397524 -0.05826661 -0.11924036 -0.23764889 0.29323536 0.21231192 -0.039928038 0.041194256 0.07139007 -0.04292285 0.17880641 -0.21884803 0.0072382586 -0.3845359
5 -0.26743916 0.3039014 0.31649715 0.32374048 0.25213134 -0.07717734 0.0048996313 0.039770707 0.17934814 -0.43023297 0.08509322 0.17039382 0.31618947 -0.029660104 0.026529698 0.22072716 -0.19298606 0.11188381 -0.051622562 -0.15304638 -0.09687629 -0.3699951 0.11745298 0.15913503 -0.26666495 0.10311744 -0.004148097 -0.22186789 0.2667774 -0.2323649 -0.065148056 -0.32775134
128 -0.49085987 0.40592772 0.20984633 0.19589396 0.3537124 -0.005630566 0.18053006 0.027612453 0.35251442 -0.6041926 -0.05465311 0.2624141 0.48435748 0.07366121 -0.16465275 0.04126879 0.04642502 -0.032918643 0.03498573 -0.12369381 -0.14154507 -0.19703808 0.27813518 -0.10841665 -0.008303914 0.03265482 0.16363157 -0.059101347 0.050084382 -0.13710077 0.05992463 -0.17986523
34 -0.49571598 0.35005417 0.1582305 0.16676839 0.34126642 -0.03358514 0.16812369 0.00028134912 0.3090936 -0.6335845 -0.09936522 0.23572657 0.49838355 0.13173462 -0.16062383 0.05852675 0.026108524 -0.03690961 0.092345424 -0.10017851 -0.16794273 -0.2324923 0.3391337 -0.087695196 0.021462139 0.064110704 0.17951143 -0.0072569037 0.08238921 -0.15490372 0.040128466 -0.1390318
18 -0.43207344 0.21284053 0.07701633 0.14119433 0.46990934 -0.31938958 -0.33728725 0.26986128 0.117318906 -0.17912544 0.104439005 0.16130991 0.32702956 -0.17626071 -0.010327759 0.25852463 -0.15298003 0.071896926 0.027069328 -0.04322609 -0.14327846 -0.21586208 0.29234803 0.26878157 -0.07800834 0.035263017 0.10378238 -0.010930401 0.17989261 -0.2336106 0.012919351 -0.43006292
95 -0.23481083 0.3639803 0.3964598 0.3482464 0.20010601 0.0076080426 0.13124818 -0.060448635 0.28841028 -0.5769992 0.04066144 0.16742791 0.32933632 0.01822626 0.040312 0.18185219 -0.15719453 0.090003535 -0.1296209 -0.16404493 -0.06818374 -0.4119232 0.028068295 0.0685121 -0.28204638 0.09883674 -0.03073131 -0.27063227 0.24877365 -0.22370926 -0.08659496 -0.3262344
75 -0.54332274 0.3406871 0.1474854 0.119008735 0.43608356 -0.11562397 0.04301815 0.106789105 0.33547875 -0.5111353 -0.06885159 0.21708006 0.5373984 0.08211636 -0.18313286 0.047021843 0.06751385 -0.07796993 0.09475678 -0.06270053 -0.18272462 -0.14490809 0.3939893 -0.09136012 0.04745554 0.016902745 0.18330882 0.040782373 0.029972007 -0.15807396 0.055123024 -0.1735528
106 -0.5219581 0.3711816 0.21465251 0.16316365 0.38756153 -0.042342108 0.14033177 0.06692496 0.37870482 -0.5441577 -0.07138695 0.2743766 0.4999148 0.05243138 -0.18390742 0.04482373 0.10967537 -0.13383296 0.06937654 -0.07674388 -0.1378504 -0.13701952 0.355945 -0.12912548 0.091080844 -0.032967564 0.13920602 0.024340954 -0.0030234908 -0.11861724 0.12040975 -0.16577
49 -0.529236 0.3259808 0.18084939 0.1924522 0.43560442 -0.09336085 0.044231758 0.12893568 0.29533067 -0.46352664 -0.01810968 0.237162 0.53648657 0.042151727 -0.13564496 0.080576636 0.03595068 -0.0713566 0.080589935 -0.0803005 -0.16901524 -0.12643062 0.3386231 -0.052512888 0.067618564 0.00023782947 0.1390287 -0.0022758734 0.011200868 -0.17662519 0.05095094 -0.16919394
41 -0.46287856 0.411267 0.34777752 0.27346683 0.49583477 -0.14132911 -0.24986479 0.2008856 0.32578415 -0.07101117 0.12212298 0.18657975 0.29341814 -0.16593836 -0.043519285 0.21619421 0.047779683 -0.16535433 -0.09259466 -0.09488824 -0.068993084 -0.03764857 0.29513776 0.16019604 0.024477543 -0.091019675 0.027557112 -0.0047207973 0.0055519943 -0.18582588 0.1287355 -0.35574833
21 -0.20939754 0.3663061 0.42862457 0.36725807 0.17434391 0.03278645 0.12898879 -0.083433226 0.31935588 -0.49719843 0.057375927 0.19009905 0.27326977 -0.008939472 0.090791725 0.19876744 -0.18526979 0.042248096 -0.15401857 -0.21994904 -0.008898157 -0.3574595 -0.0077429246 0.10464973 -0.27432135 0.05742444 -0.055579647 -0.2980195 0.27618816 -0.25218606 -0.10010382 -0.3294663
