128 32
22 -0.0369869 -0.11615332 0.17640644 -0.29303342 -0.14339028 -0.0030587865 0.4361543 -0.2545067 -0.21093157 -0.14894862 0.21730311 -0.11001757 0.2733513 -0.03795227 0.08490273 -0.26876923 -0.049799535 0.1505822 -0.10149979 0.56594884 -0.16340232 0.047554284 -0.09312983 0.005362408 0.15528882 0.07774505 0.0036326384 -0.15740599 -0.086381815 -0.40428853 -0.13570997 0.08993788
77 -0.036297865 -0.069524325 0.13665514 -0.24959299 -0.1103785 -0.008626213 0.4503581 -0.19591326 -0.19853652 -0.16284859 0.20227619 -0.13178775 0.2707437 -0.0075737434 0.08333307 -0.28616002 -0.0663731 0.16444442 -0.13824531 0.6356807 -0.17618221 0.0022274063 -0.12065675 0.086632036 0.18681164 0.008857967 -0.011896787 -0.14239825 -0.118767776 -0.36813638 -0.14660095 0.1362982
128 -0.002321718 -0.02241681 0.14400066 -0.30321932 -0.103784144 0.029425533 0.4584602 -0.17869243 -0.20484336 -0.13074428 0.18818292 -0.10306868 0.25116897 -0.036419347 0.050434515 -0.31206292 -0.068863645 0.15521047 -0.13104036 0.6411214 -0.17993844 0.06400872 -0.11515513 0.06875983 0.1966257 -0.003136059 0.020917064 -0.17634344 -0.025878157 -0.36264855 -0.15518123 0.14604689
94 -0.12816755 -0.23312813 0.21259178 -0.17218167 -0.15884359 -0.14836636 0.38293236 -0.43541613 -0.19936028 -0.24712266 0.25431412 -0.12389983 0.25905308 0.00504731 0.13906904 -0.1643457 -0.045975737 0.08245394 -0.07529715 0.48082635 -0.07358542 -0.0651852 -0.13969529 -0.07236924 0.11602911 0.18870223 -0.13982844 -0.08275506 -0.39818603 -0.365168 -0.040717278 -0.015530268
15 -0.12894571 -0.24169768 0.17878507 -0.17450063 -0.16973636 -0.08788265 0.3842061 -0.41842714 -0.17625538 -0.23201793 0.25326303 -0.13092922 0.23792855 -0.012203113 0.18980387 -0.19867651 -0.062293544 0.11556215 -0.07280003 0.5068783 -0.10723192 -0.063129544 -0.116499744 -0.10319642 0.13094458 0.18021327 -0.18711035 -0.115987845 -0.36241683 -0.3415697 -0.0026982354 0.019264098
63 -0.08736688 -0.18816856 0.17936668 -0.26284602 -0.16088279 -0.009249033 0.3832714 -0.29220346 -0.16938944 -0.1902681 0.22619648 -0.14194995 0.26921728 -0.023654712 0.11364972 -0.2644033 -0.038902137 0.13473427 -0.012796967 0.5639659 -0.17065743 0.053479914 -0.10670763 -0.06691972 0.149799 0.1328233 -0.058712266 -0.17652701 -0.0955205 -0.3895872 -0.16160026 0.09519234
40 0.12076 -0.11094984 0.22823422 -0.3405068 -0.22941296 0.028735332 0.29686728 -0.4847938 -0.11172312 -0.24252471 0.224121 0.07150197 0.23004763 0.06031197 -0.05299642 -0.25166658 -0.084165715 -0.010854568 -0.09871872 0.4398382 -0.05965335 -0.1140737 -0.18456148 0.048720155 0.14596272 0.3781994 0.058404118 -0.1327314 -0.2062092 -0.37534365 -0.13970637 -0.0077138795
41 -0.044578057 -0.11648432 0.16609865 -0.29837084 -0.13502002 0.024525737 0.44914997 -0.21310537 -0.23272909 -0.13602442 0.19388804 -0.11587304 0.25544208 -0.04946491 0.100721955 -0.27894628 -0.052063707 0.17325632 -0.07646318 0.61380357 -0.21118797 0.07407469 -0.10432441 0.01010324 0.16953889 0.014758016 -0.009122107 -0.18955293 -0.032851078 -0.37343732 -0.17302416 0.14012998
53 0.044232316 0.09907235 0.07998595 -0.3128326 -0.040975396 0.030365853 0.45009738 -0.20605138 -0.1518081 -0.18264404 0.13024552 -0.033258438 0.20173082 0.02784375 -0.011413505 -0.2919313 -0.07441175 0.06813868 -0.292603 0.6055348 -0.119784184 -0.17086938 -0.19104013 0.25350216 0.23360676 -0.0041289437 0.022132859 -0.13908854 -0.3071315 -0.34177738 -0.09461808 0.096841484
29 -0.015323391 -0.06551419 0.1480348 -0.30895624 -0.14432849 0.016727041 0.4104381 -0.23173888 -0.16122149 -0.19654158 0.17114563 -0.06175139 0.23852196 0.02495436 0.0167319 -0.2816904 -0.048552677 0.1386188 -0.1320487 0.5927728 -0.18362659 0.0080436375 -0.16025381 0.08913631 0.17899787 0.08315516 0.03466906 -0.20027368 -0.11747961 -0.3388548 -0.17293912 0.09174151
75 0.05779293 0.14515156 0.044585567 -0.2998185 -0.018176015 0.004602905 0.44683102 -0.19544505 -0.1575756 -0.22453445 0.14579111 -0.015499628 0.2001757 0.04739255 -0.03109521 -0.271014 -0.09193937 0.06078404 -0.35762858 0.607937 -0.09811755 -0.24118383 -0.21101753 0.30999893 0.24903873 4.2457454e-05 0.04547396 -0.114479825 -0.38595474 -0.31444648 -0.069849625 0.10846905
125 0.066355325 0.068161085 0.069582835 -0.274092 -0.089755915 -0.010888243 0.443153 -0.22128408 -0.14839724 -0.2004335 0.13603337 -0.020023065 0.24307695 0.031521942 0.026528511 -0.26193488 -0.08478266 0.07558266 -0.28742218 0.59510183 -0.09767944 -0.19481567 -0.16951159 0.22900167 0.22787093 0.04262876 0.0067677917 -0.12524144 -0.34441614 -0.28354743 -0.053618815 0.08619439
30 -0.052781355 -0.078838855 0.13655834 -0.29776248 -0.09227713 -0.004063508 0.4658187 -0.16639514 -0.21162602 -0.14931028 0.20108952 -0.11035381 0.25988042 -0.04845088 0.054505467 -0.29229054 -0.068192504 0.13179061 -0.15154226 0.6129013 -0.19140933 0.004236094 -0.13176039 0.05613155 0.19809224 0.01279073 0.0037343015 -0.17690139 -0.11031604 -0.35840103 -0.15286955 0.11490748
80 0.03925811 -0.00351031 0.08886885 -0.2996345 -0.09177095 -0.07327758 0.4240484 -0.2969514 -0.17095561 -0.20984755 0.16578008 -0.016408062 0.20836444 0.026478989 0.015096406 -0.23584726 -0.10617658 0.015167625 -0.2638445 0.5448146 -0.0742982 -0.2196226 -0.12090142 0.20278895 0.24101065 0.077372625 -0.032566335 -0.11087052 -0.4003322 -0.3249004 -0.012390449 -0.00857389
120 -0.07358712 -0.1500465 0.16701746 -0.25378737 -0.12493935 -0.044639055 0.43398306 -0.28231108 -0.20749825 -0.16343972 0.24203356 -0.11577812 0.26332372 -0.04582707 0.15189306 -0.23986496 -0.050902825 0.12703009 -0.10823651 0.57786614 -0.1752404 0.016495671 -0.06006132 -0.046184868 0.13970056 0.07931972 -0.10190647 -0.14323387 -0.15632239 -0.37438393 -0.09212063 0.056539875
60 -0.057920214 -0.16697475 0.22196159 -0.28267214 -0.19093433 -0.03689057 0.37886703 -0.38032338 -0.1570732 -0.18879463 0.24199942 -0.06125717 0.23458987 -0.008335859 0.05771055 -0.21963748 -0.07906103 0.077057704 -0.073221065 0.49864188 -0.1283355 -0.0694726 -0.13536558 -0.021550748 0.1482042 0.17972253 -0.052801833 -0.12073835 -0.24223682 -0.34766784 -0.09093014 0.03035876
126 0.08413886 -0.092214555 0.24407747 -0.39447382 -0.22296856 0.012340627 0.28717053 -0.47916394 -0.091972895 -0.20742165 0.20006408 0.06365196 0.22867143 0.061464425 -0.07345377 -0.30618653 -0.103173 0.0048225797 -0.0703013 0.46909878 -0.08676987 -0.022081573 -0.1453019 0.0525981 0.121102706 0.33130875 0.096886575 -0.2032149 -0.061501008 -0.3765514 -0.21082753 0.01112927
9 0.022662694 0.078269675 0.054632977 -0.2815748 -0.040010653 -0.04750683 0.45289245 -0.22151166 -0.17560144 -0.23559152 0.15191835 -0.039136875 0.20413159 0.041341215 -0.0031431995 -0.24493851 -0.09673032 0.041720532 -0.3134177 0.58595604 -0.113350056 -0.23464696 -0.1378915 0.24938814 0.25764045 0.01392897 -0.0036860404 -0.09142615 -0.3895313 -0.33617058 -0.033102322 0.030970592
90 -0.05875324 -0.116338745 0.17003998 -0.24791141 -0.15742731 -0.023958782 0.42018893 -0.28324965 -0.20667522 -0.17089947 0.21945657 -0.1016152 0.26096913 -0.01748749 0.07676992 -0.23362532 -0.058340352 0.12132732 -0.10855607 0.5530149 -0.14017075 -0.017439296 -0.1260969 0.037310667 0.15158728 0.0774475 -0.022730844 -0.11854323 -0.18768308 -0.37385517 -0.12801905 0.08054579
107 0.0015971228 -0.0072496277 0.1001764 -0.26362428 -0.0737657 -0.018446337 0.40129265 -0.25232106 -0.16374119 -0.23100592 0.1750835 -0.048033502 0.20144647 0.014760819 0.0032427479 -0.2451519 -0.10356212 0.04654961 -0.24055615 0.5841477 -0.124817014 -0.16358641 -0.18203312 0.14693321 0.21137445 0.09059549 -0.031110499 -0.1544249 -0.32898742 -0.32406464 -0.045918725 0.07030364
43 -0.082700625 -0.22787513 0.22932926 -0.24382845 -0.20840132 -0.11992291 0.38089406 -0.399984 -0.17201023 -0.21844238 0.2868827 -0.0941235 0.27422443 -0.018745383 0.14273062 -0.18520667 -0.042546403 0.10890732 -0.05861782 0.49880755 -0.091396466 -0.03682332 -0.111173004 -0.11878864 0.09637379 0.18842551 -0.11412874 -0.11603288 -0.2675186 -0.33882698 -0.064566076 -0.0013997891
76 -0.09114458 -0.15438443 0.18922168 -0.28840536 -0.15195262 -0.051783185 0.45129314 -0.2774935 -0.18827541 -0.122858725 0.2512608 -0.101056926 0.26634765 -0.054865934 0.12024867 -0.22240095 -0.050491065 0.14234063 -0.09149015 0.5614082 -0.1665161 -0.00089303096 -0.09192597 -0.06697937 0.14418961 0.07539296 -0.06323658 -0.1469466 -0.130503 -0.38121468 -0.109319374 0.070718795
105 -0.06425399 -0.13603663 0.15411864 -0.26574618 -0.15228514 -0.023399476 0.43745792 -0.24803966 -0.19974613 -0.1403572 0.21721327 -0.10618893 0.24461216 -0.028950458 0.106608145 -0.24898647 -0.03555784 0.17429638 -0.08503591 0.59790325 -0.1788621 0.04844667 -0.11189808 -0.016344465 0.1428604 0.059038192 -0.040204335 -0.15081461 -0.13241562 -0.37164962 -0.14076875 0.12572935
79 0.09659886 -0.06512472 0.21495561 -0.34486508 -0.18345924 -0.012839006 0.31453001 -0.4233594 -0.10994228 -0.22057427 0.21465921 0.050612826 0.2159736 0.04440756 -0.09971888 -0.2685122 -0.088994384 -0.023771632 -0.11360161 0.45653743 -0.057551425 -0.11758491 -0.1872322 0.08549478 0.13220488 0.30982813 0.059374306 -0.12286965 -0.23082732 -0.36580342 -0.15542689 -0.008383452
31 -0.016880615 -0.02902417 0.09550468 -0.2737489 -0.092649475 0.034444425 0.47103462 -0.17043771 -0.20761713 -0.11977259 0.18948892 -0.09501434 0.26123205 -0.0115431 0.059881255 -0.31178132 -0.05342325 0.14801516 -0.15534256 0.63723165 -0.19827256 0.017799437 -0.12956685 0.11235872 0.21909207 -0.019827181 0.017600203 -0.20011997 -0.085827656 -0.370613 -0.15262058 0.14415285
72 0.019275999 0.1351144 0.01262962 -0.23058432 0.012735822 -0.031619474 0.45976442 -0.21303731 -0.14409274 -0.23903646 0.16698042 0.015760662 0.19454263 0.06777545 -0.01123458 -0.24631749 -0.07933932 0.011663359 -0.38039994 0.59322774 -0.1143921 -0.3045037 -0.19225359 0.30611888 0.26303133 -0.025950635 -0.015740406 -0.10908826 -0.50781006 -0.30774763 0.01945166 0.07137378
85 -0.045652322 -0.13462535 0.17776664 -0.25711274 -0.15808147 -0.021947829 0.38960344 -0.27797452 -0.18783148 -0.18254994 0.2222235 -0.11089894 0.2467849 -0.024848774 0.06955695 -0.25155473 -0.048324924 0.13196526 -0.057549257 0.58074534 -0.16079049 0.049480952 -0.10636562 -0.03649969 0.16129667 0.13452736 -0.03117156 -0.17430672 -0.092288435 -0.38651985 -0.1620046 0.09655716
83 0.016901646 0.037697025 0.067581475 -0.2570015 -0.05547591 -0.01822092 0.4631644 -0.1720943 -0.18772434 -0.22109327 0.1370072 -0.054976273 0.22206174 0.021804482 0.04198156 -0.2547931 -0.07129766 0.08908025 -0.29999307 0.59541434 -0.14163506 -0.17159297 -0.14547244 0.23062386 0.23426469 -0.011558104 -0.029520677 -0.09059838 -0.3293003 -0.34375903 -0.014350558 0.08923099
106 0.033297993 0.04007254 0.0683121 -0.26323196 -0.043900654 -0.008636505 0.3965442 -0.30945876 -0.16129772 -0.21475574 0.15488765 -0.009401735 0.19475955 0.0591786 0.039761744 -0.20764427 -0.08916332 0.027025945 -0.28176025 0.54531866 -0.071495384 -0.24232782 -0.16243549 0.1962786 0.23105194 0.080662556 -0.074848905 -0.09937813 -0.43507662 -0.36889094 0.02759165 0.042792697
113 0.03166027 0.053368066 0.09784403 -0.27067885 -0.057015244 -0.028089326 0.41780147 -0.2706177 -0.14156681 -0.21993215 0.18450268 -0.0146202715 0.19395965 0.039145794 -0.021948904 -0.2295993 -0.0963712 0.010338159 -0.28114465 0.5595918 -0.12371756 -0.2295098 -0.12405506 0.18948306 0.25258046 0.091612235 -0.0103913015 -0.13163097 -0.34412527 -0.31125504 -0.026322348 0.029160902
65 0.08870952 0.14877419 0.008595044 -0.30132017 -0.021290699 0.0054588313 0.44453377 -0.21953245 -0.12714772 -0.25325087 0.13071081 0.06357862 0.16439076 0.07388594 -0.1065203 -0.26899794 -0.07873423 -0.014232957 -0.40202492 0.5787397 -0.087648556 -0.34671292 -0.19519056 0.38551822 0.2545539 0.009701194 0.07382369 -0.10618597 -0.4566752 -0.29111478 -0.028514527 0.05741255
127 0.035005346 -0.033484004 0.16073036 -0.29851094 -0.17059417 -0.02872886 0.3262864 -0.35736385 -0.13326307 -0.23684773 0.17512825 -0.022247503 0.22294354 0.030713655 -0.03745642 -0.28515223 -0.09108877 0.037022643 -0.15339223 0.51684314 -0.11440309 -0.1028172 -0.17645657 0.092884205 0.1656291 0.22751942 0.029206652 -0.15502074 -0.23140106 -0.35274318 -0.1659187 0.04254124
38 0.043367453 0.108632505 0.048847742 -0.3047247 -0.04399222 0.012877953 0.46442428 -0.24876764 -0.14847095 -0.22073835 0.14946082 -0.0016541753 0.20662999 0.07688997 -0.03992399 -0.26307756 -0.10203638 0.039146792 -0.32128766 0.60137355 -0.10619513 -0.25504902 -0.17235032 0.30052033 0.26902813 0.0031625507 0.018807821 -0.14669472 -0.35964155 -0.29095513 -0.021098334 0.055423535
44 -0.0678932 -0.15280458 0.15668069 -0.2240771 -0.15237702 -0.08385087 0.37477124 -0.38623103 -0.16328543 -0.22550905 0.23504697 -0.09698417 0.2006531 -0.0064578294 0.125943 -0.17759757 -0.06905055 0.09088905 -0.14337038 0.48637354 -0.10082194 -0.109818265 -0.13539152 -0.0007577839 0.14502606 0.14666392 -0.09068289 -0.060984924 -0.42623144 -0.3334349 -0.0060078604 -0.018703822
45 0.050019845 0.04852275 0.077533044 -0.31276667 -0.10016937 -0.008669638 0.3836782 -0.2744589 -0.1192694 -0.21980834 0.16520508 0.024770504 0.18656123 0.06541604 -0.05403763 -0.28684676 -0.0857369 0.008086517 -0.2750308 0.5637361 -0.11852877 -0.18473172 -0.21504723 0.21407308 0.23290429 0.0989789 0.062950306 -0.119402975 -0.32016626 -0.3342753 -0.078909256 0.071438536
81 0.048576284 -0.1535715 0.2385603 -0.33821502 -0.22924446 0.02547325 0.3079571 -0.46523985 -0.095839635 -0.19327308 0.2039367 0.017288435 0.23524421 0.03519207 -0.03997856 -0.25615233 -0.08119703 0.021942144 -0.06632078 0.4597363 -0.0970458 -0.04211311 -0.12473441 0.010769203 0.14441548 0.32131302 0.020105273 -0.15809634 -0.13856393 -0.38356853 -0.14794919 -0.01115647
2 0.057961624 -0.12201107 0.25627738 -0.34704787 -0.2349486 0.003554075 0.26856086 -0.44313142 -0.093492776 -0.22994561 0.19775125 0.01276871 0.24085663 0.06510601 -0.099085905 -0.27951932 -0.10203538 0.018029619 -0.045263667 0.47918946 -0.09375674 -0.06003679 -0.14670874 0.001816616 0.115119584 0.37526894 0.07588613 -0.20493726 -0.078033485 -0.35218766 -0.22463988 -0.009650181
16 0.061893176 0.15103757 0.00906234 -0.27515128 0.01948706 -0.02760881 0.4550407 -0.18601727 -0.17397417 -0.2005899 0.12933709 -0.028205713 0.20676862 0.039449457 -0.034288336 -0.25481805 -0.08702531 0.061976988 -0.39825797 0.62831897 -0.0894189 -0.29440534 -0.21585533 0.3489013 0.26026404 -0.022232037 -0.0011931888 -0.11871239 -0.4437346 -0.29701823 0.010397862 0.06402936
4 -0.011379104 -0.08011055 0.20129277 -0.32221058 -0.16443533 0.020096349 0.3786082 -0.28317234 -0.18552111 -0.17854467 0.20018207 -0.06236013 0.2472528 -0.009458562 0.06832389 -0.28421557 -0.06202544 0.13614613 -0.09674979 0.5621099 -0.1497089 0.034604307 -0.14903937 0.02600658 0.15703435 0.100018375 0.021162797 -0.18431239 -0.079486206 -0.39219546 -0.19757187 0.084282994
114 -0.12869866 -0.2829597 0.23002273 -0.23117568 -0.20469105 -0.16451941 0.37797326 -0.48098245 -0.19486749 -0.20012063 0.26096228 -0.099967375 0.2503755 -0.014901263 0.17952512 -0.16455702 -0.0395918 0.09628134 -0.064799555 0.4308648 -0.076962054 -0.060341854 -0.075533755 -0.1279921 0.103911236 0.22607566 -0.1504734 -0.073522896 -0.40425274 -0.3325202 0.0011585793 -0.041080102
26 0.015727883 -0.028909197 0.12509935 -0.27726924 -0.1108211 0.03563324 0.4422244 -0.22513044 -0.19421145 -0.16432612 0.15895101 -0.03694871 0.2501733 0.009209861 0.03528396 -0.2721306 -0.06244836 0.11469844 -0.19195725 0.5920591 -0.15689431 -0.049817044 -0.1613355 0.13650382 0.19522333 0.030051118 0.027974635 -0.14210856 -0.15991321 -0.372851 -0.1258122 0.12598807
67 -0.1172404 -0.20711559 0.18202452 -0.2171506 -0.17159125 -0.09986776 0.37526432 -0.39126566 -0.18420443 -0.18993524 0.2602978 -0.095980875 0.2554679 -0.011022896 0.15749261 -0.20633338 -0.057493765 0.10453089 -0.08293546 0.49268818 -0.106994815 -0.05191106 -0.11329905 -0.08746764 0.09507851 0.18086077 -0.115713 -0.07461441 -0.34160537 -0.36951327 -0.062775366 -0.00484409
110 -0.015372697 -0.112581134 0.12513831 -0.28986973 -0.18651545 0.032864198 0.43672624 -0.24382338 -0.20405038 -0.18012546 0.18306135 -0.06932798 0.26269162 -0.009966629 0.015877835 -0.281971 -0.083276 0.10989258 -0.08849167 0.5995004 -0.1950426 0.038949545 -0.11112802 0.052586053 0.16984889 0.10161292 0.01624429 -0.16681668 -0.086501 -0.36963555 -0.17139232 0.093927965
54 0.08619772 -0.12648372 0.23816542 -0.3379987 -0.25111726 0.032925554 0.3001265 -0.43034673 -0.0953887 -0.23311602 0.18697426 0.024372173 0.26608273 0.049564943 -0.07136536 -0.2681515 -0.07039157 0.028544694 -0.06633956 0.4798754 -0.08519958 -0.051241558 -0.18127915 0.019538833 0.13589896 0.32631552 0.091316395 -0.17512964 -0.09784863 -0.37980825 -0.22345158 0.040484983
96 -0.10035586 -0.2815865 0.21501505 -0.20071022 -0.19977002 -0.12729347 0.33788463 -0.41180834 -0.18148106 -0.22891508 0.27639005 -0.13220705 0.2440857 -0.011748394 0.19592601 -0.17361945 -0.062005244 0.10473739 -0.048216924 0.50829256 -0.094205 -0.0010910663 -0.11557779 -0.1428165 0.121630825 0.2117699 -0.15585752 -0.07844111 -0.32575974 -0.37869793 -0.031123666 0.0009892759
36 -0.054983865 -0.13428123 0.16067284 -0.27798638 -0.15393668 0.018164199 0.47723836 -0.2678327 -0.21509208 -0.13186428 0.22367558 -0.099517964 0.25507036 -0.036092687 0.085573524 -0.2668933 -0.04234587 0.152957 -0.042407613 0.5886828 -0.20865491 0.06277269 -0.086259596 -0.01781431 0.16364177 0.05776567 -0.028750747 -0.1639673 -0.048937332 -0.37140626 -0.16442074 0.11405715
3 0.02917962 -0.059829626 0.21880713 -0.33966196 -0.17555456 0.039043274 0.3341298 -0.4033248 -0.097074 -0.21804446 0.20831661 0.030172797 0.21587327 0.030979373 -0.091086455 -0.29490405 -0.09861873 0.037025344 -0.12896697 0.4912538 -0.099797286 -0.08343562 -0.17588767 0.061603848 0.14965658 0.26460135 0.04768098 -0.18026653 -0.15037288 -0.35563615 -0.1770517 0.048847254
124 -0.044552494 -0.16984831 0.20135418 -0.28065026 -0.14902277 -0.024205927 0.4048491 -0.2804582 -0.21895398 -0.19295244 0.22954865 -0.09131058 0.2644493 -0.036910795 0.08461353 -0.24930498 -0.043276906 0.11532682 -0.07712625 0.5712791 -0.16649911 0.020352513 -0.12116008 -0.022648422 0.13594227 0.10293647 -0.03439755 -0.12901375 -0.10025893 -0.4018523 -0.13910443 0.10247812
8 -0.11296173 -0.24976587 0.25440222 -0.22398664 -0.20698622 -0.097155824 0.33819997 -0.46021363 -0.17813629 -0.21371898 0.28061548 -0.1234166 0.24784225 -0.030528778 0.12557082 -0.2031565 -0.064851016 0.082637824 0.013093932 0.4910582 -0.09668706 0.016837679 -0.108949706 -0.15810944 0.11004649 0.23160687 -0.116132006 -0.12440441 -0.25090805 -0.37206382 -0.07917999 -0.0050650327
87 -0.08222624 -0.19511923 0.19426146 -0.2035179 -0.16938376 -0.10529211 0.35421038 -0.4037697 -0.18027131 -0.2457141 0.23284212 -0.107489206 0.23225698 -0.017873261 0.12897381 -0.22983065 -0.04965982 0.103508234 -0.12206295 0.48086005 -0.08544129 -0.059701335 -0.123766266 -0.07220252 0.09171989 0.18355322 -0.13506249 -0.07199156 -0.34795135 -0.35334724 -0.01732056 0.0026287618
55 0.07023889 -0.059958268 0.21608451 -0.36274737 -0.22203983 0.060558118 0.2887005 -0.41383204 -0.08128628 -0.24453983 0.19352952 0.03141201 0.20791686 0.06420627 -0.14492579 -0.27182344 -0.10952564 0.0038628557 -0.0968014 0.5009736 -0.121742934 -0.080435805 -0.17979619 0.036514524 0.16391695 0.30598196 0.09162506 -0.18826227 -0.104372464 -0.3882541 -0.19808763 0.004762595
69 -0.10066955 -0.20601773 0.20966187 -0.22382855 -0.1600935 -0.0812009 0.3786646 -0.43039474 -0.17686887 -0.2130367 0.25356486 -0.100911915 0.2511338 -0.0191956 0.11080163 -0.20892897 -0.0527789 0.084206566 -0.07652896 0.47751755 -0.10773858 -0.06262405 -0.120122515 -0.09717574 0.08944443 0.19656858 -0.099566005 -0.10516304 -0.31004202 -0.3452851 -0.05301207 0.0031280867
49 0.04396378 0.064310126 0.0779008 -0.2809225 -0.04312351 -0.0029850097 0.46328273 -0.2533693 -0.13675076 -0.18855992 0.17500415 -0.03042845 0.21695462 0.058320325 -0.026363276 -0.24175851 -0.0837575 0.050532848 -0.27209693 0.59681314 -0.09236621 -0.22222711 -0.16978867 0.2250549 0.23021525 0.04066987 -0.0019318578 -0.13588108 -0.37779665 -0.31453216 -0.033276595 0.04303263
123 0.13050644 -0.13661346 0.2759005 -0.40943006 -0.28242156 0.057531808 0.23382242 -0.51394266 -0.053530518 -0.21215181 0.1970771 0.09406603 0.23895341 0.05656155 -0.15205298 -0.30392578 -0.11410058 -0.021774177 -0.039205644 0.4304875 -0.07719724 -0.035724174 -0.18042584 0.0041901623 0.1317301 0.43011272 0.12276963 -0.20645517 -0.058763545 -0.39584658 -0.25615332 -0.03709075
51 0.060254786 -0.021517077 0.19617905 -0.32538462 -0.19728385 0.035266437 0.31767383 -0.33683634 -0.121205054 -0.24115637 0.14308126 0.004768563 0.24592751 0.042186774 -0.087101534 -0.3089807 -0.0822666 0.069397494 -0.15017647 0.5150402 -0.13040733 -0.067396425 -0.19926204 0.10113736 0.17060658 0.2074008 0.12507184 -0.18348877 -0.09373064 -0.37846905 -0.20236693 0.06065915
12 0.039837655 -0.13255534 0.28512627 -0.3616105 -0.23222128 0.024158904 0.28643304 -0.48130015 -0.08109794 -0.2374686 0.21503243 0.04970748 0.23640949 0.02398631 -0.07522007 -0.30628017 -0.08362474 0.035045113 -0.06504307 0.4290544 -0.09063192 -0.028855374 -0.16106853 -0.022150012 0.13898626 0.38473564 0.063222945 -0.16351134 -0.14191541 -0.38020933 -0.19676703 0.010901826
14 0.026878828 -0.15993746 0.24730536 -0.33015302 -0.24292149 -0.012974761 0.29671535 -0.4553927 -0.12149759 -0.25094235 0.22764763 0.007672387 0.23851374 0.023244733 -0.008343185 -0.24015328 -0.09580306 0.008624518 -0.04676382 0.45341447 -0.09120677 -0.038620915 -0.15509948 -0.0391241 0.11785731 0.3219268 0.046979424 -0.15158781 -0.14966397 -0.3821535 -0.16041178 -0.018681994
13 -0.112062216 -0.2272288 0.18274654 -0.21310838 -0.16937861 -0.12684745 0.3611271 -0.43530723 -0.1911757 -0.24853542 0.24848688 -0.10729096 0.24502136 -0.00038792062 0.15895726 -0.19727525 -0.053863246 0.08184514 -0.09139715 0.4599552 -0.08117446 -0.06476018 -0.11524176 -0.070606016 0.13575272 0.18492025 -0.10639898 -0.095980875 -0.3516568 -0.3513811 -0.040060658 0.0015761484
18 -0.107354805 -0.20511158 0.18477158 -0.24292853 -0.1359594 -0.090595216 0.39092797 -0.32869783 -0.19670954 -0.2221508 0.2814855 -0.10772297 0.25935274 -0.026225697 0.14373155 -0.18094721 -0.039722078 0.08063482 -0.0695524 0.53841466 -0.1401837 -0.017904824 -0.0860496 -0.0898969 0.15679097 0.15111724 -0.13879508 -0.10074624 -0.24719545 -0.3723089 -0.043590877 0.028095048
84 -0.070607744 -0.1436786 0.18792847 -0.26183984 -0.17987648 -0.08932843 0.373329 -0.3946541 -0.17636052 -0.23223276 0.20479698 -0.074438475 0.22523119 0.012841264 0.02878432 -0.22897889 -0.066802636 0.09278209 -0.122223765 0.48428518 -0.09503342 -0.07084017 -0.14522482 0.015298311 0.1385545 0.18202767 -0.030967979 -0.09771491 -0.2995388 -0.36755964 -0.10177258 0.013199823
42 0.09277616 0.13271633 0.09511634 -0.26914665 -0.052424826 0.010913593 0.42004487 -0.2550881 -0.1600908 -0.20367412 0.13369562 0.02079053 0.20897867 0.07066307 -0.042519957 -0.24223235 -0.08506549 0.022953382 -0.3333808 0.5536853 -0.089952655 -0.28309998 -0.20810054 0.3110863 0.256999 0.07011534 0.047876965 -0.11682231 -0.37346444 -0.3342113 -0.032669727 0.08596496
95 -0.025155032 0.033926863 0.05421824 -0.23410836 -0.06798928 -0.058342174 0.4738393 -0.16897035 -0.19226909 -0.193232 0.15735081 -0.08839036 0.23799936 0.0018400728 0.05744155 -0.24098758 -0.06098102 0.09423407 -0.25305098 0.63253367 -0.12622179 -0.15570067 -0.13176712 0.15939835 0.23164092 -0.036246505 -0.022165423 -0.10562047 -0.34338537 -0.335509 -0.04524621 0.100746155
64 -0.1112331 -0.21171053 0.15601106 -0.18744689 -0.14070944 -0.13921496 0.41882306 -0.38249275 -0.22141641 -0.21165788 0.24768566 -0.118980624 0.24534944 -0.015581703 0.19816193 -0.182757 -0.07559979 0.09137436 -0.1396268 0.50898165 -0.08535431 -0.12716667 -0.050196674 -0.04498704 0.14416862 0.10821511 -0.15558028 -0.08418387 -0.42236665 -0.3431287 0.031244732 -0.011606482
100 -0.15634729 -0.2843279 0.2543554 -0.20711647 -0.20438987 -0.097467646 0.3452534 -0.466436 -0.17184263 -0.23266482 0.3024594 -0.15138894 0.2291332 -0.029567309 0.17879748 -0.17540006 -0.054543044 0.09911923 0.00019260141 0.48355302 -0.11154011 0.010500022 -0.10931721 -0.18740092 0.08559406 0.24768136 -0.15087816 -0.11570341 -0.3110071 -0.36186445 -0.046281997 -0.007748361
6 -0.12367169 -0.23392808 0.16662815 -0.18054071 -0.16064908 -0.12857205 0.39740092 -0.39985624 -0.19484678 -0.21057527 0.27723503 -0.13181189 0.21157876 -0.040871378 0.17954229 -0.18906116 -0.06704812 0.11723665 -0.10667235 0.48959804 -0.09423017 -0.05429302 -0.12238583 -0.08890713 0.11443334 0.140532 -0.14164867 -0.07253996 -0.41919613 -0.322898 -0.0128894765 0.032117046
47 -0.0641844 -0.20876737 0.22336695 -0.231533 -0.2180628 -0.1054088 0.3349328 -0.43207175 -0.14139992 -0.20106588 0.24991465 -0.070154615 0.23869923 0.01873064 0.103174984 -0.22685339 -0.06607021 0.057861246 -0.07151761 0.4659351 -0.08972653 -0.046215657 -0.11340285 -0.0846944 0.10081486 0.23674649 -0.06663262 -0.11635351 -0.3058964 -0.35595047 -0.06357597 -0.0052556787
37 -0.09273884 -0.14428756 0.15770935 -0.1991856 -0.15258208 -0.1246685 0.39102685 -0.3529085 -0.19724381 -0.22615097 0.23798223 -0.12039044 0.24436313 -0.0012359296 0.1472056 -0.19708207 -0.06174398 0.07927152 -0.13916467 0.52369773 -0.09511132 -0.07869708 -0.10328403 -0.01208784 0.17101084 0.10962738 -0.13635986 -0.07911198 -0.37599263 -0.38610747 -0.002209894 0.0037526705
102 0.08021404 0.0703999 0.05025475 -0.2764367 -0.046907652 -0.037483238 0.4611379 -0.26788345 -0.13692276 -0.20321375 0.1597799 0.009185617 0.20690784 0.056748077 0.00824437 -0.22812302 -0.10621821 0.0003843829 -0.35149044 0.5894513 -0.08020419 -0.2550753 -0.15389158 0.26309052 0.26171258 0.018722348 0.0065665115 -0.12637411 -0.43377724 -0.2878166 0.023391603 0.03573297
10 0.09184596 0.096500486 0.10275542 -0.30653265 -0.080022864 -0.0240454 0.35731104 -0.26605842 -0.14550953 -0.24506848 0.13597748 0.0048772804 0.24156606 0.06651382 -0.07476766 -0.25028765 -0.09975866 0.021306688 -0.29156387 0.5764369 -0.08704526 -0.23320435 -0.21480243 0.2507506 0.22075236 0.12432209 0.033475015 -0.12819447 -0.35479563 -0.32714704 -0.0889902 0.02664878
89 0.011777191 0.048700076 0.095160246 -0.26116404 -0.08385273 -0.032914963 0.43910664 -0.28451255 -0.12827943 -0.22991423 0.18195426 -0.009192887 0.1979869 0.05369907 -0.0048315935 -0.23585492 -0.08509532 0.032119185 -0.29184493 0.5645145 -0.07284518 -0.22539808 -0.21394558 0.19905192 0.18829562 0.06733261 0.037641805 -0.1142849 -0.42555296 -0.3128638 -0.037759103 0.046226174
109 0.08053216 -0.11843468 0.23871319 -0.3365594 -0.24172036 0.012941859 0.2577595 -0.5083428 -0.110778265 -0.24973804 0.21856266 0.051548302 0.2273668 0.058461033 -0.104493774 -0.28561205 -0.06856959 -0.01033498 -0.053367484 0.44248196 -0.07267473 -0.07199722 -0.19894606 0.018832939 0.13474576 0.37013704 0.07598865 -0.16995448 -0.14802645 -0.3783231 -0.1930592 -0.0069116484
25 -0.12773491 -0.16906863 0.19195561 -0.2120545 -0.10836963 -0.09932897 0.40111482 -0.32101345 -0.171187 -0.20306481 0.26245356 -0.11228008 0.25060594 -0.022133633 0.17242403 -0.2028006 -0.06007087 0.11258214 -0.115681075 0.5536717 -0.14818007 -0.040539946 -0.083289325 -0.07279755 0.13366298 0.10384247 -0.15736008 -0.10799401 -0.33204526 -0.3392311 -0.03615372 0.035598613
61 -0.02557045 -0.13126348 0.22572821 -0.3140047 -0.16610149 -0.028106237 0.3882478 -0.28803518 -0.18043068 -0.16695099 0.24531522 -0.08346969 0.24637407 -0.040025532 0.07319068 -0.23169875 -0.057088308 0.10037915 -0.055309214 0.54350543 -0.15291047 0.031976953 -0.11629696 -0.053594485 0.12633914 0.14614706 -0.023818687 -0.15406017 -0.08488661 -0.41494027 -0.14610747 0.051837035
34 0.08874069 -0.11255277 0.20088832 -0.35073242 -0.21951921 0.0009136823 0.27937648 -0.44786012 -0.10242413 -0.23887551 0.18938509 0.042436793 0.19726667 0.06286417 -0.08700203 -0.29729927 -0.0774129 -0.017649943 -0.12247996 0.45514408 -0.082630076 -0.090985924 -0.17178747 0.07202902 0.13699415 0.307259 0.08551056 -0.17354773 -0.15487963 -0.36566326 -0.19579032 0.0021719139
104 -0.11124317 -0.24378116 0.22573136 -0.19120575 -0.16059932 -0.08517018 0.33901513 -0.42231798 -0.19415472 -0.22719236 0.28000575 -0.11721107 0.24033196 -0.047983166 0.17552824 -0.20497358 -0.05187693 0.10265439 -0.045118522 0.48710883 -0.103835635 -0.0138684595 -0.11896218 -0.14966893 0.104251996 0.19324052 -0.14747348 -0.11124687 -0.2996067 -0.3899041 -0.042033367 -0.0060418993
99 -0.12840083 -0.1629756 0.1516221 -0.278641 -0.14488971 -0.031035462 0.46986392 -0.21576938 -0.19848695 -0.14861256 0.21979764 -0.14744551 0.24014851 -0.05676434 0.1381349 -0.27049357 -0.05313686 0.18738142 -0.061827954 0.61795086 -0.2069249 0.06675445 -0.09758893 -0.048389643 0.16547781 0.036017325 -0.048695315 -0.17185238 -0.08392257 -0.35633123 -0.13123506 0.10069102
28 0.09533176 -0.076938994 0.18869291 -0.35517293 -0.22755219 0.040973723 0.29910305 -0.36165008 -0.10737681 -0.2520329 0.19686618 0.0055252383 0.22502393 0.05372772 -0.086224556 -0.3014114 -0.07083776 0.020574635 -0.07628066 0.50196975 -0.117041625 -0.030330542 -0.19263324 0.06045871 0.17060706 0.2830463 0.09363575 -0.19365217 -0.097499825 -0.38305143 -0.19843109 0.03457148
62 0.032901026 -0.12897758 0.25683454 -0.32972077 -0.19067383 -0.04050601 0.29400936 -0.45086133 -0.1473089 -0.2266037 0.22363934 0.022305865 0.24319719 0.007886996 -0.033780374 -0.26784006 -0.0909332 0.022146348 -0.071360566 0.44502422 -0.06634025 -0.06585859 -0.15994011 -0.0059404355 0.14358248 0.30513564 0.014097307 -0.11520189 -0.18724494 -0.3935346 -0.1641158 0.009783999
70 0.013038435 0.07418868 0.050896075 -0.27069324 -0.051460862 -0.02250758 0.45991686 -0.2170699 -0.16888489 -0.2157909 0.14030433 -0.044374667 0.20825924 0.026511198 0.002551162 -0.25888655 -0.08921182 0.054201312 -0.31839263 0.58469987 -0.12132838 -0.21547836 -0.14142887 0.26077858 0.24061078 -0.025519028 0.0028287254 -0.10843525 -0.3945891 -0.32414892 -0.006344835 0.040405087
122 -0.012304357 -0.13921113 0.23194824 -0.28314444 -0.22265206 -0.029961688 0.34609276 -0.4432183 -0.11682518 -0.24590863 0.24392986 -0.03734478 0.23231359 0.035198793 0.034870002 -0.26562375 -0.06989491 0.07535109 -0.072357334 0.47296095 -0.10183821 -0.059570797 -0.14092523 -0.035047635 0.115252525 0.2536782 0.023588538 -0.14821517 -0.18281437 -0.35515997 -0.13740829 -0.0006139815
101 0.09639772 -0.115506135 0.22997783 -0.3675529 -0.26157308 0.037481237 0.27974573 -0.4496597 -0.109914295 -0.19196466 0.17573 0.08142561 0.23828255 0.05789947 -0.085396305 -0.31020996 -0.07121474 0.020374134 -0.07660192 0.4610114 -0.08921591 -0.06478448 -0.18608 0.08309081 0.14009035 0.34265208 0.13254316 -0.1917332 -0.117087916 -0.4011741 -0.21800353 0.022195287
58 0.017778177 0.021226013 0.09563788 -0.2717802 -0.08803153 -0.02949428 0.41235575 -0.2599345 -0.15042622 -0.22941668 0.16103865 -0.044741802 0.21937045 0.038520213 0.000563748 -0.25748864 -0.10580122 0.04026193 -0.26171437 0.57612586 -0.09488161 -0.19726712 -0.168207 0.17449544 0.22357163 0.06043937 -0.0052091503 -0.13881783 -0.33564615 -0.30595306 -0.037554897 0.05138232
98 -0.20564243 -0.27840152 0.21424028 -0.18400764 -0.19012144 -0.13734134 0.39847583 -0.43133435 -0.17556284 -0.21337265 0.31012648 -0.15266603 0.21626525 -0.025546502 0.21740894 -0.16506644 -0.038456123 0.12934066 -0.03250522 0.4904692 -0.11726039 -0.0371449 -0.11244167 -0.19259842 0.07289074 0.16919744 -0.18833084 -0.044435218 -0.41236827 -0.36293864 -0.01033025 -0.026909677
116 -0.022125622 -0.15907878 0.21206796 -0.2904596 -0.18561581 -0.0064337994 0.36400682 -0.34772256 -0.14353219 -0.16753794 0.2349269 -0.07299982 0.25348705 -0.0031821756 0.045355164 -0.24021071 -0.03391528 0.09931703 -0.05715994 0.5296476 -0.16689014 0.025099117 -0.122451484 -0.006859108 0.13498782 0.19550909 0.0029925727 -0.15317626 -0.13060322 -0.38442883 -0.14573455 0.06678203
17 0.10750584 -0.031768292 0.19104058 -0.3984688 -0.18691948 0.055538476 0.31136006 -0.42890552 -0.09233327 -0.20821166 0.18330774 0.07534806 0.2045824 0.086904936 -0.13402182 -0.29883227 -0.07489684 -0.021277782 -0.14487766 0.47680065 -0.06859986 -0.12953436 -0.19586547 0.15566155 0.1663493 0.2978367 0.13330509 -0.1972415 -0.15196632 -0.3391568 -0.20012726 0.024569977
59 0.040864848 1.2008997e-05 0.123263165 -0.26501617 -0.09656635 -0.04394208 0.43873036 -0.2615556 -0.17677897 -0.21019584 0.15462612 -0.0013472487 0.23053294 0.038885966 0.0065655354 -0.23586772 -0.07508225 0.073373616 -0.2667027 0.5423641 -0.1208916 -0.18020317 -0.14791593 0.1998773 0.20862854 0.07705221 0.008241121 -0.11576831 -0.34002396 -0.30672532 -0.074951604 0.062974125
48 0.05796338 0.115101576 0.045224357 -0.29932788 -0.014759085 -0.010395192 0.43161434 -0.19217284 -0.17816895 -0.20179658 0.1593351 -0.010488687 0.23113792 0.056638494 -0.036365565 -0.28313157 -0.08286361 0.039195616 -0.33137402 0.59277576 -0.11746292 -0.24519415 -0.16687362 0.29336056 0.25461376 0.023116935 -0.026898038 -0.13138174 -0.37754536 -0.33423033 0.0032916171 0.068239674
1 -0.062082253 -0.10562062 0.15919426 -0.2586202 -0.15395683 -0.0005280036 0.47623375 -0.19539496 -0.21477959 -0.16852471 0.18621461 -0.134421 0.26345998 -0.032715276 0.07134263 -0.26282904 -0.06884429 0.15734121 -0.09115658 0.5918141 -0.19860943 0.0476965 -0.11262966 0.0243426 0.18791594 0.03201658 -0.04038283 -0.16477372 -0.12497227 -0.37069905 -0.13141467 0.14008749
103 -0.11939881 -0.2593856 0.23553735 -0.21315321 -0.1847264 -0.12913992 0.33505672 -0.507541 -0.13368033 -0.25949916 0.28006616 -0.099374786 0.20639086 0.01747902 0.11592618 -0.15979393 -0.044333503 0.07301441 -0.07292301 0.42857593 -0.09727465 -0.1087282 -0.09833257 -0.14367309 0.09631927 0.27088237 -0.16368908 -0.0688675 -0.426575 -0.3495683 0.0106548155 -0.057930082
92 0.04819102 0.042797096 0.097115 -0.28164533 -0.09877157 -0.019040534 0.43534324 -0.23282173 -0.13131782 -0.18026769 0.1607354 -0.033624712 0.23486398 0.03292691 -0.0034811893 -0.24138957 -0.081453755 0.058677018 -0.27316612 0.5967917 -0.093374714 -0.18545303 -0.15609954 0.21409848 0.22796161 0.059975915 0.004988099 -0.13634501 -0.3165038 -0.29603773 -0.037507854 0.05933689
5 0.14251427 -0.07419782 0.21691257 -0.3955567 -0.23156232 0.059135187 0.2797913 -0.4705024 -0.06903469 -0.24804449 0.16217585 0.05920152 0.22468494 0.0774879 -0.15229048 -0.32417113 -0.11182882 -0.009545294 -0.086041756 0.4827029 -0.088758804 -0.051442403 -0.21396573 0.099430345 0.12522358 0.3739136 0.14941692 -0.20058586 -0.08782457 -0.3593439 -0.23408751 0.0090079475
117 0.080189385 -0.17679979 0.2682852 -0.32407767 -0.27466118 -0.0007299409 0.28855646 -0.49388888 -0.11233385 -0.21574014 0.20740665 0.026607426 0.24678442 0.067101024 -0.041426353 -0.26223257 -0.07212047 0.019881664 -0.04377333 0.4403606 -0.05563907 -0.043785494 -0.15246955 0.005493927 0.1244722 0.39359194 0.03598058 -0.14448813 -0.18801214 -0.3777915 -0.19864088 0.01705016
57 0.04548449 0.06640451 0.07466675 -0.29165354 -0.06834338 0.0012877851 0.4517206 -0.20383704 -0.17656332 -0.20799153 0.15275063 -0.018065885 0.20720814 0.03431399 -0.007146847 -0.25358295 -0.08120112 0.07768784 -0.2839578 0.5757056 -0.1205521 -0.17740719 -0.17176373 0.2315113 0.24242415 0.026683372 0.0002541982 -0.1397766 -0.29798824 -0.34035453 -0.04369502 0.07010282
118 -0.04807874 -0.1946344 0.19823596 -0.23742895 -0.18770881 -0.09557405 0.34828365 -0.46333078 -0.1516232 -0.21438752 0.24683103 -0.070079386 0.23379195 0.018184524 0.10726646 -0.20755278 -0.08259893 0.02982956 -0.0986833 0.45315102 -0.065175384 -0.100639895 -0.086024575 -0.04518891 0.14553742 0.25111613 -0.13965712 -0.083358325 -0.37165862 -0.3647932 -0.0022808001 -0.04581138
82 -0.09437628 -0.13879919 0.18788664 -0.21992768 -0.12866893 -0.1264031 0.38367158 -0.37732768 -0.14183299 -0.2512756 0.24510922 -0.099031135 0.22562638 -0.015601178 0.13756359 -0.17163846 -0.05424989 0.08157675 -0.15034173 0.50766224 -0.07848083 -0.1544395 -0.13577802 -0.038619816 0.124020204 0.17833872 -0.14171569 -0.0653286 -0.4564556 -0.33935362 0.023493282 0.00079556106
91 0.06508277 -0.123921834 0.2644004 -0.34927103 -0.2583414 -0.0007521302 0.2699833 -0.4732798 -0.1004611 -0.24796848 0.18548962 0.012316589 0.24151967 0.056921672 -0.066630095 -0.2583193 -0.0797833 0.019376999 -0.04004267 0.45484066 -0.07817632 -0.06480532 -0.13695088 0.023461144 0.15626924 0.37325907 0.064601354 -0.1637508 -0.12428236 -0.38255 -0.19415528 -0.0077879615
35 -0.03561314 -0.07722743 0.12515017 -0.26534554 -0.114702165 0.0011953325 0.45531735 -0.2232929 -0.17476149 -0.16788685 0.21035568 -0.09448064 0.2590089 -0.0089928545 0.06645854 -0.2889818 -0.04661996 0.12784939 -0.13525125 0.6156153 -0.190668 -0.013494049 -0.11278528 0.06095314 0.19553299 0.046288606 -0.04081841 -0.17882657 -0.14341028 -0.36411318 -0.114032425 0.10314101
88 0.058902033 0.020678407 0.13545813 -0.30523935 -0.120446004 0.011147897 0.3456124 -0.35439956 -0.13169844 -0.21166256 0.16354723 0.039719176 0.21626927 0.059116334 -0.061040867 -0.26297152 -0.07471499 0.008540409 -0.22386988 0.49783486 -0.096040525 -0.2195756 -0.18318205 0.18326852 0.20382494 0.18804345 0.0009682363 -0.12482918 -0.3420463 -0.33942503 -0.03971312 0.02097941
93 0.049273945 -0.13108063 0.23709106 -0.34993428 -0.22839929 0.022851799 0.28444445 -0.48000762 -0.06061587 -0.23630227 0.21376504 0.016318537 0.2387887 0.048892636 -0.09729771 -0.29484433 -0.087885246 0.006854715 -0.042676233 0.45449644 -0.11476524 -0.019102763 -0.1406052 0.026902027 0.13931267 0.37244305 0.06011532 -0.18203667 -0.09552869 -0.36934885 -0.20128702 -0.013434077
112 -0.053405613 -0.23712328 0.23774356 -0.25462738 -0.21212114 -0.0888373 0.35376072 -0.45420292 -0.15402989 -0.20866486 0.25719655 -0.10439358 0.23597343 0.0075708334 0.13351052 -0.20752037 -0.06745506 0.07479803 -0.07486784 0.45562425 -0.12026769 -0.042920265 -0.07930198 -0.09787676 0.11929379 0.21664594 -0.10916286 -0.10032249 -0.29390138 -0.36527103 -0.060938872 -0.030895935
50 -0.008179956 -0.1749767 0.22464773 -0.2726001 -0.20106389 -0.04662217 0.3494647 -0.37517688 -0.1813734 -0.1974043 0.26593712 -0.07323296 0.2488819 -0.008410695 0.0851933 -0.24643637 -0.04991006 0.08676664 -0.06748972 0.5267238 -0.12602362 0.016205847 -0.12665032 -0.05908596 0.14440171 0.1952966 -0.033506576 -0.14127131 -0.1286165 -0.36446607 -0.13560538 0.04659647
52 0.112612076 -0.18854216 0.30037713 -0.3584518 -0.29973516 0.021558065 0.20889011 -0.58370477 -0.07356399 -0.2613313 0.22111374 0.07557228 0.2507118 0.09599997 -0.09214832 -0.26019832 -0.06887965 -0.013395593 0.006182536 0.3972898 -0.041588202 -0.051763207 -0.20965314 -0.034206808 0.08398059 0.4780215 0.08809023 -0.17567706 -0.12444742 -0.3820255 -0.2296053 -0.032811407
111 0.0056115673 -0.074594885 0.16377088 -0.2818044 -0.14341538 0.022564547 0.42313474 -0.21089555 -0.18941551 -0.18170993 0.1611064 -0.08697807 0.2686351 -0.019087242 0.003584568 -0.2610669 -0.0627024 0.15985654 -0.10905652 0.59370184 -0.18409583 0.010971657 -0.14762808 0.087499104 0.16674185 0.07711726 0.041477658 -0.17029065 -0.1364798 -0.3650222 -0.18599877 0.13685372
21 0.13972905 -0.042327 0.15591095 -0.37526065 -0.200602 0.049945563 0.27166793 -0.41065904 -0.083268896 -0.25553945 0.13659461 0.07568613 0.2089204 0.08445693 -0.1410065 -0.30454457 -0.083339065 -0.0022040016 -0.13770789 0.49153143 -0.0948537 -0.13252598 -0.21439847 0.17200261 0.17005737 0.3078899 0.15287799 -0.18783076 -0.19191071 -0.3413994 -0.21718293 0.012766496
11 -0.01428147 -0.089761615 0.16290286 -0.30246535 -0.17886837 0.020789549 0.42107534 -0.27711388 -0.18653403 -0.1507143 0.1944326 -0.08108467 0.2392051 0.0010542135 0.04630914 -0.28795087 -0.071704835 0.13796705 -0.07473188 0.5616001 -0.17656823 0.049980927 -0.12482837 0.032324333 0.17904836 0.10155604 0.03754048 -0.2010907 -0.028833497 -0.37133992 -0.18147929 0.085696965
19 -0.026588706 -0.022984676 0.1037208 -0.2971208 -0.111373365 -0.00044855732 0.47214916 -0.14044118 -0.2246015 -0.1880801 0.19564046 -0.11876517 0.26947623 -0.014372375 0.038850687 -0.27094325 -0.051670365 0.1384905 -0.15328896 0.65400493 -0.17673138 -0.016134836 -0.124251276 0.09114138 0.19731423 -0.027807645 0.034704268 -0.15691267 -0.12975061 -0.36339593 -0.13121143 0.12239581
66 -0.13500732 -0.32653445 0.2619301 -0.19917561 -0.20661011 -0.11469149 0.3115538 -0.5252691 -0.15898833 -0.2276114 0.29270145 -0.11758336 0.22903118 -0.0030324266 0.17814583 -0.20899886 -0.02949912 0.098081775 0.013883931 0.47091973 -0.11456312 -0.011656347 -0.08454531 -0.20870799 0.07196005 0.2811573 -0.1614125 -0.10935884 -0.33819804 -0.35316527 -0.036735006 -0.028027415
33 0.08353751 -0.061135247 0.17662324 -0.35663646 -0.18507278 0.019960823 0.3218898 -0.38737598 -0.1232843 -0.2345887 0.18880787 0.022508467 0.23667344 0.057143945 -0.09391946 -0.2844167 -0.09470612 0.016378602 -0.10756078 0.53266656 -0.08757837 -0.10011911 -0.18074892 0.09866373 0.15523966 0.28078645 0.07554609 -0.17909002 -0.1699839 -0.3437362 -0.16765417 0.022405315
20 -0.11195885 -0.23921274 0.21812445 -0.19922553 -0.18155201 -0.13897412 0.39496645 -0.44082096 -0.16589971 -0.22565769 0.26781172 -0.11915884 0.22135794 -0.030549526 0.1357409 -0.1902238 -0.07260302 0.09414569 -0.08719449 0.4460509 -0.100587994 -0.0725715 -0.11138145 -0.089673355 0.070834525 0.18033734 -0.13476291 -0.05571461 -0.41349855 -0.33776858 -0.0469275 -0.031325053
74 0.13569005 -0.039756738 0.23778357 -0.3681944 -0.21444683 0.0062742545 0.28931862 -0.4657308 -0.08657858 -0.2496064 0.16916853 0.082971 0.22602881 0.071480155 -0.13660626 -0.2841187 -0.117048375 -0.012845147 -0.14174204 0.43604934 -0.061406206 -0.13074769 -0.19016078 0.11601183 0.14733657 0.3389489 0.0933914 -0.14774577 -0.19337173 -0.3509007 -0.16805673 -0.004082623
78 0.029617222 -0.19468495 0.26586398 -0.3156297 -0.24006362 -0.023718983 0.31781948 -0.4399 -0.11278671 -0.24630867 0.22891907 0.0019077561 0.22852935 0.004123372 0.0061616367 -0.25800526 -0.07486701 0.057334803 -0.06679513 0.42056793 -0.101925865 -0.026026724 -0.16733499 -0.031345807 0.11353055 0.32839113 -0.00051882287 -0.11227564 -0.17764314 -0.38032582 -0.16801944 0.00055453856
32 -0.057374172 -0.24481912 0.24606945 -0.21069905 -0.19280653 -0.07965931 0.34271854 -0.44076535 -0.16038352 -0.21936467 0.26544908 -0.11434311 0.23226468 -0.0007047557 0.09764209 -0.21109146 -0.06370691 0.09559466 -0.051358443 0.48122594 -0.12510239 -0.03321709 -0.101018935 -0.14264412 0.1141349 0.24797744 -0.11933952 -0.10969989 -0.2735534 -0.38407308 -0.06867023 -0.00014956121
39 0.102040134 0.12870607 0.05637224 -0.2963446 -0.04427423 -0.008260449 0.382688 -0.29866368 -0.116617255 -0.2407842 0.14093791 0.031145483 0.19685411 0.06360979 -0.0806358 -0.27007124 -0.1004272 -0.0066139083 -0.33864486 0.56716645 -0.06955051 -0.30080277 -0.21342173 0.2741101 0.230637 0.12653223 0.022006396 -0.12890492 -0.4124659 -0.30053473 -0.035680093 0.029870493
46 0.1322006 -0.07481822 0.21073422 -0.37241268 -0.21659417 0.0497582 0.29737982 -0.46047762 -0.06856275 -0.23149912 0.1801277 0.053334102 0.23351887 0.08465546 -0.121891215 -0.31200513 -0.10287124 -0.02046445 -0.101607785 0.46337628 -0.07896749 -0.09765304 -0.20899276 0.07815997 0.13241212 0.3594957 0.11572414 -0.19163729 -0.14154898 -0.35238025 -0.21282998 0.010323459
56 0.026659222 0.08480015 0.02165877 -0.271916 -0.028874168 -0.0060954685 0.4307927 -0.22176555 -0.1560323 -0.21766143 0.14271794 -0.034357578 0.23261508 0.048744604 0.009886521 -0.24844499 -0.09172013 0.036623865 -0.32386044 0.6249468 -0.10522266 -0.2313196 -0.17150438 0.29459062 0.24618472 0.017546572 -0.034283273 -0.09922492 -0.40676925 -0.34009552 0.013530881 0.08830298
108 -0.033436604 -0.12916622 0.21183075 -0.27919784 -0.161708 0.020401176 0.3877519 -0.2798768 -0.19351172 -0.13909027 0.21710695 -0.08656092 0.25299922 -0.03802259 0.10612713 -0.29408073 -0.059073914 0.15295257 -0.07217032 0.5975568 -0.16690221 0.100430354 -0.14008752 -0.026611125 0.17089684 0.07368533 0.0008889613 -0.19597425 -0.04505048 -0.37677282 -0.18479478 0.11935645
24 -0.1270827 -0.26617932 0.21634313 -0.18850249 -0.18601392 -0.11428978 0.35008472 -0.41168767 -0.15611309 -0.23771152 0.25656208 -0.12436495 0.21334085 -0.026337525 0.16965552 -0.19626318 -0.06936058 0.10128218 -0.035474204 0.4912958 -0.10468926 -0.009588665 -0.13304725 -0.12554474 0.102104194 0.24377258 -0.15430908 -0.08750003 -0.34304792 -0.370667 -0.053435277 -0.0020171565
86 0.043872558 0.12001465 0.076607175 -0.28303987 -0.04323083 -0.025271872 0.43355155 -0.22667636 -0.16449605 -0.21873558 0.1436736 0.010156189 0.21935782 0.047160085 -0.019002741 -0.2727316 -0.0809367 0.053580098 -0.33581495 0.5730424 -0.09883275 -0.27234614 -0.1830737 0.3051866 0.23906617 0.005480793 0.025007682 -0.09115412 -0.40081656 -0.33556804 -0.050914392 0.036277134
115 -0.003340591 0.0499669 0.07301688 -0.2580268 -0.08465767 -0.060950384 0.46348676 -0.24011952 -0.1550262 -0.21266182 0.15760458 -0.044889305 0.21870153 0.03425846 0.008844636 -0.27092016 -0.0651321 0.08813935 -0.2887133 0.566169 -0.09096539 -0.19521879 -0.18469483 0.22123908 0.20645767 0.035567027 0.012130887 -0.11920631 -0.37465996 -0.30608684 -0.07953809 0.06784861
119 -0.0026782586 0.043071263 0.051381357 -0.2345502 -0.059518997 -0.05293817 0.44596213 -0.20817585 -0.17569648 -0.24711376 0.17601281 -0.057483587 0.22209668 0.028121537 0.010815605 -0.2223685 -0.08552813 0.05364511 -0.29816723 0.58448714 -0.11176432 -0.23134263 -0.16995744 0.2118598 0.21676677 0.0019826416 -0.028533813 -0.116750896 -0.4040378 -0.33123648 -0.013757522 0.0735988
73 0.107973136 0.009164214 0.15600847 -0.34162873 -0.17385063 0.07246827 0.32110283 -0.36859965 -0.104366094 -0.25534955 0.17283306 0.056104086 0.23259158 0.07369166 -0.13283776 -0.28237063 -0.097162984 -0.0066785105 -0.17433834 0.52747595 -0.09907362 -0.1097542 -0.21057191 0.18939699 0.18378308 0.27368116 0.108357355 -0.15535271 -0.15928264 -0.36440367 -0.17300254 0.056886952
71 -0.051412832 -0.112743616 0.14717242 -0.25689486 -0.124783635 -0.03471026 0.43560466 -0.24765572 -0.20116779 -0.18749905 0.22436774 -0.099408306 0.25926545 -0.027989393 0.071202405 -0.2415975 -0.06648315 0.11363554 -0.12017645 0.59601456 -0.17589909 -0.01859289 -0.0926263 0.018570775 0.16122268 0.042668886 -0.020601466 -0.14519022 -0.14202292 -0.3473045 -0.12582442 0.090626955
68 0.075217396 -0.13794196 0.21865499 -0.32858512 -0.23584777 0.016033588 0.21192525 -0.525969 -0.069374755 -0.24386238 0.2058215 0.053031433 0.23577502 0.079892024 -0.046630204 -0.26412675 -0.09774707 0.0061638476 -0.054710377 0.4402443 -0.06992641 -0.091553986 -0.1762969 0.022730375 0.13164343 0.39431712 0.04623365 -0.18417725 -0.16515543 -0.35500348 -0.17100878 -0.00020806248
27 -0.06279358 -0.086074196 0.15215829 -0.26815563 -0.13514471 -0.018947687 0.45036787 -0.19282244 -0.2141017 -0.14659809 0.22020634 -0.1283456 0.261883 -0.014180664 0.1080994 -0.26855037 -0.04881181 0.15688913 -0.12027455 0.6112991 -0.17313915 0.030732485 -0.092216544 0.030859109 0.19590028 0.014199952 -0.0032240767 -0.17564428 -0.09324659 -0.37895006 -0.1221692 0.09339932
121 -0.07640248 -0.12624182 0.19280891 -0.27679056 -0.1534813 -0.04956567 0.4175553 -0.2978137 -0.19309726 -0.16710374 0.25076386 -0.12746418 0.26828572 -0.015705056 0.10349347 -0.2363 -0.0700738 0.14079997 -0.075725965 0.5613703 -0.145352 -0.006853155 -0.07240854 -0.030650558 0.1545274 0.087479234 -0.048810296 -0.14799605 -0.14817008 -0.35781324 -0.07049643 0.06029934
23 -0.05588157 -0.13561253 0.16232139 -0.25212538 -0.17500411 -0.0061346353 0.46137497 -0.17423338 -0.23250929 -0.16607802 0.19781762 -0.14816992 0.26832658 -0.038459115 0.06445859 -0.29067695 -0.061992414 0.20518737 -0.057846703 0.6091925 -0.21390663 0.081418805 -0.138463 0.006104175 0.119903415 0.04030461 0.0030269679 -0.14908157 -0.06758507 -0.36711064 -0.17606406 0.13973866
7 -0.15036373 -0.2782042 0.20574254 -0.2024503 -0.18256009 -0.11822785 0.3901616 -0.45974773 -0.20748815 -0.21102494 0.29168925 -0.1245983 0.24671873 -0.020003209 0.2094478 -0.19023088 -0.06707346 0.099821255 -0.029560091 0.47175276 -0.12624976 -0.01255587 -0.058843177 -0.17106442 0.0861768 0.16236079 -0.16596895 -0.106840625 -0.32168928 -0.3591098 -0.03390336 -0.017891513
97 -0.13296653 -0.30088907 0.20330964 -0.19730046 -0.17674223 -0.16895552 0.3823646 -0.4677682 -0.17950828 -0.23275234 0.27643383 -0.09600115 0.23790658 -0.018020827 0.21028095 -0.17421176 -0.06198718 0.07612985 -0.05357956 0.4478452 -0.07644364 -0.06064875 -0.08856139 -0.12956096 0.10626912 0.20805724 -0.17062366 -0.07915466 -0.40758792 -0.33817318 -0.0059995987 -0.03256131
