128 32
72 -0.24420111 -0.48885864 0.022234209 0.3136332 -0.018690491 -0.23372231 0.027240591 0.24362907 0.20338102 -0.1572766 -0.23783092 -0.0024450058 0.12827659 -0.3791189 0.007872586 0.0115220435 0.15142523 0.018699743 -0.22400714 -0.11220893 0.34633616 -0.3597977 -0.06679943 -0.12536441 0.2646284 0.13793378 0.20791596 -0.31583977 0.20912707 -0.34118497 0.11260019 -0.1886566
6 -0.22515856 -0.48832983 0.025962673 0.26165488 -0.0314112 -0.1687864 0.08593632 0.21117091 0.20505132 -0.20920673 -0.21016209 0.06603664 0.14877392 -0.33912766 -0.017298836 0.0025708461 0.10015543 0.0033209191 -0.2410764 -0.0528329 0.42564344 -0.255985 -0.02874204 -0.16476175 0.2602788 0.13968801 0.18185894 -0.3040963 0.2694711 -0.2299218 0.10317919 -0.17057768
104 -0.3870797 -0.49597675 0.0498219 0.2489664 -0.061684668 -0.07876815 0.10322152 0.13801898 0.27397323 -0.27726752 -0.03674983 0.12294566 0.15322132 -0.08526445 -0.19569944 -0.15696435 0.034294102 0.037800614 -0.22203453 -0.035712283 0.5344892 0.0043916553 -0.08151017 -0.004777044 0.16628991 0.16300796 0.084324054 -0.11034931 0.32844898 -0.21280397 0.14385921 -0.08276961
96 -0.3135328 -0.49685165 0.017391423 0.25722718 -0.024521707 -0.07821658 0.08787412 0.18161951 0.23306224 -0.2341818 -0.07498304 0.11332016 0.13496998 -0.20831016 -0.10979416 -0.05713912 0.0424025 0.06043133 -0.21974984 -0.023978194 0.513841 -0.071703374 -0.061027054 -0.025093291 0.20626284 0.15686975 0.102912515 -0.22430602 0.30439854 -0.25119004 0.15074901 -0.11173129
124 -0.32668376 -0.42160326 -0.027522985 0.31663814 0.09669287 0.08244 0.0990345 0.034317173 0.11988033 -0.20618616 0.032738496 0.083890915 0.10188742 -0.2926387 -0.18543746 0.1526427 -0.16729952 0.2518838 -0.1064103 0.2317699 0.5853713 0.13311684 -0.12392235 -0.054569133 0.24452628 -0.025454843 -0.02711932 -0.36466405 0.36105552 -0.20386268 0.23415864 -0.12684588
44 -0.1660613 -0.478464 0.03221898 0.2392685 -0.05984159 -0.22199515 0.11419634 0.2664321 0.22921947 -0.20695496 -0.26549345 0.10011448 0.15358801 -0.2993663 0.0010836966 -0.07554111 0.15602157 -0.054704573 -0.2986207 -0.123066366 0.42916697 -0.30492625 0.0044408967 -0.14135416 0.24100173 0.22555141 0.22027603 -0.2415008 0.21804908 -0.24363261 0.10843575 -0.15795243
64 -0.25197077 -0.49753982 0.04299522 0.30975202 -0.007089179 -0.20801 0.046782203 0.19469567 0.19154148 -0.1905444 -0.2582385 0.013259766 0.1472789 -0.38121942 -0.0002628636 0.049410652 0.14278725 0.032836746 -0.22352685 -0.06992462 0.34223717 -0.35746107 -0.08858352 -0.13219641 0.27783346 0.1482427 0.1904646 -0.33328727 0.21385539 -0.28479943 0.13227427 -0.21765722
39 -0.21938275 -0.45892125 0.009830652 0.2821467 0.010994266 -0.09048954 0.090477176 0.12857203 0.16702199 -0.19187362 -0.16247424 0.067994125 0.099042036 -0.36191154 -0.014777971 0.0819463 0.032186393 0.07457222 -0.18953387 0.05383855 0.44562125 -0.13385588 -0.09085476 -0.14152457 0.26298022 0.12355527 0.11044294 -0.34712392 0.26766986 -0.21829629 0.16085477 -0.18329734
49 -0.20366985 -0.51758426 0.039296016 0.29482034 -0.040256627 -0.19723384 0.06872554 0.2144585 0.18071003 -0.17128704 -0.26739806 0.038158268 0.12879759 -0.33367294 0.009101888 0.025233764 0.1154223 -0.017965177 -0.23658384 -0.09272072 0.3843473 -0.30563286 -0.055000324 -0.16699885 0.25936708 0.14951229 0.19172803 -0.28683996 0.22595266 -0.25660178 0.110737525 -0.16187297
68 -0.3287057 -0.43918172 -0.019120183 0.3275459 0.049282745 0.011436993 0.07259686 0.06682871 0.12978233 -0.18052495 -0.015073362 0.09904494 0.13184649 -0.31179956 -0.13308398 0.11749523 -0.1050527 0.17475788 -0.111468256 0.12900364 0.5217826 0.060089312 -0.12587565 -0.056967963 0.2388836 0.012827526 0.017573256 -0.348764 0.30604216 -0.19659156 0.2129352 -0.1388211
97 -0.34491983 -0.44954312 -0.048282165 0.32726413 0.07222734 0.069256224 0.102586955 0.027293712 0.12010468 -0.19832721 0.014611883 0.0947545 0.12114333 -0.2961609 -0.14387949 0.1712708 -0.13831136 0.20466916 -0.08268608 0.19074225 0.53838974 0.1075988 -0.16915125 -0.059532497 0.2674324 -0.0024335799 -0.026409945 -0.371647 0.33951047 -0.19103694 0.23957737 -0.15174684
90 -0.35165912 -0.46156102 -0.049192276 0.3331422 0.070351526 0.08017155 0.1013282 0.011218269 0.105776116 -0.16419671 -0.008262268 0.08177544 0.11033122 -0.3390866 -0.09659429 0.2578719 -0.12999727 0.24242856 -0.06576437 0.19614457 0.51185495 0.059973817 -0.1750393 -0.09065552 0.2639646 -0.007643658 -0.001956116 -0.39001313 0.32649118 -0.20451759 0.22267355 -0.11238465
77 -0.15195216 -0.521621 -0.020204894 0.18290325 -0.08095605 -0.068482056 0.24314164 0.17860329 0.16834633 -0.30578026 -0.19903046 0.21474023 0.14371684 -0.18404974 -0.04090745 -0.07198287 0.058866434 -0.12914848 -0.24287914 0.009526125 0.53815234 -0.044030987 0.031100862 -0.22755155 0.23153986 0.15493225 0.11070356 -0.19202559 0.32339087 -0.07067148 0.14321736 -0.06075315
61 -0.3678855 -0.46684107 -0.063504614 0.3705687 0.08190205 0.017568732 0.061665352 0.020569429 0.101996735 -0.15027563 0.0056055835 0.019648978 0.09413 -0.35977325 -0.085487075 0.20782681 -0.14392082 0.23652083 -0.09131145 0.17659537 0.47282794 -0.007727759 -0.16481264 -0.06595914 0.28814432 -0.014219204 -0.011658944 -0.39647293 0.31125632 -0.26068717 0.2297153 -0.18548356
59 -0.35702357 -0.49523926 0.021438554 0.29873645 -0.03268436 -0.0599152 0.07344923 0.14994451 0.23800772 -0.2282172 -0.05289383 0.09697288 0.1637138 -0.19450177 -0.14408931 -0.06290359 -0.012705266 0.123886496 -0.18848158 -0.0077192057 0.505086 -0.07364024 -0.1042165 -0.0027307705 0.22951426 0.12726016 0.10203556 -0.22770986 0.28038847 -0.2708751 0.17361945 -0.11372892
71 -0.15149923 -0.5161571 0.02698972 0.19784075 -0.09984898 -0.083287954 0.2343122 0.18073787 0.18588918 -0.31940275 -0.18840618 0.19765773 0.14210631 -0.18172336 -0.06603315 -0.086827256 0.049149916 -0.08527307 -0.23899603 0.034763657 0.53297645 -0.026532361 0.0013188677 -0.1860946 0.20673661 0.16717936 0.09729264 -0.16486584 0.29096726 -0.0733107 0.14396507 -0.098095894
93 -0.15020768 -0.4967007 -0.008976938 0.13136907 -0.097869 -0.13402346 0.22769576 0.20339715 0.18154027 -0.30593148 -0.26798758 0.22328821 0.14265063 -0.2117106 -0.014894856 -0.140198 0.103963755 -0.1757841 -0.29927963 -0.026281908 0.5317399 -0.07252874 0.03269192 -0.22364022 0.23833749 0.17762111 0.13047807 -0.15873976 0.29359585 -0.101591885 0.12669303 -0.07183238
67 -0.21642302 -0.52065325 0.0335535 0.2856698 -0.026576776 -0.17853002 0.093828864 0.22864747 0.18837927 -0.19174369 -0.23319092 0.08399634 0.12291441 -0.34063107 -0.00810086 0.00076960307 0.082445905 -0.017491385 -0.22611713 -0.055381183 0.38201404 -0.24972995 -0.04652041 -0.1739479 0.26521185 0.13152261 0.16076474 -0.29929134 0.25337055 -0.25067046 0.13799672 -0.17813835
37 -0.37978995 -0.52238727 0.061231673 0.25823113 -0.05463211 -0.08903714 0.12595369 0.1874125 0.25404063 -0.27693698 -0.036664065 0.11829861 0.15542705 -0.0599835 -0.21776676 -0.19460762 0.0012000483 0.07639075 -0.19389531 0.00036541093 0.5365029 0.012244532 -0.086441316 -0.0013824484 0.16759324 0.15119234 0.06857713 -0.079206474 0.30074346 -0.23244892 0.18829602 -0.10523817
110 -0.37398976 -0.45385283 -0.07649785 0.37890682 0.10223271 0.033384424 0.07141204 -0.0021241014 0.11540045 -0.14234853 -0.0074138246 0.07044813 0.118744686 -0.34698403 -0.13829623 0.20307937 -0.16042934 0.26034316 -0.051673606 0.18946747 0.5369334 0.061951052 -0.20571974 -0.06325833 0.26108742 -0.020090267 -0.029521788 -0.42649058 0.30399516 -0.232648 0.21509749 -0.14557281
98 -0.18714392 -0.51577276 0.0012791718 0.16659188 -0.094245076 -0.059526283 0.29044545 0.14365475 0.21592103 -0.35435608 -0.17013648 0.26547968 0.16711755 -0.054257013 -0.12792534 -0.17773071 0.013527147 -0.16064584 -0.24507308 0.021631362 0.61436033 0.065419115 0.022746628 -0.15662777 0.17353363 0.19598575 0.07274147 -0.11863465 0.3637214 -0.022598606 0.12533629 -0.026902804
26 -0.22100048 -0.500412 0.024109524 0.29319254 -0.021207187 -0.17257102 0.13256934 0.1697577 0.12950036 -0.17827648 -0.24356261 0.06563666 0.11337057 -0.33188218 0.020623729 0.03194231 0.10074769 -0.0059386026 -0.23972884 -0.037187118 0.38779676 -0.23051246 -0.033146676 -0.16108333 0.26846212 0.1429345 0.18173797 -0.32926607 0.26162204 -0.21219714 0.11405261 -0.16751018
114 -0.37630135 -0.48586157 0.070407964 0.21367382 -0.0761837 -0.11186846 0.10682956 0.17026938 0.3127464 -0.28347164 -0.09291147 0.11695622 0.22244315 -0.073753595 -0.2103947 -0.24053517 0.054864023 -0.036921345 -0.27208453 -0.06953529 0.5499331 -0.045885835 -0.07642087 0.052889757 0.17859878 0.17712066 0.11327458 -0.0833031 0.3247856 -0.23467496 0.1257816 -0.06363259
27 -0.27927643 -0.44318083 -0.066858076 0.2432111 0.030713256 0.044492524 0.16527534 0.06030044 0.12677594 -0.2246406 -0.009781023 0.15029223 0.11075295 -0.23296136 -0.11547557 0.08908182 -0.13537654 0.091045834 -0.15357718 0.17120892 0.5989089 0.12820753 -0.10121941 -0.12207701 0.24706426 0.06123396 0.011155436 -0.3125866 0.36391583 -0.15473367 0.20705238 -0.09686448
78 -0.18689726 -0.5134303 0.021252457 0.19666241 -0.078251824 -0.06930523 0.21171445 0.16185552 0.17649123 -0.30795798 -0.15609841 0.19604701 0.1363459 -0.16981848 -0.062628426 -0.0961526 0.0369301 -0.067775995 -0.25331166 0.04159749 0.5180181 -0.024941867 0.04094926 -0.1659484 0.23385525 0.16979864 0.10361518 -0.20006557 0.31528348 -0.09669608 0.1350573 -0.1002718
121 -0.36671126 -0.41165602 -0.0599726 0.32724172 0.07821089 0.093380265 0.08763208 -0.012127545 0.094886735 -0.20580673 0.08346829 0.11479236 0.122044474 -0.30125895 -0.1494163 0.12908882 -0.1957567 0.22915293 -0.07418719 0.21510561 0.54780877 0.1671284 -0.18373774 -0.042753857 0.2562971 -0.012591457 -0.061263938 -0.37718356 0.36181766 -0.22402331 0.24115549 -0.15180477
58 -0.2123974 -0.5008647 0.014952007 0.27797276 -0.025705332 -0.13542692 0.13162062 0.166158 0.14400128 -0.17359293 -0.22858001 0.07134316 0.122984245 -0.34909883 -0.009372695 0.026299305 0.05864215 0.01399642 -0.1987771 -0.0069309277 0.42580843 -0.21459168 -0.041417338 -0.16185918 0.25440866 0.12460719 0.14725077 -0.31189033 0.25687513 -0.20681271 0.11231292 -0.15797673
36 -0.13678652 -0.4898987 -0.0067538223 0.16146828 -0.0791452 -0.07378152 0.26499042 0.16018142 0.1633932 -0.27716634 -0.19394048 0.2675059 0.12281842 -0.16659328 -0.06406763 -0.053509813 0.0086178975 -0.14186104 -0.23313124 0.051274147 0.58404976 0.014928455 0.03888131 -0.19002853 0.2067859 0.20104337 0.10040445 -0.20714071 0.32180372 -0.08038877 0.11367507 -0.06663896
42 -0.21854733 -0.53248453 0.044432458 0.29049236 -0.04453787 -0.19916616 0.094855145 0.18039551 0.17825565 -0.16788422 -0.24396455 0.03493121 0.12390177 -0.32478356 0.02084468 0.037106276 0.10652539 0.0022533154 -0.22232077 -0.06652862 0.4047507 -0.24938948 -0.03720144 -0.12119597 0.2754449 0.16438486 0.15547113 -0.29335412 0.21296123 -0.2366451 0.13830921 -0.16219841
18 -0.36437792 -0.4917881 0.0534918 0.24486867 -0.049570516 -0.04007348 0.07888003 0.13680626 0.28032577 -0.27895173 -0.004228495 0.12252927 0.17209418 -0.09082535 -0.20947647 -0.1192439 -0.02672458 0.08478098 -0.18228638 0.028177569 0.5561621 0.05571867 -0.08663737 0.024945237 0.18073176 0.1475066 0.046963997 -0.11927398 0.33237514 -0.22881158 0.1586302 -0.11918325
51 -0.39315766 -0.4960928 0.0332778 0.24735025 -0.003775616 -0.017658275 0.08949973 0.11312499 0.23235181 -0.24025762 -0.03604672 0.10620576 0.12893514 -0.15078878 -0.19859914 -0.025080824 -0.072139315 0.1406134 -0.15609011 0.07410638 0.55887014 0.044189353 -0.12820335 -0.009562682 0.18443465 0.10210368 0.0602653 -0.18942799 0.3119685 -0.2133059 0.19013594 -0.13490342
3 -0.37164855 -0.50048965 0.078413546 0.27941406 -0.06542663 -0.15516026 0.017897792 0.1911879 0.28427404 -0.23573382 -0.08544168 0.05589363 0.17659634 -0.15333308 -0.16682093 -0.15627602 0.08033195 0.05703206 -0.22265202 -0.07916879 0.469991 -0.15374623 -0.097296424 0.032011863 0.19780914 0.16896905 0.13776626 -0.13086298 0.28203496 -0.29873472 0.14887278 -0.111324094
111 -0.30613706 -0.46245992 -0.07087177 0.2997276 0.060362972 0.06357491 0.13638036 0.05076207 0.11001095 -0.19992541 -0.03048304 0.112284474 0.09283224 -0.32512206 -0.12111379 0.17605603 -0.13647828 0.17850828 -0.09323728 0.20452476 0.5299857 0.08409575 -0.13557167 -0.11347498 0.27611074 0.0016627201 -0.016819868 -0.35212308 0.34814617 -0.17969017 0.2299775 -0.16127928
112 -0.32934636 -0.49544454 0.049827334 0.27011847 -0.06915153 -0.14014928 0.06603895 0.18771544 0.2779152 -0.22790314 -0.1305899 0.06489151 0.18796061 -0.15312438 -0.14891857 -0.13414642 0.0681301 0.034701675 -0.23469146 -0.07699267 0.48405823 -0.12336058 -0.07804086 0.008504206 0.20070806 0.17580336 0.14165714 -0.13889895 0.2556408 -0.26941425 0.14356218 -0.118098244
75 -0.23215738 -0.5032775 0.01896744 0.28724894 -0.009790485 -0.1829136 0.06847949 0.18557289 0.17612387 -0.18696712 -0.24526203 0.026948638 0.130241 -0.35330343 -0.001863212 0.02950474 0.09929853 0.02326354 -0.21860844 -0.06245002 0.36773697 -0.29295135 -0.0696185 -0.14147557 0.29236794 0.15782294 0.16849871 -0.33524865 0.2597503 -0.27893847 0.122669004 -0.1848146
84 -0.35502616 -0.5352605 0.054025244 0.31424162 -0.022905242 -0.11398539 0.087952435 0.18771014 0.26500773 -0.254233 -0.0823657 0.071681365 0.16419078 -0.09483484 -0.19643028 -0.13606486 0.017170183 0.0511973 -0.18983626 -0.062464677 0.4813669 -0.07765801 -0.09125375 0.049935594 0.19271645 0.17257243 0.10879411 -0.12978545 0.28525394 -0.26801625 0.1689482 -0.10616419
118 -0.36284405 -0.51004666 0.074952975 0.23612517 -0.06181917 -0.10582291 0.10562303 0.17334418 0.31168285 -0.29996562 -0.078573935 0.15014458 0.17037837 -0.05459288 -0.21418183 -0.22019807 0.010629093 0.042326808 -0.24873944 -0.055682104 0.5437356 -0.0027758328 -0.09219559 -0.0029785444 0.15357669 0.18070434 0.10043781 -0.059974108 0.30074516 -0.23027033 0.15220007 -0.08365142
106 -0.23755835 -0.46179563 0.004385905 0.27702886 0.011157184 -0.10895158 0.06917828 0.14458609 0.15424141 -0.18226849 -0.19138597 0.060917083 0.1331636 -0.34530163 -0.05047463 0.07213296 0.03626486 0.06656492 -0.2145059 0.016100958 0.426876 -0.18471742 -0.07607116 -0.11632802 0.26689106 0.10378519 0.13137595 -0.33093336 0.26019526 -0.2479712 0.14339246 -0.16058621
88 -0.2580345 -0.47710055 -0.021616746 0.27953267 -0.009394104 -0.06956102 0.094324246 0.11022672 0.15146098 -0.19711307 -0.14842747 0.07520685 0.15160523 -0.3041687 -0.039622426 0.10434788 0.032102242 0.060463592 -0.1617376 0.05224903 0.4648684 -0.106516115 -0.0683193 -0.12265509 0.26137015 0.09531979 0.106523715 -0.32809234 0.29247516 -0.20651133 0.15104008 -0.13344204
122 -0.1852572 -0.5100477 0.03380272 0.27268898 -0.027737282 -0.20824909 0.11459464 0.22066598 0.1829624 -0.22340144 -0.2870511 0.09120764 0.13819933 -0.3137639 0.00472623 0.0062820483 0.11542328 -0.068413354 -0.24773337 -0.100217715 0.3888259 -0.28870854 -0.026482446 -0.19921567 0.27178472 0.15880719 0.18780977 -0.2559271 0.24519007 -0.22749731 0.122863255 -0.13840501
47 -0.18738295 -0.51973766 -0.004776973 0.16535988 -0.08550648 -0.058900137 0.27147782 0.1741373 0.15987414 -0.3302211 -0.22010906 0.23748687 0.14840627 -0.16692603 -0.057831205 -0.06817057 0.053635985 -0.12980294 -0.22141896 0.008259187 0.57923836 -0.032223906 0.05283764 -0.24178357 0.21515898 0.17573953 0.1241836 -0.19750987 0.34631577 -0.07695926 0.12720233 -0.06201178
15 -0.2488766 -0.50055885 0.0135952 0.3259687 0.010318967 -0.19300756 0.06328222 0.18020163 0.17793265 -0.21047589 -0.18731996 0.010413237 0.1488111 -0.3431315 -0.020229336 0.018422943 0.08093851 0.090313084 -0.22111414 -0.052172016 0.39076686 -0.24031201 -0.06108197 -0.10400613 0.24832232 0.10433155 0.162812 -0.30458438 0.23505215 -0.26948187 0.1272956 -0.17120437
56 -0.31363034 -0.45169333 -0.011405967 0.31340355 -0.012505887 -0.09425965 0.054696534 0.13547143 0.2051418 -0.15353455 -0.094851725 0.047595106 0.15275185 -0.2675952 -0.08023473 0.057900924 0.0013055904 0.11418936 -0.19138259 0.016640862 0.49110913 -0.11026038 -0.13475402 -0.069519095 0.21986464 0.11813096 0.11736494 -0.29354614 0.25288603 -0.2423151 0.19901748 -0.15311337
91 -0.24935728 -0.4928475 0.015763197 0.2661288 -0.02509815 -0.14465395 0.08007013 0.18888761 0.17859155 -0.18354256 -0.19287111 0.067698136 0.12147877 -0.32070583 -0.041054256 0.020423409 0.057932924 0.035281993 -0.21709701 -0.01742037 0.4707283 -0.17353517 -0.05552929 -0.11078036 0.24639283 0.14424682 0.14746669 -0.29436785 0.26641384 -0.25624192 0.14600086 -0.1738663
7 -0.13637854 -0.50074166 -0.009799506 0.16750732 -0.057965275 -0.08458433 0.22930354 0.2097126 0.15267162 -0.27621365 -0.24689531 0.2318935 0.13329566 -0.190133 -0.039298378 -0.08654989 0.020782322 -0.13693306 -0.23899266 0.0054274453 0.5666096 -0.04161018 0.04658708 -0.22260141 0.24554068 0.18399125 0.14428084 -0.23484148 0.30149308 -0.104495026 0.14350168 -0.087343596
89 -0.27901125 -0.47382978 0.030258518 0.21423128 -0.078462854 -0.063406676 0.13902567 0.1559773 0.22980992 -0.2644989 -0.06098696 0.1376393 0.17731541 -0.13915591 -0.17455462 -0.10485492 -0.048820835 0.02067787 -0.21284144 0.0078955665 0.5619816 0.020921467 -0.061708454 -0.055184774 0.21055749 0.12204209 0.08054383 -0.15753685 0.3354777 -0.19537553 0.1946688 -0.09388568
76 -0.21387252 -0.4908716 0.023977766 0.22655338 -0.05146587 -0.19588351 0.098994605 0.23684797 0.23785785 -0.2065233 -0.23432918 0.07670446 0.12069111 -0.2737823 -0.026376722 -0.06950817 0.1472048 -0.022262488 -0.25917366 -0.0865246 0.4271717 -0.25539172 -0.015003411 -0.1343766 0.21135367 0.20747864 0.19509466 -0.21985681 0.25505796 -0.2440963 0.1193916 -0.17064509
24 -0.32636678 -0.4799326 0.046072856 0.25266054 -0.01692524 -0.09307699 0.1105696 0.15592183 0.21187769 -0.25176758 -0.07759849 0.08578036 0.16810136 -0.2006899 -0.16887437 -0.024190865 -0.003282975 0.065359384 -0.20472184 0.01575288 0.5125063 -0.07721755 -0.08939576 -0.021042963 0.23299095 0.10791703 0.076253936 -0.22065392 0.31736574 -0.24981852 0.15954392 -0.1199516
65 -0.2373355 -0.49567917 0.03821725 0.25956744 -0.06532319 -0.22495468 0.08980732 0.23281631 0.23353863 -0.1943475 -0.25280288 0.07079227 0.15514043 -0.29390427 -0.04107457 -0.058568694 0.14164783 -0.024175538 -0.2577532 -0.10559769 0.3811386 -0.28926182 -0.04738214 -0.11433551 0.2296864 0.18494302 0.1928528 -0.21190734 0.22649151 -0.2403488 0.09538732 -0.16061318
113 -0.38050836 -0.49895588 0.04514363 0.297866 -0.027916206 -0.12553431 0.036124833 0.13283284 0.26828104 -0.2509022 -0.06057483 0.06519988 0.15044795 -0.1690383 -0.14559568 -0.117519334 0.030467262 0.080885775 -0.21393639 -0.04403793 0.48841962 -0.07406288 -0.08099717 -0.015741996 0.18132281 0.14698583 0.11671852 -0.15403366 0.27603093 -0.25889757 0.109656304 -0.09831698
23 -0.2183986 -0.49367285 -0.027512845 0.17914987 -0.063009106 -0.02015296 0.24412164 0.13298558 0.19432208 -0.28307956 -0.107342325 0.23351191 0.117841594 -0.12512313 -0.08901444 -0.076682344 -0.007802553 -0.07530767 -0.21691692 0.07811349 0.5997776 0.06955234 0.015920874 -0.16000451 0.23088492 0.12602895 0.06237795 -0.20472884 0.35107946 -0.05669134 0.15282862 -0.06669713
107 -0.318378 -0.42704865 -0.077093735 0.35681206 0.11880739 0.10099776 0.08866718 -0.0012707295 0.039237257 -0.18967015 0.05716645 0.07077846 0.08168203 -0.41172114 -0.11026904 0.32069093 -0.18228446 0.29167855 -0.05415118 0.30315173 0.54147905 0.11460576 -0.15238754 -0.08427139 0.3090899 -0.05321548 -0.035731375 -0.49813873 0.35572547 -0.21163642 0.24015214 -0.13925233
87 -0.31350324 -0.48568687 0.02509478 0.31534618 -0.020205675 -0.15379512 0.052180037 0.18781519 0.22957982 -0.18840195 -0.106009 0.07698379 0.13415053 -0.17700045 -0.10894521 -0.09846238 0.012074369 0.0776335 -0.18767506 -0.045404144 0.48369455 -0.076278366 -0.065174215 -0.043919485 0.1853911 0.14643371 0.12455113 -0.2159657 0.27081454 -0.270831 0.14192982 -0.11671133
29 -0.22561091 -0.47466213 0.009076555 0.27577808 0.008607502 -0.11728432 0.12715977 0.15012513 0.17759182 -0.20710623 -0.20321892 0.106536016 0.103926025 -0.3195073 -0.027139721 0.035556998 0.04982709 0.01610583 -0.2084772 -0.023832042 0.43274355 -0.19360802 -0.03695361 -0.15892781 0.26057485 0.12062167 0.15165406 -0.33597505 0.27423587 -0.2059896 0.13089208 -0.1462634
21 -0.2560983 -0.5021718 0.0028070987 0.31374517 -0.030179026 -0.17150033 0.102600776 0.19966689 0.17926703 -0.19468932 -0.21340607 0.050569948 0.12431145 -0.33071506 -0.009212881 0.0027632732 0.12179978 -0.0055717686 -0.24304342 -0.057757657 0.37793222 -0.24122342 -0.067066655 -0.117944896 0.24851777 0.14231947 0.1637517 -0.27984107 0.2165276 -0.2369923 0.12754263 -0.16936567
33 -0.17920429 -0.49549556 0.005300174 0.16512504 -0.08877836 -0.07446506 0.22727218 0.19547021 0.17902978 -0.3089141 -0.23509282 0.24509771 0.12680703 -0.19358295 -0.034539852 -0.13635717 0.053654775 -0.14513193 -0.26427162 0.007034521 0.5644727 -0.040210187 0.0344888 -0.23447531 0.21024422 0.17122202 0.12881267 -0.18779777 0.33229002 -0.08109787 0.1261967 -0.07767652
103 -0.33518192 -0.4604518 -0.0962021 0.34116954 0.12950607 0.15754905 0.17739446 -0.0318466 0.050270565 -0.2066457 0.075793184 0.14330216 0.06670041 -0.2979868 -0.14390226 0.26040578 -0.23173375 0.255222 -0.014961193 0.318251 0.6066914 0.20851043 -0.15178686 -0.13266507 0.2790814 -0.043259714 -0.09857161 -0.43852964 0.38309434 -0.123819634 0.25242025 -0.1272069
11 -0.37915486 -0.5144838 0.07417766 0.24260116 -0.052619383 -0.12031521 0.091370255 0.17294776 0.26785377 -0.2828616 -0.10695146 0.11870256 0.16961569 -0.1417962 -0.14652145 -0.19093539 0.061163995 0.018176896 -0.2351309 -0.06740431 0.45783967 -0.10392278 -0.049198467 -0.030678008 0.15767276 0.18407157 0.12809445 -0.095930584 0.2779793 -0.24199043 0.13333148 -0.11668389
28 -0.13881253 -0.5235433 0.004919411 0.14475974 -0.09235597 -0.09507346 0.23571697 0.17611961 0.22239463 -0.3152006 -0.19612479 0.24972828 0.16996391 -0.13610171 -0.06149705 -0.12547341 0.05110628 -0.13430554 -0.26716325 0.0141637195 0.5743936 -0.015967546 0.053751692 -0.19498995 0.2204169 0.19737744 0.12158493 -0.15210667 0.31268963 -0.0774592 0.14973077 -0.07131186
74 -0.36968127 -0.4862378 0.07437499 0.25328243 -0.063013256 -0.0945918 0.08082548 0.16500933 0.2880292 -0.27637225 -0.046261657 0.1034593 0.17269419 -0.0983629 -0.22600664 -0.15571108 -0.017713062 0.09303337 -0.21087189 -0.0077386876 0.49801832 -0.02334526 -0.08386754 0.025806256 0.18885896 0.13690175 0.10722373 -0.10684275 0.31510085 -0.24563847 0.16528822 -0.099443346
62 -0.19542427 -0.50986016 0.058042172 0.28764102 -0.051873893 -0.27170566 0.11054711 0.2500621 0.22247571 -0.20132066 -0.29326144 0.07623274 0.1410411 -0.29599622 -0.0074935583 -0.047589343 0.14842056 -0.065486394 -0.28450572 -0.13355958 0.37768674 -0.32643923 -0.023218129 -0.14999662 0.24964249 0.20031093 0.21074112 -0.24418917 0.2112291 -0.26254538 0.11125386 -0.1446511
82 -0.20551082 -0.49431393 -0.0015711114 0.31984243 -0.021180209 -0.15841842 0.09780996 0.1792142 0.15091352 -0.17048089 -0.19154197 0.061327886 0.14382355 -0.30842763 -0.03324806 0.040922433 0.08340468 0.008272303 -0.24120077 -0.0116678765 0.43816915 -0.19169666 -0.06993009 -0.141793 0.2485791 0.15891798 0.13795595 -0.2958193 0.23698676 -0.25095943 0.14392303 -0.144829
73 -0.16889615 -0.5308192 0.033116814 0.19426298 -0.113814555 -0.14486293 0.20558573 0.23428144 0.1964168 -0.28526956 -0.22995725 0.20903519 0.11531669 -0.15497236 -0.024242787 -0.1452939 0.07098097 -0.1472727 -0.25836277 -0.048169814 0.5139371 -0.076698154 0.0752433 -0.22258428 0.21489249 0.22277772 0.16853558 -0.16527349 0.29661506 -0.0945741 0.13255744 -0.10146017
5 -0.32488975 -0.42864582 -0.021779574 0.30626035 0.041877266 0.022570126 0.078782715 0.03802477 0.13623925 -0.1516849 -0.014709246 0.112461306 0.13293795 -0.27701476 -0.13019815 0.13514712 -0.14189988 0.1776713 -0.109883904 0.15895978 0.5634869 0.051868517 -0.1452238 -0.02175967 0.2268984 0.047014277 0.012733791 -0.34163886 0.30668563 -0.23045114 0.2222124 -0.14305964
13 -0.3191303 -0.48203915 0.06815353 0.26218754 -0.05540922 -0.13132243 0.09213055 0.18571898 0.28047192 -0.24788103 -0.09308251 0.08749352 0.1720786 -0.13297898 -0.17548111 -0.13777064 0.05915317 0.040370714 -0.22489123 -0.053700622 0.5105177 -0.08948017 -0.089089006 0.0068184673 0.19465525 0.1719289 0.113911554 -0.1319192 0.28344277 -0.26333478 0.13990128 -0.12570325
119 -0.33385637 -0.46824178 -0.071128756 0.32131535 0.08773516 0.10265669 0.14867835 -0.020459808 0.07450399 -0.20122336 0.04061608 0.110778086 0.12908134 -0.25319475 -0.17371182 0.18469694 -0.20005015 0.18758383 -0.07960482 0.25116915 0.59110457 0.18503244 -0.17455989 -0.06975484 0.2309013 -0.027600726 -0.060360283 -0.3779216 0.3474256 -0.15712659 0.2407837 -0.111778006
63 -0.35247627 -0.50576454 0.04776299 0.27900657 -0.03316547 -0.09233022 0.046453793 0.17401399 0.26545608 -0.24664025 -0.04621848 0.08250388 0.1428674 -0.11085939 -0.21404444 -0.08511422 0.01699714 0.093919374 -0.19557235 -0.037620466 0.51016456 -0.031624384 -0.07566762 0.053485878 0.16775616 0.16860272 0.09714932 -0.15719295 0.29988575 -0.23888013 0.15418914 -0.10649265
8 -0.3068869 -0.47003484 -0.04445214 0.33366203 0.0793733 0.012775528 0.08141463 0.043428514 0.12536725 -0.17277159 -0.07155008 0.05264891 0.11677404 -0.34289768 -0.0947861 0.19338295 -0.078005284 0.18384512 -0.13281097 0.15110675 0.4825518 -0.035098765 -0.12124758 -0.07157453 0.27606833 0.005978892 0.025055757 -0.37965533 0.31063065 -0.212087 0.1761172 -0.12510689
57 -0.36610147 -0.54378057 0.061220195 0.27458316 -0.06516788 -0.10724456 0.108448304 0.17079581 0.27250034 -0.31144813 -0.078015365 0.10094897 0.1539315 -0.09248603 -0.17963836 -0.17288044 0.021261726 0.0022678603 -0.23915072 -0.040547498 0.4916481 -0.035272136 -0.05081236 0.0021356512 0.18191889 0.18422344 0.12421124 -0.0915076 0.27856624 -0.22463286 0.13086022 -0.10046701
48 -0.1456585 -0.47615796 0.031658716 0.20493636 -0.06577021 -0.19144386 0.1908773 0.2075851 0.16092564 -0.26532444 -0.2667249 0.13897131 0.11386835 -0.28292704 0.00976216 -0.0576268 0.11323824 -0.077368304 -0.2586684 -0.044765703 0.42122096 -0.19528136 0.013922087 -0.20908861 0.25949535 0.20181559 0.19462216 -0.24403398 0.28858995 -0.17560774 0.1074368 -0.14681657
108 -0.3538581 -0.43576252 -0.08854631 0.37586728 0.1477646 0.09555423 0.07361905 -0.020971611 0.06612463 -0.12731719 0.035109483 0.01300102 0.098375686 -0.40984222 -0.10892133 0.33905354 -0.2022014 0.32695758 -0.05127419 0.27398545 0.5458822 0.111736774 -0.23991552 -0.07658371 0.28452253 -0.09064922 -0.076747395 -0.46845856 0.32200488 -0.22154844 0.26879984 -0.18238716
14 -0.34628054 -0.43438932 -0.059645828 0.32102355 0.06965301 0.03958568 0.07275664 0.016044198 0.12321279 -0.16676983 -0.0018151354 0.07681485 0.12855467 -0.30802566 -0.13967137 0.17795779 -0.13035442 0.21830533 -0.08277834 0.15208428 0.51896787 0.046361685 -0.1778139 -0.05792619 0.2844344 -0.021337144 -0.0054859547 -0.37462142 0.3345924 -0.22214599 0.22003426 -0.12533776
115 -0.2564273 -0.5031157 0.023857065 0.2799532 -0.03930315 -0.18245533 0.061133098 0.1886819 0.18311056 -0.1715788 -0.21093741 0.066612534 0.1259827 -0.3296151 -0.042955626 0.050382014 0.071869105 0.023281703 -0.21544312 -0.03766813 0.39565337 -0.25908408 -0.043021064 -0.12190054 0.27264565 0.11600546 0.16564329 -0.2857688 0.23048612 -0.25286955 0.15773076 -0.18801937
20 -0.3472006 -0.50111735 0.062142663 0.24152122 -0.055013172 -0.10460662 0.09144875 0.14964257 0.262612 -0.26029873 -0.06953278 0.10623701 0.14902876 -0.14098607 -0.19272074 -0.12607779 0.0008013989 0.04984512 -0.21931344 0.009921868 0.5288141 -0.033517323 -0.064619526 -0.0068744035 0.1607352 0.18493484 0.095061466 -0.14619592 0.29813188 -0.22903152 0.13110009 -0.12412095
105 -0.33210805 -0.4428469 -0.057983074 0.3527378 0.1071491 0.022390682 0.078769445 0.05338395 0.120595336 -0.16560884 -0.033545047 0.05298613 0.11354063 -0.37847006 -0.099056534 0.22326536 -0.12409602 0.2346217 -0.09850687 0.17094897 0.5322845 0.028621238 -0.15901043 -0.09370788 0.258757 0.020315105 0.024353769 -0.42764384 0.32837364 -0.22931986 0.20519097 -0.16332595
45 -0.33224538 -0.451872 0.06997388 0.23986003 -0.06370237 -0.10768712 0.07451406 0.17161725 0.2623081 -0.2593051 -0.065602496 0.10167669 0.15910292 -0.14096582 -0.19831231 -0.17264147 0.015329538 0.07689757 -0.2163014 -0.02209345 0.54206085 -0.052390687 -0.0934598 0.0028364111 0.21789835 0.1462398 0.09566198 -0.134615 0.30336267 -0.2628133 0.18427268 -0.10955603
52 -0.2071461 -0.5102144 -0.0008677876 0.18310061 -0.05356704 -0.026963389 0.24842083 0.12930489 0.15885997 -0.28543764 -0.15289149 0.25949436 0.116150945 -0.15948547 -0.06425889 -0.08024591 -0.02104051 -0.07695357 -0.25565755 0.05594166 0.582652 0.06844874 0.021772727 -0.19129501 0.19474952 0.14835273 0.06303618 -0.18256885 0.32015476 -0.0670178 0.12261956 -0.07452393
66 -0.1941299 -0.53038967 0.0026709298 0.20270124 -0.07441515 -0.07706712 0.24424157 0.16332144 0.17729938 -0.31338412 -0.20553878 0.2317427 0.14350761 -0.16689149 -0.042333342 -0.08087656 0.031197645 -0.095210396 -0.24758586 0.009492853 0.54498917 0.005931321 0.04715757 -0.20826587 0.23388997 0.15712541 0.12028798 -0.17187603 0.33305272 -0.07896135 0.12500848 -0.061379783
10 -0.18180281 -0.47126418 0.01776239 0.27891335 -0.0077989576 -0.22160724 0.073350206 0.2174042 0.15006949 -0.1582921 -0.26180544 0.023239244 0.13192621 -0.37971318 -0.013285521 0.07888086 0.098228894 0.025198719 -0.24162462 -0.05659397 0.36862075 -0.327729 -0.045392957 -0.12250913 0.2901964 0.1474256 0.2121795 -0.32982692 0.23415042 -0.29417175 0.124576055 -0.18867758
31 -0.33393613 -0.44413418 -0.05944073 0.34657282 0.055635057 0.03937443 0.06645814 0.03713294 0.13204247 -0.18716297 -0.031677708 0.09088989 0.16241942 -0.33760867 -0.14438947 0.13160008 -0.12816763 0.17122455 -0.109917745 0.15506801 0.55558234 0.039485335 -0.16198024 -0.06193166 0.27583444 0.0035358942 0.016891543 -0.40050364 0.314819 -0.22365876 0.188941 -0.15732443
22 -0.33449817 -0.46843496 -0.09378618 0.36009005 0.10087822 0.08399612 0.12154003 -0.0031849747 0.054496184 -0.16548 0.016586872 0.076897115 0.07936615 -0.36745882 -0.12554884 0.25940207 -0.19057757 0.27391076 -0.039525192 0.27130142 0.5590885 0.15815754 -0.18388844 -0.10228595 0.27467012 -0.05943674 -0.0659948 -0.41969994 0.36710405 -0.18139869 0.24987982 -0.13797575
83 -0.2418571 -0.49554834 0.008135639 0.3192275 -0.0015264094 -0.14823522 0.07007039 0.14976928 0.15439422 -0.18629883 -0.22557129 0.024010355 0.139489 -0.35476792 -0.025973324 0.06671166 0.08815986 0.046260867 -0.1944066 0.0011177973 0.3974336 -0.26940778 -0.06366455 -0.12181668 0.2937557 0.11238845 0.15809835 -0.33670658 0.27041447 -0.27403352 0.13195904 -0.19612308
54 -0.16357732 -0.5474858 -0.00281611 0.14176416 -0.116498746 -0.063736886 0.28301236 0.17271765 0.17733654 -0.36126015 -0.21230327 0.27300614 0.13821486 -0.1132517 -0.06028777 -0.15967669 0.04968232 -0.19351943 -0.25649855 0.031797595 0.5594875 0.015869627 0.07247301 -0.24135317 0.23318408 0.1532951 0.08533299 -0.13997741 0.3562045 -0.04077893 0.12241592 -0.05898402
126 -0.1688785 -0.4883471 -0.014375251 0.18340448 -0.081180565 -0.06989101 0.23041005 0.17589752 0.19364919 -0.28711385 -0.15335466 0.24231677 0.13449644 -0.1510486 -0.07117257 -0.104842596 -0.0010678396 -0.07940529 -0.22794901 0.022664 0.608971 0.0059021176 0.005757852 -0.21736756 0.20778021 0.15944745 0.086617485 -0.17934334 0.33305368 -0.0778039 0.13431476 -0.065444596
17 -0.110956475 -0.5117105 -0.03506531 0.1484985 -0.11893077 -0.053265642 0.31094775 0.18715301 0.14533366 -0.33406124 -0.27845478 0.30722466 0.13001038 -0.17630658 0.00034194422 -0.12554482 0.06729241 -0.24411014 -0.25961676 0.03630979 0.61154425 0.012359336 0.11087502 -0.29934868 0.21118294 0.19484924 0.12357843 -0.20405225 0.3464874 -0.0064825197 0.09462003 -0.052741695
19 -0.3216908 -0.41759688 -0.056779016 0.3011071 0.070693456 0.04710153 0.11620372 0.030656073 0.13706721 -0.20897931 0.021612344 0.11419951 0.13102007 -0.25894284 -0.13609 0.14156938 -0.13024996 0.21766038 -0.09255433 0.15914689 0.56407946 0.053306464 -0.13912348 -0.08341257 0.24660122 0.0056172335 -0.02275315 -0.3616394 0.32211047 -0.21460858 0.2134157 -0.1194109
70 -0.20374389 -0.5018595 0.023686334 0.3050975 -0.0036170534 -0.24398717 0.0454002 0.2181386 0.19222885 -0.16900598 -0.2673542 0.0011725911 0.12627296 -0.3795828 -0.00234073 0.0718151 0.14484064 0.038538687 -0.25228477 -0.0947632 0.3531027 -0.34048736 -0.04053052 -0.14216675 0.25951952 0.12884925 0.2182835 -0.33671308 0.19416262 -0.2960971 0.11859595 -0.18682161
100 -0.114191696 -0.49208444 0.0137359705 0.176242 -0.084533766 -0.11345008 0.180053 0.2387129 0.17982447 -0.24200003 -0.23651814 0.18067741 0.15580443 -0.22053254 -0.011271436 -0.08494838 0.102380306 -0.10572718 -0.26273698 -0.01587388 0.533797 -0.11455794 0.0128172105 -0.17580083 0.2597097 0.19486517 0.15827028 -0.2215142 0.2896978 -0.14769349 0.14872542 -0.10456459
30 -0.3614913 -0.5057459 0.021406772 0.30040643 -0.036117416 -0.05629103 0.08765819 0.14630508 0.2588497 -0.2513288 -0.056787938 0.095443785 0.16855119 -0.163303 -0.16536267 -0.0694768 0.012000962 0.07323836 -0.19331683 0.013072701 0.510293 -0.021525735 -0.10606223 -0.01532632 0.20022961 0.10661181 0.09788797 -0.1713408 0.2785358 -0.2059142 0.16978884 -0.09295948
53 -0.2771696 -0.48812363 -0.049247537 0.31735808 0.038107958 0.023446843 0.12013054 0.06421959 0.11640316 -0.20664392 -0.05997537 0.109103404 0.120767765 -0.31642264 -0.10350606 0.12427775 -0.055210143 0.10293761 -0.16183871 0.11695819 0.52014536 0.023638427 -0.08964722 -0.10849583 0.2498337 0.04157278 0.05529059 -0.3506513 0.3115434 -0.17508508 0.16070153 -0.12469658
101 -0.16330376 -0.5168145 0.02530267 0.16899218 -0.1060191 -0.124129385 0.26262254 0.18580098 0.1651233 -0.32981935 -0.28103423 0.23625068 0.1246531 -0.18687804 -0.023752848 -0.13457558 0.03973083 -0.19654538 -0.29650503 -0.01057612 0.55110973 -0.085622914 0.03664972 -0.22693904 0.21471462 0.18491155 0.165091 -0.16839834 0.31467506 -0.07081716 0.0876274 -0.0941692
34 -0.3998334 -0.48124525 0.056970034 0.26370367 -0.050666597 -0.071606934 0.060927697 0.16459386 0.28216177 -0.27534798 -0.02455226 0.13359553 0.18135671 -0.087820336 -0.22117376 -0.199486 -0.0045169936 0.09802001 -0.21701139 -0.049591217 0.5216678 0.0056890445 -0.10330285 0.043923974 0.16164283 0.12830168 0.085952364 -0.10531641 0.30087534 -0.24908657 0.16748779 -0.10693957
1 -0.31364855 -0.43254238 -0.07049026 0.31326887 0.09010066 0.10766012 0.12922615 -0.003867198 0.08510206 -0.19456838 0.023933688 0.11111282 0.106793396 -0.3335554 -0.10471079 0.22962792 -0.1709714 0.19779441 -0.069512226 0.22016387 0.5657653 0.1251119 -0.16183156 -0.12009805 0.2665552 -0.024674954 -0.03814675 -0.4114661 0.3420898 -0.18311577 0.2355108 -0.11681115
69 -0.3346175 -0.5077278 0.014146728 0.30056596 -0.042834774 -0.041403145 0.09102733 0.121755436 0.23372854 -0.2698667 -0.033121716 0.13384113 0.16414644 -0.17186241 -0.17600149 -0.057298142 -0.03083314 0.084839575 -0.18998037 0.035467148 0.51457065 -0.026594447 -0.08442822 -0.004911011 0.20282184 0.12851042 0.06770895 -0.18900031 0.29643273 -0.20062861 0.16557582 -0.1333445
43 -0.37310493 -0.45956588 -0.070803165 0.30553776 0.100331426 0.07957561 0.13974807 -0.0049348404 0.11628365 -0.19506855 0.024309563 0.09897172 0.13481571 -0.27003548 -0.16373038 0.16789187 -0.16233005 0.23560266 -0.089181684 0.25467357 0.58808637 0.1220427 -0.1694046 -0.045658708 0.2614493 -0.030249692 -0.06492719 -0.36450875 0.36777428 -0.17654657 0.25863546 -0.13164845
120 -0.2903834 -0.43375304 -0.047423106 0.31004176 0.07128673 0.008166783 0.10348109 0.039536044 0.09160028 -0.1735117 -0.05897859 0.091174975 0.111436434 -0.34143877 -0.08569116 0.16087218 -0.10519782 0.17580172 -0.10602184 0.16232188 0.5095593 0.017174374 -0.11673744 -0.102994725 0.26652527 0.012880965 0.020295091 -0.39607367 0.3209639 -0.20855172 0.22555918 -0.17206255
60 -0.34539708 -0.49931863 0.07311937 0.2250817 -0.0855136 -0.13360949 0.08473274 0.19994716 0.30803782 -0.27710423 -0.077705525 0.11756367 0.19774932 -0.086833835 -0.22911674 -0.22600916 0.04163678 0.036988337 -0.26256457 -0.055240173 0.52376145 -0.016635913 -0.0640035 0.010687577 0.17613366 0.16611579 0.13494633 -0.06473485 0.30939233 -0.23991124 0.16137636 -0.08746986
81 -0.12303885 -0.5451359 0.031130558 0.20953901 -0.09691921 -0.15572715 0.24761552 0.21654902 0.18978304 -0.2832757 -0.27436325 0.19927348 0.13347931 -0.21040942 -0.010628567 -0.10184244 0.08493547 -0.15679666 -0.24216774 -0.044544213 0.4927791 -0.14291815 0.054360513 -0.25407532 0.24663389 0.17557994 0.16096638 -0.21523613 0.27929145 -0.08666168 0.10443795 -0.102227785
16 -0.42912433 -0.52953506 0.076570064 0.28788668 -0.044386234 -0.06462255 0.037608072 0.15615703 0.2863287 -0.27849224 0.00018711647 0.08433553 0.18920386 -0.094541274 -0.24912466 -0.14515266 -0.041939624 0.12027479 -0.2123782 -0.025091311 0.5368403 0.01856465 -0.12397707 0.075519145 0.15952112 0.13025825 0.08827448 -0.105017155 0.29183498 -0.27244183 0.19630082 -0.11484216
86 -0.1832433 -0.5252713 0.027998365 0.14766859 -0.09348432 -0.05937529 0.25431728 0.18502653 0.17850596 -0.30256027 -0.16788329 0.2401066 0.13161032 -0.1270914 -0.0864688 -0.12759978 -0.022792246 -0.12848361 -0.25525972 0.04768926 0.6310073 0.06029358 0.031677347 -0.15206027 0.20752703 0.20962465 0.098009355 -0.15646486 0.3324973 -0.063556984 0.13400237 -0.047022596
2 -0.23233315 -0.48167467 -0.019024882 0.16327584 -0.038897514 0.0046537914 0.2555902 0.10627156 0.16970429 -0.29279777 -0.093734086 0.25557762 0.15030137 -0.14567032 -0.11723885 -0.04716083 -0.05983931 -0.04564951 -0.22003002 0.09961636 0.6298177 0.116720535 -0.0007307639 -0.15994294 0.19659942 0.12282114 0.043296143 -0.21344993 0.35292315 -0.06378059 0.15212412 -0.038409103
55 -0.14100574 -0.52897304 -0.00029064034 0.13435242 -0.06575987 -0.0668722 0.28571686 0.17049292 0.1700257 -0.34350422 -0.202928 0.24921557 0.123260155 -0.18083775 -0.011354404 -0.09661508 0.031095995 -0.13445346 -0.25734398 0.06557943 0.5241056 0.028950404 0.065649204 -0.2235764 0.25484225 0.16285269 0.09898747 -0.19097021 0.34672517 -0.054714378 0.1479314 -0.07834166
92 -0.2686167 -0.5006638 0.042415872 0.27544558 -0.02774874 -0.1660871 0.1027255 0.19427365 0.21350887 -0.22583386 -0.17371823 0.06950557 0.13089469 -0.26733235 -0.06112776 -0.078584574 0.10617631 0.027773859 -0.25374976 -0.0734791 0.45370522 -0.187934 -0.043569583 -0.08395658 0.21127933 0.16854155 0.16235936 -0.2010273 0.26758018 -0.23756796 0.09156897 -0.14257649
40 -0.34566745 -0.4877171 0.040605407 0.24689162 -0.06908137 -0.10779331 0.11095867 0.1842129 0.2862875 -0.30261016 -0.08800785 0.16162437 0.18193622 -0.101203926 -0.17276926 -0.23275688 0.040687498 -0.00859072 -0.22684556 -0.06441943 0.5276772 -0.037211254 -0.046495058 -0.028393837 0.1600194 0.17218529 0.12632535 -0.10713163 0.28888237 -0.19256335 0.13146754 -0.11134597
109 -0.18003237 -0.5057958 -0.0037939416 0.18100697 -0.10260244 -0.057268877 0.25542334 0.17255 0.18989979 -0.29788187 -0.1759456 0.25572374 0.14175428 -0.15900756 -0.067894936 -0.09266701 0.006047945 -0.12053918 -0.2077367 0.043230295 0.5999769 0.019283595 0.020360753 -0.22017652 0.21876232 0.16473225 0.095493175 -0.15997207 0.3049313 -0.04518173 0.14283934 -0.06297879
117 -0.36002898 -0.4645399 -0.06339842 0.39201275 0.0972544 0.047162432 0.074987605 0.018058434 0.09716855 -0.18883583 0.024859086 0.056438178 0.09433664 -0.36831483 -0.13477454 0.26657522 -0.1584539 0.2753154 -0.084413715 0.20634213 0.5074384 0.07331836 -0.19631423 -0.072239354 0.28492975 0.0059359064 -0.009314748 -0.44520754 0.3269216 -0.26482767 0.21890585 -0.18453114
41 -0.32514673 -0.44738206 -0.0656871 0.33006456 0.090913855 0.07574696 0.12130292 -0.0064138696 0.08294114 -0.17900532 0.029992951 0.096536934 0.0856314 -0.32102463 -0.12755021 0.18578961 -0.20822814 0.2420877 -0.06826148 0.25783497 0.56994677 0.17326118 -0.16568866 -0.08247363 0.27219352 -0.03919719 -0.048468187 -0.40035895 0.3514987 -0.16916877 0.25481367 -0.15620545
35 -0.32862926 -0.43041003 -0.07470119 0.40487728 0.09581398 0.022979429 0.03511625 0.024872739 0.09918572 -0.15767884 0.011246525 0.061280906 0.11668548 -0.39523685 -0.09626482 0.26198724 -0.15377502 0.27063516 -0.0945379 0.19577304 0.5007925 0.03015234 -0.1641898 -0.065130055 0.2924484 -0.03207359 0.018511383 -0.42264867 0.32145396 -0.26260954 0.20930034 -0.15316556
125 -0.13283147 -0.47158962 -0.008461598 0.18776636 -0.0949022 -0.11435991 0.21596302 0.20608932 0.18921237 -0.2857082 -0.21745038 0.23801184 0.111732125 -0.19449268 -0.04098106 -0.12086991 0.038810197 -0.12098029 -0.27354035 -0.008337614 0.55202943 -0.060783137 0.04234804 -0.22576602 0.23099579 0.18759237 0.12012741 -0.19919643 0.28037402 -0.09397612 0.12427539 -0.08751049
38 -0.1952544 -0.4927142 -0.0229355 0.18161939 -0.041513294 0.000108228734 0.27196983 0.086969584 0.1449077 -0.30863506 -0.09789865 0.23884372 0.13425708 -0.16106854 -0.08079264 -0.025732908 -0.09243503 -0.021069687 -0.21319062 0.13908207 0.60072654 0.15289512 -0.018797321 -0.15947159 0.20224233 0.094146766 0.037143126 -0.21401618 0.36992776 -0.044667944 0.15521309 -0.057056464
99 -0.16002901 -0.495271 0.005101777 0.1790438 -0.09565274 -0.0708909 0.1968042 0.21169834 0.22051607 -0.2771956 -0.18553217 0.20441903 0.16005492 -0.20368078 -0.081108786 -0.07626895 0.050491147 -0.11724695 -0.24767876 -0.034709264 0.5520667 -0.050758094 0.020144079 -0.19057444 0.21802533 0.18482746 0.13009498 -0.18429054 0.30809188 -0.11173016 0.1370335 -0.093892954
116 -0.19695804 -0.5122657 -0.001073921 0.2024104 -0.03683591 -0.04976542 0.2537627 0.13163006 0.17187262 -0.3219643 -0.14409074 0.25537905 0.15342918 -0.12931553 -0.09447973 -0.088177845 0.024649158 -0.07773969 -0.25701866 0.04702744 0.5819028 0.051309437 0.042847782 -0.17764692 0.22343901 0.1523838 0.08580426 -0.19278164 0.34617683 -0.048299216 0.10591362 -0.069842346
46 -0.20905663 -0.48899066 -0.0025550893 0.18606901 -0.0892942 -0.08009583 0.21975935 0.2070429 0.19513486 -0.30564663 -0.19197302 0.23811097 0.15079948 -0.14300391 -0.085534066 -0.15374939 0.043032523 -0.13708226 -0.2732962 -0.0034556831 0.5987172 9.281901e-05 0.038205996 -0.16200659 0.23476459 0.20907131 0.12087264 -0.17248961 0.32332972 -0.12653553 0.12696671 -0.09894602
25 -0.36574325 -0.4349887 -0.04365882 0.28864065 0.049033288 0.08296506 0.11714789 0.013425092 0.11406824 -0.18471134 0.046955243 0.095583126 0.15181142 -0.25724116 -0.15601617 0.12259417 -0.14361836 0.18181503 -0.091529846 0.20738931 0.56673354 0.15037008 -0.178076 -0.03469422 0.2281088 0.019781822 -0.011955581 -0.31579852 0.3670762 -0.19008474 0.24559271 -0.10673178
9 -0.30961144 -0.4751054 -0.06982299 0.32737696 0.037410323 0.028432818 0.09197763 0.03345779 0.13015188 -0.18595223 -0.031839494 0.09560147 0.103073694 -0.31895676 -0.1069687 0.17974088 -0.1203282 0.18004672 -0.11508894 0.1706756 0.5381015 0.05440318 -0.12147923 -0.06378062 0.27842563 0.019666787 -0.0011021923 -0.36339876 0.3364117 -0.19895917 0.20396215 -0.11878168
4 -0.3105837 -0.43523008 -0.07270689 0.37699893 0.0831822 0.0641123 0.07048729 0.012058193 0.08789715 -0.14384644 0.024863522 0.079065144 0.09763792 -0.35150746 -0.12248139 0.26211756 -0.18322195 0.24253573 -0.056432135 0.22835566 0.5697613 0.10429955 -0.16866605 -0.10064773 0.27804253 -0.019192543 -0.009150819 -0.45576856 0.32067856 -0.22169602 0.21279359 -0.15044378
12 -0.24009241 -0.5015173 0.04669836 0.23766994 -0.11239828 -0.11911065 0.09834227 0.19976306 0.2504628 -0.22660758 -0.15693282 0.12326471 0.16534196 -0.13868585 -0.0977768 -0.12508078 0.06499316 -0.043854475 -0.25310144 -0.0724866 0.5184954 -0.1139001 -0.04170049 -0.062097833 0.20588787 0.1827026 0.16069463 -0.14672372 0.28975865 -0.19885491 0.15208787 -0.08100348
123 -0.1726942 -0.5154791 -0.021945618 0.1980956 -0.072042964 -0.05325804 0.27030808 0.14693321 0.14428583 -0.29936635 -0.16523775 0.24389543 0.1247051 -0.15015435 -0.05974505 -0.08421017 -0.021496901 -0.123792514 -0.22030932 0.053958848 0.60423416 0.07286926 0.013960044 -0.18565011 0.21448682 0.16972798 0.06522432 -0.20017758 0.32763785 -0.072292194 0.15716563 -0.06237972
102 -0.35494882 -0.43390122 -0.0650166 0.3604334 0.11925532 0.10691836 0.088722594 -0.021374593 0.09417605 -0.15881428 0.0365667 0.08793829 0.1195747 -0.34024182 -0.16552243 0.24953453 -0.19461426 0.27126133 -0.04087146 0.22563033 0.5823563 0.13636717 -0.19251123 -0.073034726 0.26478836 -0.051367335 -0.05887904 -0.41634458 0.3626884 -0.22680248 0.2489045 -0.15566936
50 -0.37447104 -0.48781702 0.031081006 0.2751556 -0.045339946 -0.06318877 0.05541884 0.12498038 0.20645805 -0.20824403 -0.011311249 0.100289986 0.154885 -0.13268165 -0.1993497 -0.10534367 -0.018733056 0.0966238 -0.19702531 0.003286206 0.52772945 0.015962457 -0.10449317 0.031564653 0.20801418 0.14013281 0.078094736 -0.17653677 0.33280185 -0.24190348 0.18634334 -0.109558575
94 -0.36859804 -0.51578057 0.056653544 0.24544893 -0.07759143 -0.118303746 0.12396945 0.19951229 0.2885908 -0.3202088 -0.061951306 0.16370325 0.18730493 -0.025117682 -0.21343334 -0.2549935 0.040931668 -0.015285839 -0.236153 -0.0756739 0.5261458 -0.03688979 -0.05131254 0.010091822 0.1693215 0.1803201 0.118206985 -0.034741633 0.32353705 -0.21021116 0.12324249 -0.07374396
95 -0.21946444 -0.5095213 0.077303104 0.28498325 -0.07181373 -0.2573708 0.06486211 0.22847359 0.21627587 -0.20276828 -0.285259 0.04483389 0.15539841 -0.27146173 -0.0394071 -0.06293423 0.17342626 -0.039848715 -0.28024733 -0.12875848 0.39053825 -0.33162686 0.0013601452 -0.11043889 0.23613924 0.2157866 0.23444733 -0.24511988 0.25995687 -0.2890127 0.114974715 -0.16091359
127 -0.25046727 -0.45933473 0.0012589991 0.30445662 -0.017906891 -0.11968658 0.042916026 0.17392233 0.19748583 -0.15158623 -0.1704098 0.043275032 0.14356816 -0.3550527 -0.015255251 0.087079495 0.07247451 0.099502906 -0.21742783 -0.0054168906 0.41420642 -0.23739748 -0.09014642 -0.08581981 0.27160513 0.11389434 0.12334236 -0.31539536 0.2327575 -0.27504885 0.14788216 -0.18595737
80 -0.21920618 -0.4871057 0.028882543 0.31310457 -0.021520916 -0.20147857 0.03195844 0.19432576 0.16289395 -0.14954633 -0.22952625 0.0015120067 0.12929124 -0.3275474 -0.043494385 0.027928894 0.08211663 0.018388018 -0.21897376 -0.07737552 0.39775667 -0.26452425 -0.049399637 -0.09779002 0.2617496 0.14079209 0.19169745 -0.31402358 0.22885981 -0.3050979 0.13431484 -0.1705311
79 -0.33108494 -0.48356763 -0.06331459 0.3306682 0.08180383 0.07936619 0.13251494 0.03359032 0.08034253 -0.23078205 0.027944095 0.122138046 0.08441235 -0.30339703 -0.10218365 0.15330772 -0.14097601 0.20679994 -0.08469117 0.24183077 0.54120064 0.15143543 -0.118946016 -0.07750249 0.2565113 0.022750119 -0.049094502 -0.36269784 0.32227996 -0.1706438 0.20697987 -0.14497209
85 -0.3079152 -0.5250408 0.072375566 0.23333926 -0.051253404 -0.13614023 0.081884645 0.22735578 0.26950267 -0.26683342 -0.13208276 0.11797036 0.12641433 -0.16658871 -0.12222304 -0.13724867 0.07128745 0.016308997 -0.26083747 -0.08059761 0.48498178 -0.105238326 -0.037493035 -0.06521929 0.19172092 0.18264069 0.14964128 -0.13529238 0.2736115 -0.21305056 0.13846032 -0.12712681
32 -0.22139525 -0.46799988 -0.010792346 0.16552381 -0.055934988 -0.05997373 0.2209529 0.123043105 0.17075194 -0.29465288 -0.16478927 0.20617278 0.13011964 -0.21099408 -0.06920308 -0.088183105 0.030438455 -0.083901845 -0.23532769 0.026537975 0.56699926 -0.028922519 -0.017865224 -0.17474137 0.21863334 0.1454057 0.094225965 -0.23314333 0.30872637 -0.09584404 0.15065843 -0.075894
128 -0.18136811 -0.49215817 0.03794723 0.17226791 -0.092943855 -0.14467646 0.18371284 0.20967963 0.24358529 -0.28243056 -0.27216834 0.20004156 0.13258417 -0.17944832 -0.031741098 -0.18857168 0.13318288 -0.17353618 -0.28619152 -0.09488423 0.5241145 -0.16931576 0.017236367 -0.21337093 0.20525661 0.20388821 0.19850083 -0.1580245 0.27849644 -0.15389724 0.08089415 -0.0806438
