128 32
65 0.10359958 -0.18517001 -0.18192752 -0.077112585 -0.3669335 0.16222453 0.027541097 -0.18438087 0.09367139 -0.24485695 0.2609823 -0.22349444 -0.04649881 -0.07749014 -0.1722207 0.23743224 0.100974 -0.31706658 0.22980237 -0.50237405 -0.17402071 0.1169586 0.21828507 0.13888705 -0.44068742 -0.20505343 -0.043612342 0.14921726 -0.19180642 0.22295374 0.33003047 -0.08850089
113 0.021750936 -0.21887618 -0.26811677 -0.14040753 -0.29018825 0.055803567 0.10385648 -0.055470947 -0.07835414 0.05870258 0.2181895 -0.19291013 -0.2489403 0.04064172 -0.12870196 0.019384116 0.2889176 -0.25436747 0.34233263 -0.57045925 -0.14153607 0.18192913 0.14139332 -0.10501294 -0.11369237 -0.24276792 0.11388117 -0.00792997 -0.18150358 0.060376823 0.3015877 0.1380945
81 0.09399488 -0.25256664 -0.112215616 -0.0704929 -0.29613963 0.13242415 0.01639502 -0.16749616 0.09575259 -0.20184478 0.22077167 -0.20228061 -0.14172164 0.06913686 -0.14481643 0.19110353 0.15351725 -0.27968037 0.2850262 -0.48145047 -0.09497371 0.124107234 0.25677976 0.046695396 -0.3626756 -0.17022912 -0.01144544 0.005769656 -0.1579641 0.27940091 0.3244599 -0.056964774
119 0.026832579 -0.16990122 -0.25909376 -0.13740698 -0.3572065 0.1525518 0.09643184 -0.095422894 -0.022982344 -0.09426759 0.23502238 -0.16358131 -0.1602846 -0.06122385 -0.14266862 0.049243756 0.23125269 -0.29236698 0.31391948 -0.5564758 -0.18212147 0.10260975 0.107420914 -0.0042722155 -0.2119387 -0.25325677 0.09140945 0.07492878 -0.18618822 0.040764555 0.31770495 0.07346656
79 0.12830494 -0.18415616 -0.07839965 -0.059385937 -0.33308396 0.14975788 0.022381013 -0.19671363 0.14050695 -0.21351406 0.30839756 -0.19788997 -0.13533801 0.03894539 -0.16462284 0.22638641 0.13173258 -0.24308407 0.23380902 -0.47620946 -0.15346912 0.12270372 0.2629422 0.092433065 -0.463332 -0.19431728 -0.099878475 0.014353069 -0.19862022 0.31431648 0.30093688 -0.048118453
128 0.06812233 -0.15979867 -0.3678123 -0.18273182 -0.339394 0.124596976 0.20824581 -0.093880594 -0.047272176 -0.06278638 0.21538475 -0.15978952 -0.1423725 -0.16334422 -0.15575057 0.0030741636 0.2109364 -0.36925724 0.31532755 -0.57886434 -0.14686811 0.035483867 0.09746008 -0.034810834 -0.23246096 -0.3348462 0.16765924 0.12789881 -0.1853366 -0.0890538 0.30251086 0.043755613
21 0.12636581 -0.29364324 -0.11023415 -0.034872714 -0.33962008 0.08003498 -0.049852166 -0.1748619 -0.09958521 0.0026893166 0.22717594 -0.2116773 -0.23279238 0.1830255 -0.04018745 0.19871828 0.24004629 -0.17813882 0.38463703 -0.43931118 -0.14965902 0.15111493 0.18815754 -0.13168997 -0.13145837 -0.17625692 -0.0024482377 -0.12141581 -0.16995238 0.25296488 0.4358537 0.050795373
127 0.07782193 -0.14572243 -0.34821254 -0.13939176 -0.34169385 0.11152127 0.19437379 -0.089827985 -0.09771714 0.052047927 0.24806558 -0.08769789 -0.10809169 -0.1515631 -0.1263711 -0.0382553 0.2853651 -0.34431136 0.33738643 -0.5609951 -0.17067286 0.11794425 0.11775629 -0.10259953 -0.14948256 -0.3305205 0.19623211 0.14394307 -0.21223761 -0.10020785 0.32551718 0.107285395
5 0.16923253 -0.32437214 -0.09699265 -0.026095597 -0.31973055 0.045613136 0.031258766 -0.189678 -0.13639586 0.045988437 0.27583674 -0.16714326 -0.27364013 0.2476617 -0.014938691 0.17743419 0.31985328 -0.10705008 0.46491635 -0.38883623 -0.10746553 0.104139656 0.18131661 -0.18574338 -0.018504215 -0.1862389 0.034841828 -0.1891691 -0.17423674 0.28018 0.43630862 0.072423615
1 0.16059372 -0.29073995 -0.10911332 -0.07085648 -0.31570345 0.11224849 0.020018054 -0.22201706 -0.110473126 0.05097266 0.2895811 -0.19198394 -0.27718458 0.25385085 -0.036439802 0.1420049 0.27890232 -0.14236459 0.4247552 -0.3701201 -0.13523528 0.10352874 0.17919043 -0.15119787 -0.077426866 -0.15800467 0.031358436 -0.17673624 -0.16498092 0.32916197 0.42825288 0.11353494
70 0.10365499 -0.26946914 -0.093772106 -0.08073981 -0.35587773 0.09567602 -0.0071411603 -0.11659013 0.07821556 -0.20587406 0.25634372 -0.19908354 -0.07434229 -0.008269734 -0.14171396 0.18877426 0.18609579 -0.29210207 0.34305942 -0.53009164 -0.13044493 0.21047688 0.22892052 0.052940924 -0.3315018 -0.18183482 0.0046119336 0.09346613 -0.19380327 0.12704676 0.36290517 -0.068936214
101 -0.025673596 -0.28927767 -0.26191038 -0.14836407 -0.34984416 0.09729816 0.16988534 -0.0003410813 -0.004015321 -0.027725592 0.24871382 -0.22271654 -0.30247074 0.030344943 -0.15853636 0.007632366 0.25078216 -0.24517371 0.31341743 -0.5444776 -0.09246098 0.088254035 0.15262067 -0.029916177 -0.099228345 -0.2918586 0.12343116 -0.08075765 -0.16806294 0.10684443 0.18960027 0.15273172
3 0.14026284 -0.26544896 -0.16779058 -0.12092108 -0.29205215 0.054439943 0.014614331 -0.13979873 -0.062492505 -0.023869228 0.2510901 -0.19881137 -0.22360753 0.11612527 -0.08770257 0.15436007 0.28971413 -0.20012526 0.36317205 -0.48573112 -0.16495396 0.14618585 0.15094921 -0.08171514 -0.092760816 -0.22385807 0.09994415 -0.021634422 -0.14513975 0.20672992 0.37639675 0.09038174
122 0.12124403 -0.1743254 -0.3436524 -0.1921581 -0.27785164 0.084535174 0.1459467 -0.07723094 -0.11332219 0.053559158 0.21972919 -0.13950488 -0.16461886 -0.0656452 -0.0929165 -0.01713604 0.31378517 -0.3061276 0.3621329 -0.5764634 -0.1830136 0.16371173 0.122962214 -0.11196137 -0.124383844 -0.32220837 0.17139718 0.090992056 -0.17287375 -0.050075117 0.3473487 0.13700967
61 0.041318294 -0.23243637 -0.09578977 -0.14732103 -0.2851592 0.14618683 0.14567065 -0.23815593 0.17848162 -0.110394664 0.3100169 -0.22060907 -0.2827122 0.14666636 -0.12555407 0.118619576 0.1704863 -0.23973243 0.22799517 -0.44020456 -0.124635786 0.019610714 0.25003633 0.06515653 -0.26660734 -0.14715417 -0.017138066 -0.11731222 -0.16982035 0.46603203 0.2428484 0.106635384
116 0.08157947 -0.1565029 -0.2688154 -0.10201669 -0.35972196 0.14709756 0.14858176 -0.08954234 -0.04411578 -0.006881492 0.23049815 -0.15218809 -0.15588632 -0.10162281 -0.12242662 0.025086002 0.21280015 -0.31822917 0.33128816 -0.53467643 -0.1660346 0.11442542 0.15088862 -0.03697876 -0.2002969 -0.2901894 0.14789997 0.022396708 -0.23500459 0.03252528 0.3439359 0.05793411
68 0.1685923 -0.2271377 -0.053909007 -0.04539556 -0.32606345 0.13720149 -0.0070656794 -0.2780197 0.097601525 -0.16350053 0.31128734 -0.18844657 -0.09301056 0.14453262 -0.107985705 0.2726448 0.19029203 -0.21932752 0.3099505 -0.43624645 -0.15267986 0.091046855 0.20284855 0.033749405 -0.38291454 -0.15187034 -0.07751581 -0.009357521 -0.19278093 0.34971315 0.39357412 -0.06581347
42 0.005178373 -0.21695106 -0.11356571 -0.15152805 -0.2786615 0.10643092 0.15199143 -0.1585129 0.24770083 -0.13917132 0.29347673 -0.21456933 -0.29201397 0.12392257 -0.14380226 0.15174556 0.115464166 -0.27249876 0.18785095 -0.4821711 -0.09581812 0.074347876 0.26139912 0.08209969 -0.27578413 -0.14456105 0.030497521 -0.10746206 -0.10087042 0.50471544 0.19314851 0.14678462
36 -0.0559438 -0.33236483 -0.18567935 -0.16378614 -0.2712729 0.09276292 0.15203553 -0.024222672 0.17807719 -0.17171349 0.2166586 -0.2757943 -0.34467658 0.11621021 -0.2027949 0.10074238 0.14719774 -0.27143195 0.23884317 -0.49469498 -0.008050015 0.019769957 0.19084698 0.07204595 -0.22657076 -0.21953416 0.07097559 -0.11964747 -0.08674559 0.3727334 0.17600405 0.102703184
23 0.07114659 -0.287234 -0.20300424 -0.095360406 -0.32960963 0.09104529 0.11411006 -0.1086676 -0.06750687 0.0858608 0.21862832 -0.14859203 -0.2708321 0.13887341 -0.0798203 0.03736477 0.27865562 -0.19750972 0.40461388 -0.45877057 -0.09193687 0.12289547 0.19117479 -0.15352234 -0.086364776 -0.24884012 0.10759089 -0.14367262 -0.2119004 0.19489716 0.31609005 0.1493009
105 0.12096539 -0.17208706 -0.4031387 -0.14652887 -0.33569983 0.11406279 0.17882796 -0.06899728 -0.14571115 0.024053687 0.19046773 -0.16503762 -0.11633486 -0.12913302 -0.14256553 -0.030678645 0.257685 -0.3381094 0.3828503 -0.5698277 -0.18095839 0.09528245 0.114881575 -0.08412581 -0.17420283 -0.35234872 0.1931065 0.116788894 -0.19127353 -0.12350772 0.3219702 0.05016359
55 -0.01116932 -0.28206646 -0.24573252 -0.15558065 -0.31036276 0.10926434 0.14306992 -0.00965136 0.05399618 -0.0003996091 0.22376898 -0.20339228 -0.3170423 0.06763091 -0.12171838 0.04002991 0.23198536 -0.26012126 0.24922211 -0.5609035 -0.11238561 0.08549664 0.18995963 -0.028752226 -0.15199573 -0.24975057 0.08987117 -0.0954797 -0.14546914 0.26523343 0.1926338 0.17716677
51 -0.04808081 -0.25319934 -0.19059621 -0.121200494 -0.33502123 0.08747204 0.12653422 0.003675934 0.07217019 -0.014244789 0.19373423 -0.20642087 -0.32058957 0.068359755 -0.15898791 0.05295026 0.2455676 -0.23331763 0.2713625 -0.57371163 -0.07313429 0.15534703 0.21895958 -0.019258767 -0.17163146 -0.22523439 0.105347715 -0.06506851 -0.13541245 0.25059414 0.18070246 0.15543123
53 -0.06884472 -0.2535192 -0.25040495 -0.17621213 -0.3188008 0.16310811 0.27640948 -0.028220346 0.16320167 -0.05793079 0.2503711 -0.2452366 -0.3859035 0.07181829 -0.18969397 -0.023707837 0.19847225 -0.27194077 0.2041176 -0.5039288 -0.037274532 -0.038150214 0.18424726 0.045386646 -0.16989078 -0.30063006 0.09898003 -0.18998104 -0.11728968 0.2880552 0.07924427 0.21794324
20 0.13831855 -0.3150933 -0.16002358 -0.1072715 -0.32244465 0.07112377 0.08164218 -0.12710586 -0.11458162 0.04340279 0.2580616 -0.17661268 -0.27237734 0.17089473 -0.053179197 0.108206674 0.3134909 -0.15618646 0.4172827 -0.4394752 -0.106990725 0.053579077 0.17381893 -0.1514133 -0.041867733 -0.2082789 0.07270827 -0.1490556 -0.1869407 0.18854974 0.3780352 0.11046417
108 -0.034506306 -0.22943433 -0.27368188 -0.16236693 -0.3294815 0.14669238 0.15344901 0.018906849 0.030756904 -0.044610444 0.20601305 -0.17628282 -0.259393 -0.062436137 -0.15355468 0.0054451427 0.19160101 -0.3104127 0.30786657 -0.5397699 -0.117598444 0.09525802 0.15530473 0.015177507 -0.18935253 -0.2676164 0.117783226 -0.044140894 -0.18925975 0.13737966 0.21824089 0.1367204
96 0.11559793 -0.22672446 -0.12515646 -0.04580678 -0.35238212 0.18543775 0.026538365 -0.16494246 0.035466973 -0.20525111 0.22642103 -0.17748414 -0.099778086 0.038045056 -0.1343239 0.18808153 0.16973183 -0.264239 0.31871817 -0.49448863 -0.15371732 0.15813594 0.21567127 0.08397365 -0.3362723 -0.19929418 -0.053162407 0.03930828 -0.21700078 0.18322101 0.3587645 -0.08849922
45 0.057695765 -0.26457536 -0.12562887 -0.16647412 -0.25535995 0.0663357 0.09914345 -0.16964312 0.051074084 -0.053884774 0.24147075 -0.22726946 -0.33919808 0.16015622 -0.108409874 0.13603902 0.23664574 -0.21864337 0.30719334 -0.4752606 -0.09941123 0.07307561 0.2083913 -0.020502634 -0.18450248 -0.17431355 0.041125864 -0.13862762 -0.13144255 0.3712396 0.2529699 0.13584827
125 0.12877482 -0.23587637 -0.25834447 -0.11602117 -0.3619891 0.10768869 0.16495425 -0.07841146 -0.12845302 0.00091924303 0.23492914 -0.10862264 -0.16099139 -0.03247392 -0.14702527 -0.015078989 0.28265163 -0.28203085 0.45116407 -0.52515715 -0.10705884 0.0851469 0.16643849 -0.08444172 -0.10580173 -0.3415684 0.09780649 -0.02607606 -0.2329276 -0.07350203 0.3416808 0.07953905
16 0.12242953 -0.29303497 -0.16331042 -0.08436071 -0.37594363 0.11468288 0.08620691 -0.12172227 -0.08528051 0.15002775 0.2728708 -0.15806735 -0.25985536 0.19215827 -0.034812257 0.033738486 0.35007557 -0.12416144 0.4320843 -0.42840886 -0.11445822 0.11500562 0.16908816 -0.16319981 -0.006240638 -0.24612066 0.11696985 -0.20827988 -0.22652139 0.15943916 0.35215846 0.18097302
80 0.14589459 -0.21197839 -0.06559554 -0.11326947 -0.2753879 0.16153325 0.032248802 -0.28227532 0.1570606 -0.18830012 0.30345067 -0.22016917 -0.100258976 0.089209296 -0.13361196 0.25691885 0.11593783 -0.28512976 0.24634887 -0.46132964 -0.15978584 0.124482356 0.22542615 0.11852097 -0.459494 -0.15716808 -0.058240116 0.024097696 -0.18756329 0.40179604 0.31594566 -0.0720213
18 0.16655585 -0.2938841 -0.09576898 -0.021353416 -0.33451858 0.10328754 0.0243045 -0.21126871 -0.08657359 0.035579547 0.27840346 -0.14924483 -0.25663385 0.23530968 -0.059050456 0.15495017 0.31448996 -0.14682099 0.42772177 -0.39604548 -0.11442328 0.071279496 0.22098054 -0.12702283 -0.07814823 -0.16614866 -0.015734527 -0.21052648 -0.18776822 0.2687004 0.37531456 0.07493774
48 -0.09535226 -0.3421901 -0.19587341 -0.1776529 -0.29693645 0.11526455 0.21298088 0.010649997 0.14911786 -0.08129339 0.2574251 -0.2568509 -0.44851285 0.14602712 -0.1658408 0.016304776 0.1846265 -0.24240416 0.2553428 -0.50947654 0.012082456 0.010016888 0.19827038 0.025366917 -0.14739528 -0.27328116 0.061067987 -0.23152807 -0.13775113 0.36301216 0.07243292 0.21683583
90 0.19688804 -0.11432038 -0.115618154 -0.09204025 -0.29381397 0.1417219 0.018183734 -0.33294532 0.06741695 -0.13318145 0.30676317 -0.16451873 -0.03294113 0.014431439 -0.12127348 0.20287257 0.13890603 -0.31018326 0.27159497 -0.47797492 -0.24715997 0.16293901 0.19606008 0.06933616 -0.4471692 -0.11543175 -0.045216277 0.13591886 -0.21054253 0.2248027 0.40461004 -0.07543095
100 0.0142401485 -0.1797508 -0.22549734 -0.14636345 -0.29404658 0.091615744 0.13013478 -0.07592737 0.0028884877 -0.05539603 0.20503666 -0.1839909 -0.23954383 -0.004875953 -0.113457695 0.05865074 0.2182653 -0.30587196 0.29231 -0.60251987 -0.13427292 0.17549272 0.20200998 -0.029948244 -0.21966211 -0.23581278 0.095024556 0.08542304 -0.15303633 0.10362357 0.2667041 0.0837842
17 0.15013608 -0.23954962 -0.21380994 -0.12927294 -0.26292264 0.10485815 0.060126785 -0.1644663 -0.088962875 0.046527695 0.25305253 -0.17160136 -0.22291306 0.12703346 -0.07807044 0.081443064 0.3089664 -0.22502111 0.3780677 -0.44744208 -0.15550622 0.12586328 0.14219262 -0.12288316 -0.12225993 -0.2533017 0.082801506 -0.08985734 -0.1703481 0.1600473 0.3804841 0.108420886
115 0.07116897 -0.2293473 -0.25365087 -0.14000204 -0.3288455 0.11831568 0.11899956 -0.03220949 0.007697198 -0.08555118 0.24124731 -0.15694292 -0.13457055 -0.020272018 -0.11939123 0.10311899 0.23670867 -0.32630464 0.3153261 -0.5884752 -0.10636482 0.14604099 0.1667187 -0.04151305 -0.16947952 -0.2481568 0.068771616 0.08463887 -0.1498471 0.018184105 0.30825344 0.043134023
78 0.23712307 -0.19194523 -0.12049895 -0.02271393 -0.36068526 0.13538636 0.007910669 -0.27984992 0.03320479 -0.21283183 0.2944267 -0.20087066 -0.014120944 -0.04059462 -0.16063441 0.26379284 0.16924381 -0.3013242 0.2982543 -0.45105287 -0.19869892 0.19186878 0.24230151 0.107648835 -0.46005598 -0.20181774 -0.07993123 0.14534938 -0.21872643 0.20779301 0.367952 -0.13401663
99 -0.0008170309 -0.20571639 -0.2809644 -0.15899155 -0.3441156 0.12667441 0.16120622 -0.01161321 -0.005471622 -0.07885766 0.21620984 -0.18076043 -0.18098982 -0.08485552 -0.15923777 0.023100344 0.20688838 -0.33478296 0.28111288 -0.5728726 -0.14678352 0.12915656 0.16900751 -0.014667976 -0.2226657 -0.26451844 0.13056664 0.081575714 -0.19322105 0.057791784 0.27917236 0.08992956
71 0.12519114 -0.20949052 -0.14472604 -0.057131376 -0.34465542 0.1558243 -0.01774138 -0.15300511 0.02589677 -0.22327606 0.24470201 -0.18329366 -0.01730277 -0.023193168 -0.15658557 0.2287083 0.16364905 -0.27518812 0.34642664 -0.48133966 -0.19007468 0.13954437 0.23499767 0.050267264 -0.39216998 -0.20171499 -0.02821785 0.12398064 -0.22990195 0.16739954 0.38733914 -0.12881722
47 0.02609457 -0.22224392 -0.20787393 -0.117369145 -0.30027026 0.15024918 0.09831827 -0.1337354 0.042477172 -0.0279024 0.20295593 -0.17792293 -0.23762809 0.050046474 -0.14410059 0.07797982 0.15607226 -0.27234703 0.27346608 -0.5575361 -0.12508456 0.124792404 0.19805875 0.0012903018 -0.24618894 -0.19978213 0.067439884 -0.030781584 -0.17794399 0.23921183 0.26154613 0.051295217
33 -0.07556017 -0.23864388 -0.22051221 -0.19114155 -0.28803343 0.10105757 0.18229185 -0.011316641 0.11477625 -0.01649538 0.23537599 -0.25027058 -0.3939943 0.05610194 -0.1415211 0.032798912 0.20930503 -0.2421259 0.2396518 -0.5370897 -0.063288495 0.038175244 0.19794361 0.009577685 -0.18269567 -0.24576685 0.08990326 -0.13969092 -0.14083906 0.30830535 0.12468616 0.2312996
62 -0.051025998 -0.28763554 -0.17820889 -0.17057152 -0.2743872 0.07827224 0.17802878 -0.08888733 0.20263943 -0.08747997 0.23929654 -0.21814185 -0.39655083 0.1521824 -0.16240731 0.06637719 0.13003248 -0.22704083 0.19936901 -0.5200832 -0.01860099 0.031126628 0.26583079 0.042812813 -0.2081878 -0.1798507 0.08376864 -0.14167856 -0.09448951 0.4806424 0.14065559 0.20496768
64 0.0062472755 -0.28610957 -0.24317528 -0.12968202 -0.28127724 0.10775735 0.1428817 -0.033014685 0.04999885 0.016578125 0.19202465 -0.19793102 -0.3215645 0.114484124 -0.10771385 0.06603685 0.22885342 -0.25400847 0.29363066 -0.5404694 -0.046630304 0.08071291 0.15678559 -0.023884775 -0.16513173 -0.24954751 0.07805732 -0.09803892 -0.15475146 0.2622301 0.21122923 0.14662787
118 -0.045838896 -0.26949167 -0.31873733 -0.14799732 -0.332507 0.11769696 0.16335313 0.021331716 0.01703182 -0.01935019 0.234603 -0.20559147 -0.25902823 -0.03311741 -0.14838836 0.012235158 0.17884909 -0.29390824 0.27424493 -0.56107223 -0.121425316 0.07202586 0.12859896 -0.040231332 -0.21127105 -0.30572307 0.12764426 -0.027569663 -0.15564953 0.069306284 0.24350625 0.15182535
112 -0.04643695 -0.21142152 -0.33007863 -0.15952213 -0.3426163 0.12354623 0.1860368 -0.025595676 -0.037898302 -0.01605318 0.20058507 -0.1777063 -0.24623184 -0.06914048 -0.13725421 0.00049564335 0.23448317 -0.29331696 0.3123659 -0.54748785 -0.10506462 0.10092782 0.1268716 -0.06889251 -0.14021692 -0.29807952 0.1778242 0.0074915625 -0.18405256 0.040884692 0.2515308 0.12465325
89 0.050846808 -0.25816175 -0.116600625 -0.06436288 -0.3633739 0.14154091 0.022231087 -0.10722129 0.08595227 -0.20570509 0.2606303 -0.21383548 -0.1800681 0.054463852 -0.123079896 0.20504087 0.15933664 -0.26108003 0.27019677 -0.48281813 -0.13665321 0.1604252 0.24426061 0.097134724 -0.3094443 -0.17864288 -0.045204137 -0.0017297887 -0.17967051 0.3228539 0.29596394 -0.008368031
58 -0.03904686 -0.22281921 -0.17325069 -0.0998626 -0.34402403 0.13404518 0.13933662 -0.09837816 0.12934339 -0.12849596 0.27370617 -0.22449848 -0.26807672 0.07060556 -0.1452061 0.1155197 0.1638342 -0.25334466 0.22792417 -0.5201735 -0.07492619 0.06479438 0.19519715 0.064984135 -0.24095207 -0.1945577 0.04868877 -0.07316949 -0.14741175 0.29651716 0.23448807 0.095726654
85 0.20686573 -0.18451412 -0.019396214 -0.07784648 -0.30238757 0.14057627 -0.05410545 -0.3577148 0.08199467 -0.13326359 0.29281238 -0.16495854 -0.05761739 0.12765786 -0.06319344 0.2772728 0.17564833 -0.25969598 0.30911255 -0.4349279 -0.21740516 0.18230118 0.2376804 0.0049310545 -0.39472464 -0.080277115 -0.045181908 0.020256408 -0.19924816 0.41751805 0.4211851 -0.046184953
82 0.08751794 -0.23097737 -0.1102113 -0.03236825 -0.3774009 0.17354344 -0.064139575 -0.08667471 0.11080112 -0.32033402 0.25999263 -0.23328117 -0.08074571 0.006658463 -0.17668271 0.2538741 0.11476819 -0.27522695 0.25918996 -0.520021 -0.16816774 0.21301197 0.23958479 0.15602392 -0.40594137 -0.18695118 -0.09282552 0.08987211 -0.17916115 0.21736477 0.32961762 -0.11402056
95 0.05643598 -0.13920447 -0.13984498 -0.0605661 -0.39645997 0.18369228 0.009325924 -0.08572062 0.06173525 -0.2791945 0.20593143 -0.19767281 -0.03320761 -0.07941564 -0.17684782 0.20078634 0.14206101 -0.3121422 0.28185079 -0.56706893 -0.18028407 0.1859804 0.2316478 0.14705962 -0.41102174 -0.18186086 -0.045119084 0.16249202 -0.223371 0.112205885 0.3276063 -0.083293445
75 0.18068169 -0.20039706 -0.04158134 -0.092007786 -0.25913516 0.1161597 0.00011355501 -0.30714062 0.11092215 -0.116603486 0.29477486 -0.215979 -0.15206628 0.16093417 -0.13398424 0.23696922 0.13137357 -0.24872534 0.28988057 -0.41452298 -0.17299089 0.15005803 0.26160315 0.030023118 -0.40641496 -0.13024141 -0.056937966 -0.021553207 -0.20150062 0.48653105 0.3634121 0.00069594954
98 0.086506285 -0.19407926 -0.27193388 -0.16497834 -0.29780188 0.10230714 0.13454527 -0.12813506 0.027497277 -0.082780145 0.25719517 -0.1945359 -0.2137422 -0.02340089 -0.12316045 0.098986305 0.21722367 -0.3103208 0.25645924 -0.5363603 -0.14967684 0.108800314 0.17534499 -0.019726226 -0.1959943 -0.24629758 0.10561888 0.07777844 -0.13650888 0.14497091 0.29127476 0.0760476
76 0.22387095 -0.22156164 -0.057128325 -0.0144694345 -0.34769845 0.15458705 -0.014785743 -0.31371385 -0.015223341 -0.112339534 0.30984876 -0.16191775 -0.01371614 0.08053511 -0.05616637 0.2530175 0.22317034 -0.24949713 0.3661317 -0.42388228 -0.19557573 0.14373332 0.23153168 -0.026320815 -0.3096297 -0.117586166 -0.07984642 0.0045833024 -0.22165203 0.22803561 0.46522415 -0.07716881
120 0.14264058 -0.156907 -0.27553368 -0.12952818 -0.34234795 0.1377554 0.10122803 -0.08148781 -0.09293186 -0.094319254 0.23734277 -0.1358261 -0.02881904 -0.15214881 -0.1330135 0.082981296 0.27904898 -0.35468227 0.36088425 -0.5735698 -0.18493825 0.12904307 0.09683017 -0.051468167 -0.22512066 -0.2752996 0.12240718 0.21612188 -0.2315971 -0.13456002 0.40454075 -0.05651223
92 0.06703243 -0.2905733 -0.06576682 -0.09860596 -0.30253512 0.14064124 0.06710532 -0.14601336 0.20688306 -0.23625836 0.31031486 -0.24681209 -0.21470957 0.12397057 -0.13956212 0.21396196 0.12210022 -0.23452263 0.21049519 -0.47239524 -0.09165159 0.09114763 0.23558454 0.14569058 -0.38595408 -0.14889798 -0.06072336 -0.042301416 -0.154227 0.39491877 0.24702549 -0.024750292
7 0.09231372 -0.3496021 -0.12789588 -0.08470755 -0.34145302 0.11827887 0.10695611 -0.12871295 -0.0048252963 -0.05451164 0.29744136 -0.20835744 -0.29110074 0.20277 -0.09255472 0.106849894 0.30680054 -0.15449978 0.374186 -0.41847765 -0.039786924 0.009346209 0.20291868 -0.0943676 -0.10359629 -0.20030119 0.022377683 -0.18210612 -0.1598067 0.2499876 0.27241367 0.08676457
91 0.15051167 -0.24260187 -0.08658214 -0.09488559 -0.29078406 0.11612813 0.0037015239 -0.26439497 0.06721834 -0.23271392 0.2825153 -0.19361183 -0.05605374 0.01007994 -0.11763674 0.2221298 0.12731016 -0.28990674 0.3495373 -0.4634163 -0.17965342 0.14916047 0.2098685 0.072693296 -0.40088487 -0.11732112 -0.034391474 0.08424845 -0.1940401 0.24386874 0.37214112 -0.117259026
88 0.07424733 -0.18795766 -0.065877944 -0.103734165 -0.35641894 0.10736171 0.032819286 -0.1567548 0.117922164 -0.18994789 0.2738586 -0.18464598 -0.15570785 0.008799796 -0.16947743 0.1817026 0.12903473 -0.25673285 0.2800141 -0.5524128 -0.17203614 0.2001132 0.25974932 0.09791434 -0.39447483 -0.15254045 -0.053688504 0.055052698 -0.20111291 0.24960378 0.24708265 0.017300196
35 0.0040684696 -0.28463963 -0.27295905 -0.15735266 -0.3278247 0.11603223 0.16923103 -0.040651508 0.018872308 -0.016603544 0.25229532 -0.18964748 -0.29930025 0.0508984 -0.1297144 0.028612869 0.26007068 -0.25118262 0.29401854 -0.5305343 -0.092310995 0.022843422 0.16990712 -0.050927386 -0.08169468 -0.285405 0.13626726 -0.118133746 -0.14599776 0.18437357 0.22194879 0.1920055
50 -0.036993586 -0.24988726 -0.2610813 -0.16486622 -0.2848762 0.118579276 0.1579903 -0.04406587 0.044653814 -0.02004696 0.21939546 -0.17070363 -0.27454045 0.059724353 -0.12632184 0.0058060368 0.2223205 -0.27053836 0.30493972 -0.5403531 -0.087146364 0.11160023 0.13629845 -0.035215043 -0.10885746 -0.26925883 0.09740957 -0.12913245 -0.14256927 0.23206584 0.2529991 0.20435512
10 0.19180515 -0.30751467 -0.13253693 -0.07160186 -0.34283653 0.123527855 0.057328362 -0.17969704 -0.09453546 0.033380885 0.30910757 -0.16227868 -0.18823728 0.19328469 -0.041159373 0.129544 0.30991325 -0.1426105 0.43895438 -0.40096343 -0.12895295 0.05084832 0.19717938 -0.15333551 -0.113312 -0.246835 -0.011769379 -0.1868325 -0.21840292 0.17089976 0.37976894 0.091891125
117 0.069450706 -0.18492435 -0.34098756 -0.15530649 -0.31436545 0.10670969 0.17605208 -0.056929324 -0.14049758 0.07765076 0.22373843 -0.12255915 -0.24417788 -0.045878477 -0.08504273 -0.025506556 0.31415382 -0.29362926 0.34004602 -0.6034029 -0.1492288 0.18709348 0.13512106 -0.15254952 -0.09386455 -0.3061168 0.17292377 0.06696779 -0.17500973 -0.054966923 0.3333247 0.120889366
102 0.071915135 -0.15432717 -0.3142225 -0.14846006 -0.30646807 0.14592083 0.20413998 -0.06753648 -0.051003315 0.053255312 0.23539147 -0.115441546 -0.194795 -0.06925207 -0.10373335 -0.038214874 0.28365308 -0.34002525 0.35887825 -0.5740958 -0.16960652 0.12520078 0.121523745 -0.08461433 -0.15975799 -0.29416928 0.14583258 0.026525805 -0.2119686 -0.013136503 0.32816228 0.107674174
32 0.19318582 -0.23109137 -0.19996531 -0.12666 -0.31787807 0.064499624 0.09417277 -0.16990624 -0.0884251 0.11571692 0.27898014 -0.12143996 -0.21241848 0.12310384 -0.047269378 0.057437822 0.31580597 -0.19541717 0.43467352 -0.4551778 -0.18893729 0.13515021 0.17547776 -0.17724653 -0.059625916 -0.22615698 0.06851952 -0.09720783 -0.20862316 0.15717766 0.35305288 0.14014357
86 0.09672035 -0.29988888 -0.10997566 -0.13112015 -0.2419337 0.094046496 0.032214403 -0.16602056 0.10176386 -0.15033768 0.2632015 -0.2031475 -0.23378716 0.11163873 -0.09192894 0.1788686 0.17411342 -0.22978628 0.29432788 -0.507918 -0.07000642 0.14349297 0.21198294 -0.0039906413 -0.23957913 -0.18170471 0.004165145 -0.019957686 -0.16581403 0.28277698 0.32102695 0.0039288728
6 0.14881617 -0.27746013 -0.15602355 -0.032376036 -0.35893834 0.13231936 0.021188533 -0.15472901 -0.09366957 -0.0501238 0.26298124 -0.16556422 -0.12640423 0.09218141 -0.0713544 0.13113332 0.26137555 -0.17607184 0.40511426 -0.42592838 -0.14848962 0.08860197 0.19382894 -0.09711306 -0.15159093 -0.23250416 -0.045234483 -0.09128173 -0.20179757 0.17822729 0.4089694 0.04861841
12 0.10298634 -0.34542212 -0.11186538 -0.06862973 -0.3332569 0.10363672 0.12357986 -0.13707265 -0.044463158 -0.020009164 0.29302153 -0.17229456 -0.2768751 0.18328096 -0.071511485 0.08492348 0.27938554 -0.15506648 0.3768511 -0.4539714 -0.05259372 0.09201372 0.18492086 -0.07213812 -0.029417211 -0.21896909 0.057339337 -0.18914688 -0.17721015 0.23468813 0.3067402 0.13901216
8 0.10281593 -0.27117187 -0.12302033 -0.07058637 -0.34491083 0.06362844 0.10310182 -0.13268383 -0.042650383 0.033088636 0.28964132 -0.1716434 -0.3159902 0.17574589 -0.06385424 0.07254041 0.31875554 -0.14801642 0.3689163 -0.46599495 -0.109352425 0.16025543 0.21292135 -0.10959238 -0.042219657 -0.21846704 0.07111035 -0.17326932 -0.17566769 0.26330528 0.30037272 0.1727808
22 0.10115062 -0.30674422 -0.20650712 -0.116905764 -0.293765 0.068518825 0.11038946 -0.124744184 -0.15123692 0.12948903 0.27246612 -0.1646747 -0.36251903 0.23149246 -0.04155099 0.008945549 0.3662845 -0.14053957 0.47914505 -0.4319746 -0.12229518 0.08212598 0.12609507 -0.20937735 0.08947413 -0.2808253 0.096079566 -0.23721811 -0.16404745 0.1632401 0.3525687 0.20397213
60 -0.0058767605 -0.25187752 -0.2617172 -0.18543403 -0.27745834 0.08207111 0.1789168 -0.034457188 0.04896764 -0.007246272 0.24940653 -0.26295486 -0.36766118 0.06606731 -0.17794494 0.004862277 0.22148712 -0.25565886 0.26732427 -0.5382807 -0.0984093 0.025234312 0.16992053 -0.0075119585 -0.16349596 -0.2411154 0.14606777 -0.12143683 -0.11301743 0.22943291 0.1878579 0.19057834
74 0.13573158 -0.17804848 -0.11674947 -0.1315066 -0.2657782 0.113612756 0.042768616 -0.2223197 0.14451845 -0.15727305 0.31762975 -0.23971452 -0.15971868 0.037007455 -0.13007803 0.21742319 0.12654477 -0.25930044 0.22542726 -0.48472965 -0.18238734 0.110212035 0.23605533 0.07007761 -0.44243997 -0.14958353 -0.04979596 0.05400019 -0.1675433 0.35776442 0.28790092 -0.012701279
94 0.20072536 -0.20539428 -0.03541091 -0.070836276 -0.31046468 0.13873059 -0.013767451 -0.3458544 0.16073237 -0.24046133 0.31268132 -0.21350022 -0.07393748 0.13111246 -0.12554699 0.33313677 0.11897024 -0.2648416 0.25665414 -0.42504105 -0.18481177 0.10670747 0.23537068 0.11356262 -0.4695887 -0.10154525 -0.11786853 0.023554232 -0.1686778 0.44955632 0.38882908 -0.08170018
44 -0.07461917 -0.36334062 -0.19032408 -0.16879569 -0.28992552 0.11474995 0.18337207 0.010250273 0.13046958 -0.04204408 0.20959076 -0.2414991 -0.42920256 0.17807704 -0.13476266 0.026075156 0.19855106 -0.21754876 0.27955487 -0.5122821 -0.003433886 0.02135435 0.1864762 -0.0012094557 -0.10630031 -0.20764822 0.09217713 -0.21254575 -0.12026627 0.3970337 0.14927682 0.21133712
43 -0.014827219 -0.24944945 -0.17095362 -0.15497784 -0.34434983 0.14629814 0.18361552 -0.09497244 0.16364239 -0.13580917 0.29586837 -0.26693675 -0.30859116 0.034222685 -0.23354675 0.07729659 0.147044 -0.2718471 0.21270911 -0.4710788 -0.08824519 0.022541104 0.21410097 0.14184345 -0.30860165 -0.22918238 0.06493962 -0.12807772 -0.14294378 0.38152963 0.12821063 0.110220894
59 -0.031564344 -0.23554195 -0.21949753 -0.14114659 -0.31780186 0.12194193 0.108874924 0.006204005 0.10226493 -0.11586427 0.18868682 -0.22966489 -0.2978042 0.06497784 -0.18140796 0.06567643 0.21572235 -0.2962661 0.27435124 -0.54778475 -0.07830002 0.13322291 0.18177274 0.079313524 -0.19390059 -0.22631127 0.070165165 -0.075209714 -0.120686226 0.24383132 0.179486 0.14032754
37 -0.123169936 -0.24169424 -0.17386234 -0.14462924 -0.31273144 0.11913231 0.1769497 0.011096758 0.18496491 -0.118505284 0.2423152 -0.24102911 -0.4138518 0.116445184 -0.20516843 0.032048747 0.17923923 -0.26588675 0.2363217 -0.51372486 -0.010475906 0.08150692 0.22269785 0.10254445 -0.19084471 -0.26766795 0.08291403 -0.18144286 -0.13703395 0.44869795 0.040553592 0.2135072
14 0.016779963 -0.26396176 -0.21049245 -0.11210172 -0.33806112 0.10693651 0.11975744 -0.004138428 0.041532986 0.047801286 0.235532 -0.20472828 -0.28894737 0.13524655 -0.11413812 0.056527324 0.23970544 -0.19703482 0.31220913 -0.5254037 -0.08221643 0.15409242 0.20390914 -0.08855597 -0.17198007 -0.23961622 0.058157478 -0.11204568 -0.17805183 0.22414702 0.21707922 0.15868153
52 -0.021610247 -0.2527969 -0.23386592 -0.14586903 -0.3055298 0.1517063 0.1546665 -0.057760537 0.11954835 -0.044617184 0.28038293 -0.21842277 -0.3187271 0.054489404 -0.1780406 0.028771667 0.20845333 -0.25732848 0.25668722 -0.50190324 -0.08048502 0.04406171 0.17657253 0.032652233 -0.14461759 -0.2600432 0.078398466 -0.15884328 -0.14409052 0.3070292 0.18121676 0.20544161
103 0.16301318 -0.22064923 -0.2509083 -0.11762027 -0.2629812 0.09265108 0.0785506 -0.21898162 -0.084276855 0.049625956 0.24440785 -0.18804237 -0.15998998 0.0804356 -0.098221876 0.09262336 0.24026103 -0.24972945 0.3311681 -0.48806408 -0.20113847 0.117095076 0.09813569 -0.07650892 -0.23767465 -0.2236689 0.055033088 -0.004112829 -0.19232269 0.12952507 0.4030441 0.028123556
97 0.011482265 -0.21626623 -0.2973908 -0.16410275 -0.32501453 0.1283034 0.1804732 -0.07524976 -0.016352037 0.011235167 0.21991678 -0.18113895 -0.25522318 -0.030695874 -0.122648396 0.010205731 0.23991616 -0.316064 0.26776525 -0.5641593 -0.12683566 0.13338411 0.16826679 -0.059195552 -0.15792501 -0.26589492 0.18071084 0.025007015 -0.14881195 0.085038446 0.22213201 0.09704372
104 0.1260411 -0.2235289 -0.18737298 -0.09357444 -0.31742147 0.10331596 0.114907525 -0.147503 -0.07398168 0.0062164543 0.26914516 -0.11935472 -0.16571924 0.015115058 -0.08979317 0.05899008 0.3112072 -0.27236378 0.36835524 -0.52993107 -0.13710825 0.18234803 0.18122095 -0.0948323 -0.10704041 -0.27836934 0.05151453 0.040311456 -0.20431864 0.018997326 0.35084412 0.056941472
87 0.03910338 -0.23764922 -0.14844699 -0.1288099 -0.27250645 0.14281185 0.060446713 -0.17207389 0.18185012 -0.16969335 0.27281022 -0.20397688 -0.23783754 0.09218218 -0.12262313 0.1926065 0.1099 -0.2948797 0.19193031 -0.48804235 -0.10399316 0.07802618 0.24451905 0.07967645 -0.39823145 -0.18233141 -0.025865335 -0.030140512 -0.13009703 0.42475855 0.25222945 0.025101967
114 0.06315775 -0.23996963 -0.28922477 -0.17451546 -0.27069405 0.08499953 0.12595844 -0.11302528 -0.061088376 -0.025728565 0.22853476 -0.22931044 -0.24070807 -0.048665453 -0.11592689 0.02838948 0.2051766 -0.2934934 0.2838704 -0.5490189 -0.16070502 0.110912785 0.15609428 -0.03446965 -0.19472207 -0.22326036 0.14273447 0.073378704 -0.1574016 0.09680094 0.29343587 0.048869334
67 0.13787895 -0.15845023 -0.072596535 -0.08334402 -0.33509198 0.12093485 -0.021612613 -0.27268422 0.15624252 -0.23092511 0.2905446 -0.21513143 -0.046245474 0.025578368 -0.1724418 0.29332647 0.116869 -0.30445954 0.25459737 -0.5034208 -0.18999392 0.17546368 0.24998519 0.14407265 -0.51521534 -0.11569331 -0.11877113 0.12705663 -0.20601273 0.3109812 0.32683733 -0.11258754
63 -0.03816919 -0.19830027 -0.19661866 -0.13703656 -0.29102194 0.061166342 0.16993183 -0.061583087 0.10389708 -0.030818101 0.21622457 -0.2285857 -0.3554625 0.07359533 -0.16167213 0.045893326 0.23512329 -0.2318234 0.27382362 -0.56089765 -0.11221686 0.09912063 0.19393744 0.036586594 -0.20370659 -0.22040917 0.12836738 -0.0887884 -0.13242446 0.27551842 0.13895884 0.19983763
54 -0.09786501 -0.2643774 -0.20095448 -0.16254644 -0.27840257 0.151345 0.16245161 -0.03316869 0.19721158 -0.15182805 0.24279787 -0.2847992 -0.4099395 0.13128902 -0.20653935 0.0684267 0.1895959 -0.26510108 0.22162428 -0.4799022 -0.04234536 0.01012045 0.18232502 0.123026595 -0.22420292 -0.2772206 0.027705388 -0.20687018 -0.098589174 0.42855304 0.09595523 0.17228946
9 0.1091463 -0.26972836 -0.15019129 -0.08812935 -0.32189542 0.093714476 0.065625876 -0.10267343 -0.0054810867 -0.069106765 0.29468796 -0.18870597 -0.20278676 0.12765242 -0.10585046 0.14344533 0.27187985 -0.22632119 0.4109788 -0.4387977 -0.11103362 0.086376525 0.20889895 -0.026980799 -0.16132425 -0.2575279 -0.0064060804 -0.11057812 -0.17477433 0.22081035 0.2832467 0.08181542
40 -0.12611875 -0.31997007 -0.20612192 -0.19621162 -0.2846404 0.12426817 0.22325845 0.014261602 0.10919098 -0.09653965 0.22592543 -0.24093717 -0.4287689 0.1442129 -0.18410766 0.00925377 0.13744469 -0.25430882 0.26930472 -0.53466344 0.006000011 -0.100646935 0.14973356 -0.010815365 -0.1437161 -0.27056348 0.078680605 -0.2240414 -0.15663914 0.31075194 0.12746647 0.18886432
126 0.06444031 -0.23354168 -0.20698416 -0.12222286 -0.3609745 0.12163599 0.080396175 -0.07921604 0.007115852 -0.048679445 0.2505954 -0.15869604 -0.10459675 -0.025331443 -0.14439005 0.088353276 0.20712988 -0.2882232 0.3238878 -0.4982184 -0.17547645 0.11481826 0.17573585 -0.024250597 -0.22497086 -0.25135145 0.093806915 0.042988338 -0.20540349 0.12332486 0.32732305 0.061555687
11 0.17640264 -0.263268 -0.21278507 -0.09752232 -0.32872543 0.05726536 0.08807028 -0.1632697 -0.16686484 0.14547244 0.27012303 -0.15464306 -0.22854863 0.15773295 -0.042526096 0.061916478 0.37996578 -0.15315892 0.45835236 -0.45657402 -0.14115174 0.12815608 0.1643902 -0.23554708 0.001529361 -0.25785288 0.09253357 -0.13125697 -0.22210392 0.08569813 0.40411258 0.14523526
24 0.16257675 -0.28459802 -0.19053242 -0.10689947 -0.35147688 0.05602391 0.066349894 -0.08239871 -0.10698757 0.040603306 0.26903957 -0.15694349 -0.22884722 0.16741517 -0.048919346 0.10883023 0.35873732 -0.17893314 0.4495977 -0.4592373 -0.14154035 0.113545366 0.15810743 -0.19987503 -0.0065680845 -0.26187748 0.06624426 -0.118543975 -0.19923106 0.110131554 0.37774956 0.13334228
27 0.19336684 -0.33725268 -0.062771164 -0.040798627 -0.29363167 0.049568824 0.06549913 -0.20760038 -0.09662979 0.048540734 0.325851 -0.14927803 -0.28025028 0.28195015 -0.02334547 0.098427586 0.3390962 -0.09928579 0.46682915 -0.3925274 -0.10164357 0.10064298 0.18109584 -0.18869162 -0.055914763 -0.23509273 -0.013791412 -0.22306028 -0.187016 0.25175712 0.3897985 0.0917936
34 -0.065720424 -0.2839364 -0.26668006 -0.13923481 -0.32839233 0.14624637 0.17731532 0.0059721563 0.04052066 0.0035809663 0.2189142 -0.17658514 -0.3372813 0.027700242 -0.13684683 -0.02857716 0.22987261 -0.2371199 0.2528489 -0.5340345 -0.08415883 0.10278999 0.18486059 0.019564075 -0.11421644 -0.27669775 0.11649109 -0.12625948 -0.13911645 0.24684092 0.18677738 0.17585391
30 0.12730105 -0.33097845 -0.15633276 -0.066010445 -0.32130033 0.074158914 0.06037066 -0.1424205 -0.070302516 0.050708722 0.24286753 -0.16952503 -0.27970037 0.24793707 -0.04362056 0.10990501 0.31814167 -0.11035019 0.42673033 -0.40334535 -0.09240581 0.050966688 0.16977414 -0.16798326 -0.01098316 -0.24860784 0.06781623 -0.21908316 -0.20810889 0.23826885 0.35534924 0.16520332
38 -0.11846512 -0.25833833 -0.22254644 -0.1732473 -0.32901227 0.14916374 0.19812961 0.034012713 0.20174742 -0.119174466 0.21789214 -0.22827622 -0.35449526 0.02737192 -0.13720194 0.060258172 0.16612376 -0.2973314 0.20799614 -0.5696611 -0.039859414 0.048443113 0.17986992 0.070266835 -0.23180802 -0.18611667 0.09500726 -0.07477557 -0.10711098 0.3004269 0.13792579 0.16022804
39 -0.11766004 -0.29028362 -0.24803223 -0.12600286 -0.34645388 0.18436767 0.15343234 0.030845763 0.11886124 -0.10022455 0.24205945 -0.24264084 -0.34539542 0.06369377 -0.1622773 0.017483812 0.16606931 -0.27469903 0.24498338 -0.49592876 -0.07707402 0.03267604 0.15050644 0.070710555 -0.14300689 -0.28298908 0.055665366 -0.21373959 -0.14410044 0.3326049 0.13700606 0.18697211
26 0.109017424 -0.28286624 -0.1600761 -0.11259341 -0.3289078 0.08526568 0.105053596 -0.15841931 -0.060603645 0.032308027 0.29862443 -0.18110429 -0.23270442 0.12385746 -0.074342124 0.07780958 0.29457307 -0.15121445 0.4150462 -0.42894244 -0.10461079 0.07815387 0.18719563 -0.11694427 -0.13218723 -0.2223231 0.039004322 -0.11214156 -0.20599744 0.16060613 0.35760158 0.0894566
84 0.15800291 -0.25397173 -0.07903007 -0.03558647 -0.2879046 0.14707805 -0.02415881 -0.26719138 0.068512425 -0.16962214 0.28334704 -0.23363829 -0.10570792 0.100931324 -0.124754846 0.30564648 0.144267 -0.20508873 0.3021145 -0.38698366 -0.16720483 0.0875818 0.22247833 0.050271377 -0.41933057 -0.13725875 -0.10611098 -0.044856664 -0.20561603 0.401154 0.39801377 -0.096683264
66 0.17562643 -0.23595963 -0.041593574 -0.07615351 -0.29509214 0.14289173 -0.05401582 -0.2682814 0.083371565 -0.19596897 0.31987265 -0.2313523 -0.07642191 0.061503388 -0.121046394 0.29720312 0.10743202 -0.2582546 0.25314355 -0.4301271 -0.1696605 0.13911436 0.2179108 0.07024707 -0.4455725 -0.11793614 -0.09607463 0.05114294 -0.19135492 0.38953564 0.38593924 -0.093303196
2 0.12063052 -0.3344222 -0.13991868 -0.023643205 -0.39183202 0.11017093 0.012917481 -0.11186745 -0.07639994 -0.09258923 0.23957352 -0.18146972 -0.20378333 0.169093 -0.073611304 0.19010755 0.26583686 -0.16536142 0.41193968 -0.44723016 -0.07319272 0.012333569 0.21508923 -0.078775704 -0.073087186 -0.19946723 0.010047064 -0.1579487 -0.18465514 0.15963207 0.3832335 0.067421235
72 0.12198106 -0.25466904 -0.031580474 -0.045327157 -0.37230346 0.14006718 -0.0653133 -0.17237584 0.06399504 -0.29116827 0.24330729 -0.21307477 -0.05349534 0.05482544 -0.14241989 0.28463578 0.124147125 -0.25122076 0.33534488 -0.49710664 -0.13216099 0.17484853 0.27528653 0.11413883 -0.37748072 -0.13523586 -0.095591746 0.07805115 -0.19534603 0.27067304 0.40958297 -0.12652196
107 -0.028115848 -0.1706667 -0.3653397 -0.19127369 -0.32461834 0.11094345 0.24236752 -0.015809815 -0.007866146 0.020328302 0.21297047 -0.1647063 -0.23375548 -0.12583765 -0.15352373 -0.05554449 0.26959544 -0.35183203 0.27953207 -0.5946212 -0.11281044 0.084714 0.1548973 -0.03959424 -0.15734185 -0.3365096 0.19783314 0.066600315 -0.17097019 0.0003307625 0.19134468 0.1317821
110 0.1829611 -0.16734713 -0.29112962 -0.10119442 -0.36775267 0.081970066 0.15966624 -0.10877536 -0.06796176 0.06127303 0.31336066 -0.105706744 -0.07560362 -0.04500455 -0.12579069 0.01279504 0.33763146 -0.2857938 0.39373723 -0.52009284 -0.18936226 0.17875136 0.16311297 -0.14409167 -0.10954505 -0.3462905 0.15137917 0.096319854 -0.24071977 -0.11083128 0.33240545 0.064389236
106 0.15452348 -0.16462924 -0.2556843 -0.1341596 -0.34922647 0.1013419 0.1203817 -0.117366455 -0.06556845 0.0330228 0.2691674 -0.10379335 -0.10636756 -0.08220494 -0.09565058 0.051398218 0.28297657 -0.32251462 0.35221195 -0.5619169 -0.17102891 0.20675804 0.17011862 -0.09743007 -0.20452923 -0.2821153 0.10129379 0.14453028 -0.20527464 -0.06125878 0.34280372 0.05049737
77 0.05304078 -0.27263168 -0.07214167 -0.10922961 -0.3067075 0.13740551 0.018718258 -0.1468405 0.1933836 -0.23768869 0.21527866 -0.21131146 -0.1787508 0.05572058 -0.15052742 0.22225761 0.09787412 -0.29717585 0.25719753 -0.52005357 -0.08029783 0.12035368 0.23599933 0.1319574 -0.41413683 -0.1399899 -0.003794257 0.030669862 -0.14031212 0.3495273 0.2892264 -0.058047783
29 0.06679718 -0.31895253 -0.19588724 -0.074630976 -0.30329007 0.057288367 0.036126386 -0.08145689 -0.084308214 0.076985404 0.16753744 -0.17898926 -0.32738075 0.17861857 -0.065979525 0.09812249 0.2866372 -0.16372226 0.38918528 -0.47898403 -0.09523921 0.08580552 0.16144161 -0.15368602 -0.04212408 -0.23812947 0.087431565 -0.18330564 -0.18805815 0.2819202 0.351785 0.1477953
73 0.04953212 -0.15927453 -0.044496965 -0.07285576 -0.36575586 0.12984665 -0.009976186 -0.22171696 0.16527642 -0.25776154 0.27102673 -0.22719036 -0.09862439 -0.009452772 -0.16089961 0.23647597 0.10715566 -0.2693086 0.2677454 -0.54893535 -0.18341088 0.20788558 0.2436582 0.14962524 -0.44860992 -0.09489592 -0.03940473 0.07635836 -0.18928732 0.32468554 0.31384218 -0.031109724
56 -0.05187271 -0.27115965 -0.18647303 -0.1783815 -0.2776309 0.1284671 0.18056427 -0.067336045 0.16047154 -0.10364091 0.23250559 -0.22905722 -0.36013284 0.13241723 -0.17577472 0.064786874 0.19133994 -0.25031656 0.25302365 -0.49760962 -0.06815884 0.011932658 0.21570629 0.059533756 -0.17749557 -0.20737273 0.079296336 -0.16014464 -0.115793906 0.42267945 0.14400366 0.16915508
19 0.16349944 -0.20498665 -0.24741971 -0.11322617 -0.281701 0.07285005 0.041894622 -0.18381016 -0.20719191 0.2085027 0.22689515 -0.14152296 -0.24552579 0.13833411 0.003259725 0.0642141 0.36575958 -0.17847458 0.41599458 -0.47940454 -0.19902767 0.1939812 0.14769974 -0.22606811 -0.09876446 -0.2515729 0.120637 -0.08197447 -0.21193625 0.08178422 0.40918976 0.11087731
31 0.0979396 -0.2887328 -0.1505003 -0.09472345 -0.3308087 0.10534171 0.08976369 -0.13050176 -0.037685502 -0.057450183 0.2815982 -0.19709875 -0.20421715 0.08904808 -0.0786253 0.10791807 0.27300155 -0.1910086 0.39157936 -0.45999035 -0.109275825 0.12138828 0.18575782 -0.058787435 -0.13540265 -0.22527918 0.030597266 -0.097390674 -0.18374576 0.17884935 0.34767127 0.09923151
111 0.10412625 -0.20481068 -0.2914284 -0.1606702 -0.3286252 0.08803578 0.13261075 -0.0448682 -0.010674151 -0.02028418 0.2606553 -0.16605185 -0.11421624 -0.11982365 -0.13780099 0.03814901 0.26142344 -0.3430267 0.31900987 -0.58267057 -0.159604 0.17239366 0.16171277 -0.040191337 -0.21293393 -0.26958466 0.13759702 0.12212091 -0.18780927 -0.0646532 0.2947896 0.045580734
124 0.088185154 -0.17833614 -0.3171304 -0.13104713 -0.33406636 0.1147681 0.15774521 -0.034960013 -0.08316607 -0.031465586 0.25886998 -0.14319201 -0.07914022 -0.14446591 -0.12955461 -0.012410787 0.2788525 -0.34673163 0.36946929 -0.60030055 -0.17298543 0.16975577 0.16077429 -0.056048118 -0.17531773 -0.31649464 0.15021397 0.14429045 -0.21171534 -0.12553233 0.31798697 0.07527058
69 0.28301057 -0.20309985 -0.07980398 -0.016637467 -0.34516487 0.13328034 -0.063857146 -0.34086782 -0.0154147325 -0.21528715 0.27426806 -0.1795184 -0.015112868 0.03390427 -0.13111788 0.30250427 0.11638041 -0.28094903 0.35140204 -0.43468237 -0.17783168 0.114318855 0.28498673 0.034916088 -0.3985154 -0.15904172 -0.0801155 0.09070522 -0.22031078 0.29708695 0.4806278 -0.17383003
83 0.12662424 -0.2110535 -0.012100731 -0.044790804 -0.36464334 0.16986512 -0.077100076 -0.19949941 0.17523316 -0.34323516 0.28951308 -0.21916242 -0.025731465 0.03818666 -0.14234862 0.30480084 0.10661926 -0.27133885 0.2544801 -0.49266073 -0.1421154 0.22338378 0.3001419 0.16408837 -0.49203968 -0.12546079 -0.1281301 0.12072597 -0.21584831 0.32862583 0.36363882 -0.14494023
4 0.11951313 -0.28218776 -0.14978062 -0.11150459 -0.29778135 0.088762805 0.07318088 -0.16009334 -0.087160096 0.07369218 0.26718765 -0.15034144 -0.26724845 0.20389849 -0.04317192 0.037354928 0.3024135 -0.1531394 0.40009165 -0.46986607 -0.12516847 0.12149236 0.18429868 -0.1503446 -0.043266784 -0.25638103 0.041283336 -0.182076 -0.17187072 0.18638206 0.34223017 0.13327254
46 -0.096287616 -0.3148526 -0.22963654 -0.19213524 -0.27254653 0.079908766 0.22158492 0.060453225 0.09214762 -0.009978852 0.19809628 -0.17712688 -0.42260793 0.1095423 -0.14164603 -0.033580594 0.23597889 -0.27637565 0.25783512 -0.5940171 0.009270573 0.045438353 0.19487548 -0.048566442 -0.07379848 -0.29542992 0.14875637 -0.17015672 -0.123552196 0.25703534 0.15712482 0.23378678
123 0.03529506 -0.17225407 -0.2621854 -0.13359231 -0.35642377 0.102168016 0.117663614 -0.06709293 -0.010173318 -0.062353887 0.24060172 -0.15788366 -0.14635503 -0.078120634 -0.16719629 0.035739534 0.2210252 -0.3268666 0.34182617 -0.5958466 -0.17407128 0.14264555 0.13332161 -0.009618768 -0.25093928 -0.22968936 0.12725256 0.09049372 -0.1990704 0.050379984 0.31069505 0.055071313
57 -0.06645384 -0.2884056 -0.20098872 -0.12558419 -0.32435912 0.103611924 0.1525945 0.0035439362 0.11074251 -0.0018505424 0.23137152 -0.20148668 -0.33642814 0.09858627 -0.12554316 0.06917186 0.21939506 -0.20099789 0.25599307 -0.53015256 -0.06925572 0.0746414 0.1692152 -0.0021736294 -0.19136314 -0.21300231 0.07561835 -0.1471087 -0.16659778 0.26303256 0.1829482 0.16227768
13 0.111589596 -0.32426405 -0.17019533 -0.061352365 -0.36323345 0.10125136 0.11452503 -0.097488634 -0.07512009 -0.0407462 0.269894 -0.17263903 -0.21893503 0.19098648 -0.08045834 0.09555369 0.3061385 -0.1648728 0.4399625 -0.44017714 -0.043241467 -0.007916807 0.18783288 -0.12893036 -0.0071123634 -0.26544023 0.007871715 -0.18665607 -0.17691891 0.16691177 0.3613852 0.12772885
93 0.13246976 -0.21062033 -0.087884486 -0.041342292 -0.36264622 0.10536371 0.022820788 -0.18983181 0.034147777 -0.13981563 0.29214963 -0.14531483 -0.077584706 0.0060002827 -0.11403653 0.17422198 0.18550673 -0.2853859 0.31052312 -0.51869434 -0.16246933 0.18617146 0.25147042 0.026017066 -0.30664092 -0.16704988 -0.011278376 0.071948424 -0.1878647 0.18999979 0.36109895 -0.030561816
121 0.0774812 -0.12190472 -0.36946973 -0.09878893 -0.37313637 0.15140335 0.2210511 -0.081662394 -0.10552259 -0.0169214 0.20009148 -0.12000738 -0.064508274 -0.16919023 -0.1820608 -0.00862931 0.27381036 -0.35249296 0.383459 -0.59108335 -0.18521447 0.08326708 0.100255184 -0.04453081 -0.19249292 -0.34488758 0.17779921 0.11803307 -0.22466367 -0.13479696 0.36273482 0.033980466
109 -0.007496228 -0.1773057 -0.34716216 -0.16901167 -0.3107914 0.1698672 0.22503184 -0.03298391 -0.009465984 0.0065627173 0.18331997 -0.11196238 -0.17499308 -0.1380464 -0.15238105 -0.053762913 0.21617164 -0.38203046 0.3180532 -0.5972368 -0.13670427 0.039358318 0.12883824 -0.015229647 -0.18348852 -0.33379874 0.17499904 0.025350604 -0.18107927 -0.03585509 0.26679975 0.11961179
25 0.0860864 -0.28966266 -0.10165759 -0.050374392 -0.3241515 0.059487183 -0.00084679783 -0.20434685 -0.02907938 -0.045284938 0.24222855 -0.24142134 -0.29912964 0.16246198 -0.09159214 0.23182133 0.18390657 -0.17483722 0.31780216 -0.44829544 -0.16071934 0.14431818 0.23807195 -0.03624518 -0.23638651 -0.073150925 0.004036201 -0.07417828 -0.11581063 0.41978928 0.371984 0.048956413
28 0.15071958 -0.20971824 -0.2582028 -0.12298794 -0.26398247 0.082889244 0.08011092 -0.1871123 -0.13146985 0.12082846 0.2427453 -0.11405346 -0.18882243 0.07310607 -0.04378602 0.0408437 0.31507164 -0.23573957 0.3908773 -0.5142555 -0.17238674 0.15719941 0.15631564 -0.14651754 -0.15360306 -0.23275812 0.080162495 -0.032289565 -0.18839288 0.11077948 0.3959094 0.11132791
15 0.016716056 -0.3032577 -0.21812157 -0.12093393 -0.27106115 0.053053033 0.048647217 -0.0755554 -0.060594205 -0.029156042 0.18625957 -0.2538881 -0.3692822 0.15712906 -0.10802117 0.13758141 0.2572888 -0.1928702 0.35770634 -0.47593364 -0.11480014 0.06429079 0.14656155 -0.09598454 -0.1106765 -0.18008438 0.098005876 -0.124319 -0.1079419 0.30046508 0.32669562 0.13394952
41 -0.028500708 -0.27949527 -0.2097532 -0.19289516 -0.30381978 0.15704167 0.20050935 -0.12016335 0.1995882 -0.088616885 0.29587647 -0.23231873 -0.39730224 0.123493664 -0.13850257 0.078010984 0.14175816 -0.25257695 0.19950587 -0.5060497 -0.027846083 -0.02218566 0.19070037 0.055975262 -0.22072019 -0.21464078 0.048040863 -0.16889647 -0.12931706 0.37511835 0.14564641 0.19791743
49 -0.03463105 -0.17539859 -0.23550838 -0.1590537 -0.29465264 0.076790854 0.19269626 -0.037390128 0.12582423 -0.080735244 0.25568646 -0.27467653 -0.31971395 0.02144353 -0.22244368 0.04885444 0.18784511 -0.24633127 0.22578901 -0.5667092 -0.07881615 0.10357516 0.22419849 0.0965262 -0.26184168 -0.25614396 0.10618624 -0.053797644 -0.116097264 0.31443617 0.06853953 0.19056675
