128 32
88 -0.02623637 -0.52889127 -0.049337476 0.027710577 -0.0596498 -0.037414726 0.21014288 -0.19933729 -0.43811032 -0.5061727 0.11468098 -0.15938431 0.16018082 0.10190447 -0.4867754 -0.018904433 -0.030258987 0.100592405 0.10478653 -0.34777698 -0.0896288 0.15821077 0.16486771 -0.13378266 0.2324176 -0.17934416 -0.13059561 0.09064307 0.10393561 0.5733245 0.067431375 0.12577456
36 -0.025455445 -0.27763292 -0.1932128 -0.027518848 0.121182196 0.20228869 -0.06994611 -0.3035786 -0.2797385 -0.14352223 0.11951275 -0.26478887 0.23280506 0.19246145 -0.38474363 -0.12064665 0.03339256 0.1708594 -0.07683063 -0.5240687 -0.010951038 0.022511352 -0.07124301 -0.10013533 0.21981193 -0.112252116 -0.23062597 0.013083582 0.36273286 0.25772306 0.1311304 0.14149347
87 -0.044991262 -0.48479077 -0.114144 0.037807442 -0.021210812 0.052093863 0.13927779 -0.20380993 -0.37743923 -0.4508066 0.1271154 -0.19106768 0.1483439 0.11991488 -0.5191982 -0.019790517 -0.013850917 0.099279396 0.027531547 -0.38333204 -0.07931024 0.13196878 0.060536746 -0.10821406 0.17579916 -0.17656721 -0.20016435 0.09014736 0.15446232 0.51832366 0.08291152 0.07555351
127 -0.11655299 -0.35994783 -0.2646756 0.05159556 0.16244824 -0.042547755 0.030230528 -0.2561984 -0.1869984 -0.23410887 -0.052951176 -0.04032584 0.20917828 0.28378943 -0.42928702 -0.28255588 -0.22288711 0.023613336 0.19729452 -0.36763856 0.09834784 0.033559505 0.2964952 -0.10628474 0.030953364 0.009535892 -0.09698412 -0.085265845 0.16959216 0.19007647 0.33721617 0.38140795
50 -0.06100015 -0.34352636 -0.16198753 -0.0029312859 0.08748414 0.06525642 0.06927284 -0.22139828 -0.2760527 -0.29799455 0.09347573 -0.18098576 0.19713977 0.13975935 -0.44248572 -0.16058104 -0.075012684 0.05925606 0.048564848 -0.46185738 0.015425209 0.14362447 0.14696641 -0.1306116 0.18942145 -0.12694837 -0.16152705 0.013453674 0.15744686 0.33866796 0.1692194 0.19226412
89 -0.0617828 -0.38206404 -0.21356584 -0.041097872 0.029022528 0.1636432 -0.002180208 -0.33809736 -0.2086888 -0.19492975 0.0045282748 -0.23170687 0.20315994 0.28595018 -0.41040453 -0.05078122 -0.011531847 0.19554076 0.05357848 -0.45009208 0.014136623 -0.12192457 -0.030867524 -0.07115562 0.10849745 -0.10130765 -0.25452656 -0.0052059484 0.3304101 0.2612334 0.14540334 0.1720864
81 -0.06376001 -0.34542727 -0.19910376 -0.051054023 0.069062054 0.22073746 -0.03719112 -0.2752034 -0.22479108 -0.19166774 0.1911849 -0.2952156 0.19340172 0.200402 -0.4231599 -0.09771189 0.07632884 0.2371605 -0.045541253 -0.52352655 0.038478304 0.008614672 -0.1552712 -0.1174524 0.21476263 -0.15972328 -0.2980773 0.06023116 0.34068024 0.32081142 0.08743603 0.08160281
104 -0.03828411 -0.33944827 -0.26315016 0.014102616 0.23130545 0.034797344 0.02925984 -0.2419286 -0.15154323 -0.15578817 -0.008252444 -0.07199278 0.2097216 0.24683917 -0.44433454 -0.30329552 -0.22750866 -0.012598877 0.12969725 -0.45764834 0.073482126 0.112227306 0.2891331 -0.102932304 0.04312134 -0.024460984 -0.077111065 -0.08399541 0.21740177 0.15611313 0.33614868 0.3555883
46 -0.02523892 -0.33309495 -0.1823437 -0.098474555 0.13042597 0.22834711 -0.07169356 -0.249875 -0.16978051 -0.12817769 0.13753837 -0.28715378 0.2093973 0.2065165 -0.39147043 -0.11636563 0.018836863 0.1708405 -0.070401095 -0.5409512 0.054638598 0.080398254 -0.1464501 -0.10689236 0.21199864 -0.19910926 -0.2545884 0.042393252 0.3941943 0.2666559 0.1535556 0.14579876
112 -0.11129849 -0.38049194 -0.24214527 0.037830338 0.14072438 -0.04627411 0.032794353 -0.3057534 -0.24589284 -0.22015922 -0.004255968 -0.057767615 0.18243699 0.2808031 -0.43660837 -0.22667041 -0.1934612 0.043204885 0.20547007 -0.3573012 0.08937612 -0.018265886 0.28906888 -0.10445927 0.036885697 0.03919793 -0.09943152 -0.067105755 0.14578705 0.1978324 0.271567 0.35940474
117 -0.103438035 -0.32732117 -0.30625188 0.0074109635 0.12825397 0.22758828 -0.13507596 -0.40511608 -0.107226096 -0.06923971 0.017612742 -0.20957874 0.25209177 0.31843793 -0.45495343 -0.05420003 -0.05874129 0.17238109 0.076519415 -0.500271 0.15444048 -0.27223742 -0.07393505 -0.10077311 0.0036715013 0.0008036845 -0.32318643 -0.019369697 0.40884352 0.023157386 0.20307972 0.23511341
51 -0.10466167 -0.33020923 -0.19195388 -0.027680706 0.12709591 0.19584858 -0.08146383 -0.31506038 -0.26107928 -0.18908457 0.06102138 -0.24588248 0.2355117 0.24525987 -0.40277493 -0.08167202 0.010432517 0.16852027 -0.04459272 -0.45619994 0.06125777 -0.03068088 -0.044800512 -0.073058896 0.13821062 -0.050770707 -0.23692158 0.021063466 0.36324763 0.1815393 0.15842967 0.18280728
27 -0.18311441 -0.3860127 -0.29756227 0.009412287 0.027662672 0.17805341 -0.08859298 -0.418096 -0.19120264 -0.14694177 -0.0075583886 -0.20241252 0.21396428 0.343673 -0.42223048 -0.03692238 -0.01097082 0.18687883 0.11199825 -0.3782906 0.10659646 -0.29019138 -0.07621394 -0.08771665 0.011265739 -0.025176678 -0.29460734 -0.013361135 0.33238402 0.11856351 0.1252673 0.22800145
23 -0.12081842 -0.31976125 -0.2663759 0.013825362 0.17953628 0.0642905 -0.0053557046 -0.26266745 -0.19732782 -0.23291664 0.036367532 -0.13836038 0.18504474 0.25672644 -0.4522811 -0.2544894 -0.16164882 0.081642754 0.13734473 -0.41689077 0.09725114 0.012435684 0.20938349 -0.069323376 0.06827267 -0.012970186 -0.14947538 -0.039325766 0.24446814 0.12920386 0.26597378 0.28072798
77 -0.0887444 -0.4193159 -0.23432778 0.029974844 -0.0027913544 0.10238737 -0.012335967 -0.33356053 -0.24195091 -0.19839853 0.028849293 -0.23409027 0.24278909 0.2857177 -0.41984314 -0.03434601 0.02439704 0.2060405 0.026427893 -0.40456223 0.009155214 -0.1444137 -0.046572473 -0.09939691 0.118084006 -0.08054283 -0.24908255 0.0131424 0.31432506 0.26480383 0.13041987 0.17464575
113 -0.05856518 -0.30061817 -0.25071308 -0.055734504 0.18636808 0.22107929 -0.05969435 -0.24376145 -0.1875727 -0.100891046 0.16402055 -0.30046022 0.24941589 0.19356865 -0.3772511 -0.13557723 0.013951523 0.13048388 -0.069845736 -0.57423913 0.07253037 0.072940476 -0.094656564 -0.10167039 0.20106062 -0.13379961 -0.21942359 0.037189886 0.3564788 0.2178998 0.19301608 0.18475503
78 -0.029684376 -0.42223716 -0.15901706 0.013833323 0.023670986 0.016440766 0.11692954 -0.18449524 -0.29722667 -0.34216943 0.0763418 -0.14475344 0.21307878 0.14725056 -0.44880986 -0.07556274 -0.06445366 0.10791167 0.04620897 -0.4266286 -0.031373527 0.090987496 0.16471587 -0.13619384 0.17200263 -0.12534258 -0.14252631 0.041194435 0.16257937 0.40006652 0.11964437 0.17698655
103 -0.15006833 -0.38091338 -0.20189652 0.044871006 0.16897286 -0.042525116 0.10703751 -0.23292145 -0.24281208 -0.31837565 0.015922787 -0.06993293 0.18760975 0.21409936 -0.46571788 -0.22984436 -0.18404369 0.017299866 0.19892852 -0.3882002 0.10315992 0.06464167 0.32449245 -0.116449706 0.07113345 0.012071633 -0.096725315 -0.04102678 0.09686349 0.2313188 0.2687753 0.33723202
2 -0.11768737 -0.360784 -0.2587175 0.024202589 0.08640707 0.13942663 -0.0403141 -0.36208355 -0.16996533 -0.17299853 0.034755286 -0.15284824 0.2284217 0.27789146 -0.44832882 -0.061454173 -0.05414941 0.14424329 0.12637456 -0.40739366 0.10453667 -0.19186902 -0.010886676 -0.107412554 0.053653624 -0.026219321 -0.23646717 -0.015464603 0.32283172 0.16887583 0.18163748 0.26245442
6 -0.18642104 -0.36054444 -0.38409245 0.01980507 0.08011917 0.24682672 -0.19790447 -0.41657075 -0.057123497 -0.030084236 -0.019616118 -0.22125767 0.2839743 0.42542842 -0.42319372 -0.015599535 0.03259095 0.25668415 0.0526063 -0.4585104 0.1563558 -0.37224683 -0.15038465 -0.08422377 0.011219031 0.04887724 -0.38151282 -0.0017101456 0.42027277 -0.026623221 0.17044935 0.25504228
70 -0.1587205 -0.38582447 -0.25776657 0.048677854 0.027081314 0.15824695 -0.10413244 -0.35982314 -0.2223081 -0.1525876 0.005133362 -0.2531987 0.28966075 0.34705395 -0.38008925 -0.01759192 0.038753178 0.23668608 0.059181344 -0.3734931 0.083334774 -0.27413404 -0.12225892 -0.076336935 0.10379158 -0.0072432435 -0.3148699 0.005583367 0.34148124 0.13727584 0.12284058 0.24744143
40 -0.1613682 -0.41740805 -0.21240559 0.04412766 0.0066665625 0.09458884 -0.009026387 -0.33472985 -0.2315767 -0.24418914 -0.020547908 -0.21089001 0.24031952 0.2949893 -0.47575912 0.013488787 -0.03706018 0.15008935 0.10982494 -0.3876578 0.079046145 -0.2023372 0.019833682 -0.09008176 0.058896422 -0.009750517 -0.25034907 0.04413043 0.24629344 0.23840283 0.07422043 0.22019036
110 -0.0878408 -0.40070352 -0.2016249 0.043174963 0.08887249 -0.055768836 0.12071508 -0.23744194 -0.29414007 -0.34492996 -0.06430321 -0.0742325 0.20433336 0.23363483 -0.46984747 -0.22023772 -0.23364377 -0.022270633 0.20428513 -0.34515375 0.028542593 0.074260116 0.37221846 -0.09418226 0.026663486 -0.010778864 -0.047798995 -0.056182437 0.0922927 0.2566491 0.27133554 0.35339072
76 -0.08750202 -0.43625137 -0.18807407 0.03323918 0.04847928 -0.027579403 0.101884454 -0.25114533 -0.33045596 -0.32154268 0.06023833 -0.081546575 0.1734898 0.19658576 -0.44947848 -0.18493617 -0.1733793 0.033680774 0.15517049 -0.34947297 -0.0072561563 0.113007426 0.25139004 -0.1399088 0.12337184 -0.0375079 -0.0799087 -0.019501746 0.09237776 0.35650834 0.19115911 0.25794432
22 -0.14168344 -0.36282274 -0.2743861 0.011667307 0.08950099 0.11325552 -0.057879303 -0.32292894 -0.15976974 -0.21768677 0.04059439 -0.18750334 0.2273249 0.306584 -0.45316753 -0.108364314 -0.06981826 0.15672237 0.095224544 -0.4507951 0.1459359 -0.15637398 -0.006249573 -0.122793004 0.041102145 -0.05159514 -0.2533485 -0.0028233079 0.25515658 0.13376819 0.15689835 0.238449
29 -0.16300473 -0.36450773 -0.23843299 -0.0044765617 0.051732223 0.1871595 -0.11257277 -0.38610083 -0.21278407 -0.13706023 0.013070027 -0.23612441 0.24027051 0.30449817 -0.41779336 -0.037621308 0.00718972 0.21052 0.06088706 -0.44543406 0.10219373 -0.21931799 -0.1412526 -0.10304721 0.06869784 -0.01037786 -0.3250045 0.00036033939 0.35397872 0.14465906 0.1480764 0.2062985
41 -0.11516848 -0.38873366 -0.21682508 0.021964518 0.021065263 0.1676585 -0.031630192 -0.35457286 -0.23464614 -0.1891566 0.02629979 -0.25106305 0.26605418 0.27333412 -0.45403448 -0.016545143 0.001874796 0.17646271 0.075363174 -0.4186169 0.09325286 -0.19159101 -0.06817716 -0.10451436 0.08847053 -0.06569526 -0.31124026 0.050436307 0.29431194 0.2067044 0.09573217 0.18384232
37 -0.19825785 -0.36690763 -0.2899375 0.012878846 0.061882935 0.20527226 -0.2018773 -0.44722214 -0.16390702 -0.07975533 -0.037337728 -0.20385933 0.25210643 0.39187878 -0.41372874 -0.040061727 -0.018131426 0.23387271 0.09699261 -0.4017704 0.11724119 -0.33903027 -0.15406488 -0.057080016 0.03659886 0.015865667 -0.33193827 -0.004584458 0.38933146 0.056350116 0.1613271 0.28050804
31 -0.23638538 -0.3445446 -0.3115274 0.0131775765 0.10646187 0.22505264 -0.15847215 -0.4297036 -0.13373277 -0.11372009 -0.0020108174 -0.22808208 0.31222728 0.35971636 -0.43525267 -0.051164113 -0.02448549 0.19490473 0.07676565 -0.412361 0.20289226 -0.3167125 -0.11829706 -0.10377016 0.056180876 0.07099724 -0.33984244 -0.022323463 0.37515208 0.002999903 0.17855111 0.26915553
109 -0.13780281 -0.3191335 -0.27807757 0.0023265367 0.250882 -0.06135361 0.03478079 -0.28360575 -0.21498924 -0.16248225 -0.032047007 0.0079615405 0.17733568 0.28153354 -0.41063988 -0.42888537 -0.3356954 -0.07853055 0.21561675 -0.4068141 0.10985604 0.11423305 0.46575043 -0.084513426 0.025192088 0.07556755 -0.017392501 -0.14541385 0.13118678 0.12981184 0.42156428 0.44532353
49 0.002156284 -0.3161347 -0.15568276 -0.06556121 0.118320554 0.20057578 -0.044264514 -0.24777298 -0.3164623 -0.20174986 0.18653405 -0.31169027 0.24363379 0.13405341 -0.37599286 -0.08456533 0.05062072 0.15932202 -0.12624386 -0.53762245 0.0204832 0.080754586 -0.0894595 -0.107322715 0.2749678 -0.18444745 -0.23003681 0.07495503 0.36476678 0.34072313 0.13129897 0.06222101
114 -0.14406426 -0.38488397 -0.25676924 0.055006895 0.11163327 0.0002141617 0.026254391 -0.28553793 -0.18815944 -0.27869785 0.00084895483 -0.11834563 0.20400056 0.25804037 -0.4697742 -0.154873 -0.14402293 0.050966274 0.17059934 -0.3717262 0.13582115 -0.06697104 0.20306326 -0.11763616 0.04559928 0.025383603 -0.151217 -0.012206205 0.21057622 0.15113932 0.23045632 0.31045014
95 -0.10160814 -0.40642947 -0.17505322 0.037493303 0.028878376 0.08378468 0.08621589 -0.27770963 -0.2772762 -0.3519038 0.02047236 -0.19339328 0.22085805 0.18397446 -0.46444952 -0.039890565 0.007014073 0.0916453 0.031135654 -0.41057476 0.06335917 -0.016803233 0.06101699 -0.08409036 0.14224873 -0.0825344 -0.1966591 0.050479844 0.2175084 0.31300443 0.15493292 0.14550608
18 -0.02793533 -0.23551685 -0.26591006 -0.07187938 0.20478538 0.13928376 -0.08027018 -0.29571137 -0.20967156 -0.08425838 0.034565598 -0.19975312 0.2628429 0.25259167 -0.34332964 -0.25055984 -0.115924194 0.08240233 0.003810147 -0.52851474 0.05822641 0.057613287 0.095003754 -0.079245426 0.15785937 -0.036236618 -0.11417626 -0.08761021 0.34050488 0.17079492 0.2829247 0.28296039
79 -0.053432368 -0.3975943 -0.19846348 0.01598072 0.12736638 -0.09231896 0.14224267 -0.25184256 -0.30173725 -0.32009435 -0.015997048 -0.063329846 0.15587857 0.19267622 -0.4620978 -0.25467414 -0.25566068 -0.056061756 0.20805772 -0.3937559 0.011859025 0.17248678 0.40148428 -0.10518029 0.08668636 -0.061595026 -0.030672584 -0.07416885 0.0711963 0.31554288 0.29163405 0.29442665
52 -0.13654779 -0.31010905 -0.2855811 0.005790865 0.18645914 0.05073033 0.01646468 -0.31191745 -0.19283316 -0.15377878 -0.026711961 -0.07547094 0.23331758 0.25731066 -0.4001759 -0.25721893 -0.16954137 0.03876409 0.14596277 -0.43196583 0.13402392 0.023926124 0.25480598 -0.09228496 0.09515316 0.029472427 -0.13694201 -0.074993305 0.2159242 0.11659208 0.31664774 0.378326
84 -0.03909454 -0.3200568 -0.24978301 -0.03818803 0.1451552 0.20961179 -0.0349773 -0.29024154 -0.19728675 -0.16501851 0.1475772 -0.26025215 0.23725455 0.21318859 -0.4246585 -0.12798403 -0.010150703 0.16282 0.0053031603 -0.5224827 0.094419345 -0.03230096 -0.064521626 -0.13318591 0.14330694 -0.09940221 -0.2718566 0.015084883 0.28319085 0.21061774 0.17001024 0.16198911
3 -0.13613531 -0.37344596 -0.3038067 0.02979431 0.010444265 0.22803204 -0.14367695 -0.44422504 -0.15222645 -0.05237339 -0.014397323 -0.28783163 0.31045914 0.4033767 -0.40081388 0.031742472 0.02583903 0.2773073 0.068368874 -0.45748383 0.12270096 -0.40330654 -0.20200397 -0.10736918 0.029445497 -0.014166222 -0.35776576 -0.0155361 0.4233178 0.05231953 0.11090895 0.22160731
55 -0.036189497 -0.31221423 -0.19106774 -0.06162201 0.15282533 0.23940739 -0.056911483 -0.26766047 -0.21686962 -0.17677262 0.12732911 -0.27458805 0.23265408 0.18771814 -0.38243786 -0.11162216 0.051222242 0.17469072 -0.11284839 -0.5080382 0.027411466 0.081519894 -0.08979151 -0.088018894 0.20972419 -0.1530416 -0.21363352 0.034163892 0.36241463 0.2816458 0.18200977 0.113930814
26 -0.122888334 -0.37438112 -0.25651556 0.042888124 0.06606545 0.13031147 -0.034566257 -0.34326038 -0.17523107 -0.17252699 -0.010752149 -0.21460068 0.26112294 0.2919846 -0.4525571 -0.059097845 -0.04045184 0.15499327 0.11395018 -0.42141008 0.13172798 -0.22040759 -0.010046164 -0.14405513 0.03210002 -0.04743692 -0.24785104 0.011563086 0.25472364 0.13061096 0.15513447 0.25928527
62 -0.11065513 -0.32771355 -0.25767604 0.006659471 0.24561352 -0.006728007 0.09426834 -0.22774482 -0.22224204 -0.23937339 0.056125253 -0.07569976 0.18132433 0.2030882 -0.3972896 -0.37288427 -0.21984695 -0.02615382 0.15687416 -0.43602282 0.1568592 0.16846551 0.36605823 -0.08207233 0.15943539 0.0025811368 -0.044926643 -0.04707606 0.1449751 0.16680981 0.3338339 0.36839184
75 -0.0977453 -0.543101 -0.08235391 0.07011708 -0.04712232 -0.014182278 0.1802329 -0.20355247 -0.38372222 -0.50442624 0.03942187 -0.16984008 0.2053795 0.13505472 -0.4955698 0.019036451 -0.04628283 0.13068694 0.08040035 -0.34098452 -0.039245784 0.07650568 0.13700025 -0.11208661 0.19175258 -0.14482726 -0.17647386 0.10233483 0.100932635 0.47057405 0.038501453 0.12702976
20 -0.20190151 -0.3763529 -0.28532046 0.048765622 0.12442789 0.055747725 0.021207616 -0.3005543 -0.19220325 -0.2429067 0.010735708 -0.11914715 0.21404487 0.26628244 -0.44839743 -0.2108584 -0.16465957 0.049102124 0.15228087 -0.38750646 0.12793338 -0.06663588 0.17137657 -0.11630937 0.06574348 0.026736109 -0.14453341 -0.028034624 0.1683107 0.12186311 0.24211808 0.30720598
124 -0.040440984 -0.35531893 -0.20214918 -0.00510431 0.16312726 0.035836857 0.015901856 -0.26215532 -0.28056046 -0.18446118 0.059503753 -0.13277923 0.19446498 0.21470533 -0.38281053 -0.24610168 -0.098373786 0.07236991 0.022117494 -0.47108784 0.016695896 0.15085852 0.17679803 -0.08271663 0.18975677 -0.083193816 -0.09063919 -0.0045988024 0.26173863 0.28667626 0.23405829 0.24770899
32 -0.14414962 -0.39624 -0.28010494 0.029222583 0.048317112 0.14122863 -0.08397041 -0.3697192 -0.21861061 -0.16805238 -0.03966864 -0.22014078 0.269053 0.31583986 -0.41583282 -0.048471756 -0.022202296 0.1617395 0.10282129 -0.4189683 0.09206477 -0.21989512 -0.009799975 -0.0848555 0.078892894 -0.01547627 -0.3045482 0.026457246 0.28465366 0.12851311 0.13283099 0.22396573
82 -0.056370363 -0.49199468 -0.078143485 0.06165535 -0.014178399 -0.09200326 0.22019762 -0.19329165 -0.46840763 -0.46473625 0.10357425 -0.12883998 0.16512783 0.09515742 -0.46252346 -0.1183689 -0.06117434 0.04578792 0.087177336 -0.32067427 -0.08503409 0.21609145 0.24320744 -0.11613363 0.22692956 -0.11874197 -0.069971375 0.05712041 0.079825655 0.54683226 0.11111443 0.1718084
44 -0.08191392 -0.36288753 -0.31577438 0.0418815 0.1782484 -0.09053659 0.073730506 -0.26258996 -0.18190746 -0.23768839 -0.034437433 -0.040658154 0.18816967 0.2830488 -0.44333956 -0.34443465 -0.2948212 -0.07167886 0.2203643 -0.38896677 0.098597206 0.09080065 0.4443428 -0.083449684 0.02568008 0.057749216 -0.010644151 -0.106976785 0.124702804 0.16340213 0.35897467 0.41944644
24 -0.1645013 -0.40134838 -0.2850999 0.081378736 0.046223335 0.08621646 -0.11827961 -0.38433576 -0.2464389 -0.13501523 -0.035216216 -0.18808058 0.2515713 0.37860754 -0.42620918 -0.060923044 -0.0027619437 0.16691232 0.09087478 -0.34717876 0.072667934 -0.23877457 0.0056704273 -0.08927404 0.041462515 0.040336918 -0.2760885 -0.03251994 0.308488 0.10591857 0.17338161 0.29656118
53 -0.0056569297 -0.287646 -0.19024462 -0.05505352 0.15615337 0.14767596 -0.03394616 -0.26273596 -0.25740224 -0.14547382 0.111739814 -0.25640628 0.21655723 0.20893586 -0.34297183 -0.16610305 0.0017947198 0.16424938 -0.07308073 -0.534664 -0.019941924 0.14319405 0.021097545 -0.096601285 0.25198957 -0.12289584 -0.18090883 0.02072311 0.34730142 0.29013845 0.17326854 0.16362238
107 -0.0466577 -0.36956468 -0.20787041 0.011321398 0.2105625 -0.13693133 0.12837516 -0.23028289 -0.21986638 -0.25149047 -0.07661095 0.0195739 0.2006287 0.22916678 -0.43421316 -0.38114983 -0.3221241 -0.11734928 0.22003256 -0.45252803 0.06338868 0.20350164 0.52875346 -0.115362145 0.052982055 -0.017102746 0.04344771 -0.11440691 0.08869058 0.25746736 0.3984544 0.44455984
100 -0.118140474 -0.33936098 -0.27622202 0.0062551796 0.11115559 0.19504063 -0.10065151 -0.35717562 -0.124595985 -0.07709382 -0.013675305 -0.22420816 0.25740924 0.34530059 -0.4254835 -0.0842172 -0.012594376 0.16999796 0.08048552 -0.45588538 0.12670471 -0.24266566 -0.07713922 -0.07756977 0.04740947 -0.03956085 -0.2827516 -0.006629057 0.37621608 0.09891482 0.18001847 0.2467224
116 -0.08607173 -0.28425524 -0.2777217 -0.04060411 0.19599232 0.13113299 -0.05981596 -0.29328808 -0.12846996 -0.07893259 0.015472349 -0.16945592 0.23958002 0.246721 -0.3783978 -0.2586387 -0.1187596 0.056072917 0.094884306 -0.5008577 0.11871161 0.004327191 0.13893732 -0.087406605 0.113531746 -0.007458064 -0.14534718 -0.045948785 0.285215 0.11424756 0.2947494 0.31510645
17 -0.12670411 -0.29188725 -0.23487818 -0.04383083 0.13436913 0.30053446 -0.13850702 -0.38328087 -0.18435104 -0.116329774 0.08741219 -0.30652142 0.25951278 0.2722136 -0.39581564 -0.07683876 0.045415178 0.21808292 -0.026930762 -0.5207751 0.12155915 -0.14113835 -0.19726655 -0.07239272 0.18370724 -0.092731886 -0.30966115 0.028979635 0.40197465 0.13308586 0.18613768 0.16699895
101 -0.1419294 -0.29280084 -0.26189563 -0.0012826177 0.22190474 0.03401225 0.045527726 -0.29262003 -0.1354355 -0.18655284 -0.04575973 -0.05541867 0.20610559 0.26741016 -0.44089118 -0.34037387 -0.23046291 -0.05465911 0.18956727 -0.46098542 0.17224227 0.0496789 0.3149877 -0.07359583 0.019726139 0.028867517 -0.05827603 -0.114812575 0.1894149 0.11280559 0.38384855 0.42695245
48 -0.06623299 -0.32157767 -0.25396478 -0.0470507 0.13654274 0.19116442 -0.04929502 -0.28714234 -0.15660475 -0.13564049 0.08092892 -0.2337087 0.20216273 0.24063563 -0.39505583 -0.21410522 -0.033421632 0.12686045 0.04778722 -0.51552844 0.08885 0.006317875 -0.010008431 -0.07567788 0.13494988 -0.09241503 -0.21041262 -0.023192395 0.352114 0.18475346 0.21766785 0.23881042
42 -0.07851846 -0.3175251 -0.25019708 -0.056608994 0.13643421 0.21230425 -0.030311052 -0.2985196 -0.18566518 -0.1709675 0.1356201 -0.26716974 0.2151331 0.20437185 -0.41451862 -0.11575832 0.0039924644 0.160999 -0.0056551355 -0.51135 0.09943815 -0.034203593 -0.029834116 -0.09434029 0.16503035 -0.10935522 -0.23548031 0.026413344 0.34226587 0.19281538 0.15654744 0.16692902
21 -0.17787942 -0.36294824 -0.25303954 0.004305442 0.06172993 0.25456807 -0.16838054 -0.38460967 -0.1833066 -0.100976914 -0.021465378 -0.26111606 0.27921078 0.34437117 -0.40994412 -0.017964814 0.037346788 0.22421159 -0.023561465 -0.43872064 0.08128673 -0.21655533 -0.15675923 -0.06580535 0.086601146 -0.036181305 -0.34933114 0.002848669 0.43768483 0.0995469 0.16225639 0.18487656
5 -0.10387759 -0.35304454 -0.2595769 0.003951802 0.06454338 0.14026833 -0.036157772 -0.30699858 -0.20365587 -0.16860774 0.041140795 -0.19197604 0.20811297 0.27303654 -0.4298599 -0.051014137 -0.013970489 0.17454748 0.047504272 -0.43573385 0.06663054 -0.15787484 -0.021232894 -0.10924791 0.09424655 -0.060915347 -0.26613975 0.022382544 0.31835565 0.20413727 0.1668078 0.18002072
25 -0.10510532 -0.32528698 -0.26782072 0.016520336 0.1778799 -0.0598145 0.06444424 -0.2962226 -0.21439119 -0.22167172 -0.04122088 -0.004748429 0.1603447 0.24476795 -0.4417496 -0.35374722 -0.29228494 -0.05231083 0.2485867 -0.41866028 0.08877448 0.045724537 0.44334552 -0.08314487 0.0024233903 0.037058227 -0.02625495 -0.10430774 0.13491525 0.15953088 0.35520652 0.41594213
105 -0.16690679 -0.3726733 -0.32698363 0.049405735 0.15917407 -0.024263997 0.03770959 -0.31049895 -0.14515404 -0.21865249 -0.073911294 -0.03456841 0.19457802 0.3391415 -0.43126944 -0.30329287 -0.2410468 0.011303858 0.24306528 -0.3742514 0.15915728 -0.030193001 0.35195285 -0.097094946 -0.010930396 0.09117977 -0.06419689 -0.10435547 0.159916 0.10206954 0.3575876 0.4149838
119 -0.10981265 -0.35603645 -0.29839987 0.01469474 0.24032728 -0.004844465 0.021063782 -0.29665107 -0.21681926 -0.15270473 -0.023150302 -0.065088175 0.23992957 0.26328322 -0.4037977 -0.28931376 -0.1831231 -0.018262712 0.076678574 -0.45005706 0.11759962 0.08281203 0.307284 -0.09834227 0.09051354 0.037528418 -0.05238271 -0.076820344 0.20041075 0.09520388 0.35605407 0.35436648
59 -0.05080141 -0.27062222 -0.2201229 -0.03793839 0.1984364 0.1703252 -0.0682297 -0.30931544 -0.27891678 -0.14639351 0.13681373 -0.20865919 0.23387747 0.17403282 -0.36088857 -0.20491236 -0.022878125 0.15501277 -0.019019986 -0.528065 0.03488659 0.09854452 0.046164803 -0.10058139 0.23212762 -0.09194542 -0.19461466 -0.018803116 0.3391646 0.19164282 0.22049133 0.19184361
19 -0.23828669 -0.38448045 -0.36544362 0.05061387 0.036712047 0.21264398 -0.19963247 -0.44905165 -0.11296097 -0.1114869 -0.039836366 -0.27680963 0.28914964 0.44554126 -0.4402282 -0.01803849 0.03596993 0.23777823 0.060631834 -0.40694624 0.1851112 -0.40919632 -0.18159968 -0.06816575 -0.009546483 0.08096214 -0.36805212 -0.017369004 0.37753478 -0.024823027 0.14833905 0.25517064
83 0.019331802 -0.48026368 -0.044002537 0.0040498944 -0.022045145 -0.036918025 0.18397728 -0.2201733 -0.3971139 -0.4479297 0.045600194 -0.1547755 0.16692133 0.11432709 -0.49027386 -0.04964379 -0.024020525 0.096661605 0.029299004 -0.41229796 -0.081382774 0.18189064 0.1525377 -0.101593204 0.20588441 -0.21222435 -0.0906311 0.05178935 0.1749521 0.5740375 0.080467165 0.11934878
80 -0.101560436 -0.4510252 -0.13893507 0.060595963 -0.0037371982 0.034653325 0.13481675 -0.19742028 -0.36093536 -0.4316805 0.10683816 -0.21409523 0.19555934 0.12658907 -0.48669592 -0.030891404 -0.032025766 0.11729598 0.04283031 -0.3807122 0.0033253587 0.067658514 0.10238446 -0.12738389 0.15867122 -0.1247956 -0.1985283 0.07274633 0.110619545 0.44835487 0.06311512 0.12832196
86 -0.04490778 -0.45869395 -0.08124732 0.033523135 -0.022021022 -0.01731334 0.15338634 -0.18720473 -0.37647787 -0.42722824 0.06273242 -0.19337448 0.18903588 0.13416964 -0.4907058 -0.07627199 -0.040613577 0.11080649 0.09154695 -0.38029116 -0.04768204 0.1486641 0.13903517 -0.109344706 0.18565838 -0.184267 -0.12808014 0.064093426 0.14463063 0.5281572 0.096552394 0.1594705
34 -0.036795355 -0.27372545 -0.27830112 -0.04800464 0.20008314 0.18876998 -0.06134265 -0.27173638 -0.18745007 -0.09397614 0.13323846 -0.2555899 0.2084967 0.24264121 -0.3972373 -0.17874308 -0.0015919213 0.13535371 -0.07849079 -0.55179346 0.06423444 0.0553924 -0.005710308 -0.1001504 0.15723233 -0.114405364 -0.19641368 -0.013065096 0.36075172 0.16105062 0.24019943 0.15888864
91 -0.08117724 -0.3826687 -0.2529693 0.06293782 0.15907891 -0.12055104 0.13370875 -0.26107308 -0.25569588 -0.26077136 -0.04114894 -0.018176269 0.17537674 0.25922543 -0.45107532 -0.3032065 -0.22663888 -0.052749537 0.2213323 -0.39007503 0.08748604 0.116021916 0.47312036 -0.10271334 0.074852586 0.032695595 -0.006820642 -0.08168839 0.11508022 0.22529122 0.35505623 0.3880159
85 -0.079714894 -0.4743296 -0.12911052 0.04449188 0.03518369 0.0076231193 0.10020822 -0.24700901 -0.33116972 -0.35082617 0.07544177 -0.14597811 0.16518082 0.19037606 -0.4176723 -0.04928683 -0.007546263 0.13000983 0.048996154 -0.38010162 -0.016012024 0.06304656 0.13574395 -0.0841413 0.21169378 -0.117975466 -0.15247744 0.07524493 0.20506929 0.4375493 0.13503246 0.16317827
15 -0.16588932 -0.38609335 -0.3136717 0.037605423 0.05884152 0.17356934 -0.1402294 -0.40650514 -0.20720106 -0.09698442 -0.050024163 -0.20299117 0.27290148 0.38868564 -0.40834072 -0.018961793 0.015694417 0.18882358 0.055360544 -0.4013405 0.11121 -0.30958208 -0.06337563 -0.0982175 0.028916141 0.011427338 -0.32158664 -0.021205759 0.3659399 0.07943382 0.15343598 0.26907867
122 -0.15883297 -0.34579378 -0.28606617 0.034420397 0.08397264 0.18630289 -0.11258415 -0.39958864 -0.12987044 -0.1346523 0.00017824332 -0.210775 0.28758395 0.3197499 -0.42496538 -0.07696937 -0.03652993 0.15060806 0.065110736 -0.4274913 0.14275828 -0.21457793 -0.059388787 -0.10823992 0.073854834 0.0028494792 -0.3049438 0.012226157 0.319636 0.066681184 0.17324471 0.25025675
43 -0.030383985 -0.3452139 -0.16198169 -0.047086406 0.115279905 0.22410879 -0.08357991 -0.24438371 -0.23272553 -0.17975347 0.15106009 -0.29112548 0.2529795 0.20109999 -0.36697766 -0.06257884 0.056741655 0.20229635 -0.10650866 -0.5163191 -0.045600712 0.0859742 -0.12612408 -0.09301035 0.26635873 -0.19488949 -0.21648023 0.03700128 0.39491886 0.31840438 0.11474413 0.08666989
72 -0.052595317 -0.4348348 -0.14251506 0.035446964 0.07772256 -0.014247793 0.11932903 -0.2525712 -0.371743 -0.3360086 0.06531795 -0.13827284 0.16502954 0.18112808 -0.4255424 -0.16956174 -0.08720161 0.06902521 0.104008384 -0.36169118 0.024388216 0.12750474 0.20655271 -0.11956349 0.16202885 -0.0993159 -0.111657046 0.009833372 0.17714867 0.37663996 0.16903988 0.2459382
90 -0.07979384 -0.4743321 -0.14001839 0.03267121 -0.022680579 0.019890971 0.09919655 -0.19020067 -0.33610052 -0.42774656 0.08205064 -0.22026299 0.2281489 0.12983157 -0.4636509 0.014730387 0.036692966 0.13909124 0.021036709 -0.38432977 -0.049658176 0.09142159 0.081803806 -0.1279188 0.19582506 -0.08074533 -0.18813886 0.11838396 0.14164233 0.48471454 0.06670399 0.1545687
102 -0.042504776 -0.33904234 -0.20982327 0.012815303 0.18705302 0.027872887 0.068598114 -0.23928893 -0.22749276 -0.22983657 0.035201475 -0.11864648 0.19010594 0.20184849 -0.43435758 -0.27591765 -0.1731868 -0.0076247314 0.069831535 -0.48755613 0.08473736 0.18102846 0.2798351 -0.09857116 0.1272214 -0.051750917 -0.05926875 -0.051863004 0.22785318 0.24709852 0.3378084 0.28599554
65 -0.0889017 -0.49733672 -0.16029881 0.07171012 0.00855164 -0.09868846 0.167917 -0.25758153 -0.38497776 -0.39877906 0.01137721 -0.08223056 0.15582992 0.16780968 -0.48231223 -0.12065886 -0.12466032 0.07835216 0.16375802 -0.2965997 -0.024024133 0.07697439 0.28441018 -0.0925037 0.11486574 -0.026669174 -0.0910958 0.028710904 0.09519158 0.42950287 0.15485245 0.25036263
126 -0.091555506 -0.3250718 -0.29613775 -0.0031955505 0.19483298 0.0131927775 0.060317613 -0.28277996 -0.19503549 -0.18250176 0.0061937883 -0.04265 0.21660648 0.24450132 -0.42663774 -0.329179 -0.26318157 -0.030479157 0.19924793 -0.43866438 0.15067795 0.028677009 0.3679421 -0.09673767 0.03080197 0.05219265 -0.048869785 -0.09578677 0.17510483 0.16142415 0.35978284 0.40933958
118 -0.06230198 -0.3441324 -0.30386615 -0.039103884 0.19896683 0.103802174 -0.0394495 -0.22257066 -0.136238 -0.1871198 0.049311917 -0.19517606 0.20506626 0.2849726 -0.3861162 -0.2360838 -0.12111564 0.08250132 0.036252778 -0.4979698 0.09865925 0.11425042 0.14013141 -0.07545021 0.10165531 -0.047649805 -0.12771046 -0.027388172 0.27483588 0.18519233 0.29249588 0.2779923
71 -0.0747374 -0.45171067 -0.09076733 0.086877726 0.018666953 0.0073688114 0.12644276 -0.20185365 -0.411892 -0.4206733 0.110853165 -0.18456782 0.22044572 0.12333332 -0.46188602 -0.06850325 -0.062344097 0.1108889 0.08205471 -0.35048547 -0.06449913 0.14822279 0.17318466 -0.16358314 0.16519238 -0.06497271 -0.14173016 0.074517384 0.090791106 0.4951532 0.10091746 0.20082772
28 -0.028059578 -0.45869806 -0.12122819 0.033847783 0.041904856 -0.044033077 0.14668033 -0.19224845 -0.33850074 -0.37565622 0.063459985 -0.14586723 0.15018822 0.13829276 -0.4668099 -0.08754538 -0.08884328 0.050627854 0.10090867 -0.36611637 -0.03929009 0.17005125 0.22422417 -0.092626825 0.18799289 -0.13023937 -0.08740017 0.04986363 0.15271503 0.4463489 0.12691583 0.18713538
115 -0.0978416 -0.34915987 -0.17156577 0.019054638 0.20892604 -0.023599764 0.08887055 -0.22236426 -0.28905064 -0.26180747 0.03551078 -0.0679289 0.17305139 0.16898285 -0.44461095 -0.28137833 -0.18147437 -0.0123752635 0.1377659 -0.3772765 0.05911723 0.1947611 0.37185857 -0.070831016 0.14953797 0.0029090482 -0.039289232 -0.03658785 0.15677601 0.26043618 0.3259298 0.34084284
4 -0.08753322 -0.4073622 -0.2800316 0.015836816 -0.008026066 0.12429598 -0.10212906 -0.35987592 -0.22018197 -0.1459512 -0.0167606 -0.25020972 0.2765886 0.33815515 -0.40895733 0.038552664 0.013558276 0.24735454 0.006854054 -0.44639075 -0.007676139 -0.25540957 -0.116974756 -0.073984295 0.080400065 -0.081841834 -0.28541696 -0.012563971 0.36089537 0.19157521 0.113811776 0.13499323
54 -0.059066806 -0.3482265 -0.18267238 -0.037749417 0.118999705 0.15149733 0.028886931 -0.25596786 -0.2322496 -0.21161151 0.13936067 -0.23302712 0.20569305 0.1792826 -0.39697075 -0.1560902 -0.008855947 0.14892562 0.018397328 -0.53336614 0.076584004 0.04538533 -0.01931604 -0.09355834 0.19074598 -0.1468196 -0.20942849 0.04320582 0.30242318 0.27573746 0.15755822 0.18999118
13 -0.14304583 -0.36551753 -0.20520587 0.046977755 0.091136746 0.1354169 -0.060638603 -0.345571 -0.28935912 -0.25313345 0.016628295 -0.18477358 0.22566739 0.24923821 -0.4209735 -0.09363734 -0.047463622 0.16026592 0.07785953 -0.36807606 0.08853144 -0.102557555 0.02064117 -0.077333726 0.14669353 -0.0029621676 -0.25198194 0.008517261 0.26596713 0.18957658 0.1750711 0.21420535
16 -0.15039904 -0.36533487 -0.31488392 0.038513266 0.06524313 0.1645378 -0.11360009 -0.3742903 -0.14408523 -0.11520179 -0.002717148 -0.20867525 0.26612905 0.35564202 -0.42782554 -0.029695608 -0.031084878 0.18095568 0.11044337 -0.42591083 0.06803569 -0.2618159 -0.048649896 -0.088806406 0.0017716121 -0.023855433 -0.27865577 -0.029898245 0.33883935 0.10886253 0.14588165 0.24844426
39 -0.018442482 -0.31776485 -0.14171757 -0.039639678 0.15626197 0.1363873 0.015070384 -0.20578781 -0.24510588 -0.19433028 0.1562691 -0.21990809 0.23438427 0.10974894 -0.38866845 -0.15316613 -0.009633728 0.09944941 -0.09545116 -0.54439443 0.015966706 0.21888478 0.06257585 -0.10336132 0.2869489 -0.13129269 -0.16927385 0.0542901 0.31954044 0.35157377 0.1908105 0.15659523
92 -0.13313131 -0.3651189 -0.24570425 0.06325661 0.16110986 -0.026396118 0.070792526 -0.27838978 -0.25499573 -0.28348947 -0.013670302 -0.071156055 0.18174674 0.23527017 -0.46210533 -0.27965865 -0.19859035 -0.005132693 0.18276183 -0.3561484 0.09588796 0.057249654 0.32027316 -0.08492799 0.056344077 0.038659327 -0.061717894 -0.060037807 0.13234821 0.16831504 0.28630325 0.34411684
111 -0.07747004 -0.50151813 -0.10478482 0.039090417 -0.02154616 -0.026269143 0.16536072 -0.1706803 -0.39283705 -0.40698305 0.06763167 -0.17446654 0.21910815 0.14717577 -0.43378815 -0.04145304 -0.038896218 0.104623176 0.072095364 -0.3961635 -0.06486834 0.13515154 0.1542559 -0.13875741 0.2006118 -0.12714705 -0.1347222 0.09891132 0.14610915 0.5264416 0.088673815 0.17751871
60 -0.088396534 -0.32212287 -0.19131103 -0.06613515 0.15309751 0.15214084 -0.0318233 -0.24682108 -0.16209568 -0.16707844 0.08141508 -0.24561994 0.19323216 0.22494583 -0.4158205 -0.21679385 -0.052877456 0.10785307 0.032685723 -0.49973464 0.07868148 0.11985552 0.034731455 -0.07662884 0.18338433 -0.094828114 -0.16241346 -0.0016615051 0.3240484 0.23319383 0.21094894 0.21701866
94 -0.07588898 -0.33653882 -0.23466568 -0.024388315 0.14454949 0.20823212 -0.035958905 -0.2866857 -0.17627896 -0.17455387 0.1378044 -0.21645564 0.19171865 0.21526983 -0.42646077 -0.14125825 -0.0035974858 0.1503803 0.016898574 -0.5144274 0.09281143 0.014524148 -0.032428883 -0.09561218 0.15713373 -0.102036774 -0.23307474 0.00014613607 0.29902282 0.20129456 0.15257964 0.1504165
123 -0.093985066 -0.27040645 -0.22206251 -0.008656594 0.2060236 0.033335328 0.021448301 -0.31548077 -0.22229233 -0.16279504 0.023600308 -0.07299562 0.1935228 0.20649813 -0.4586233 -0.31782192 -0.22985369 -0.025957908 0.16057462 -0.45677656 0.08081661 0.07987849 0.30317232 -0.116343364 0.046144873 0.02204327 -0.08386485 -0.08606243 0.18762748 0.162457 0.33994293 0.36014235
45 -0.010001298 -0.36495733 -0.15698457 -0.048589665 0.06410066 0.15216611 0.041344706 -0.21452764 -0.35056987 -0.28623202 0.20692836 -0.2868111 0.22689234 0.09932318 -0.4031179 -0.079254985 0.046348423 0.18022564 -0.14898698 -0.50045276 -0.027599163 0.16250588 -0.08584867 -0.14048296 0.3095598 -0.16361399 -0.21660715 0.0942472 0.29675075 0.44289458 0.10634724 0.045544606
121 -0.20482957 -0.2819214 -0.35510162 0.0043512457 0.23315217 0.0039704437 -0.04016002 -0.31874654 -0.14255245 -0.13100089 -0.032115642 -0.056044135 0.22892825 0.31157506 -0.44731647 -0.38019273 -0.25403094 -0.056963794 0.21364038 -0.4416181 0.19860053 -0.018763846 0.37173444 -0.091383435 -0.03438735 0.1434464 -0.079623535 -0.12642673 0.16875164 0.008573062 0.39486644 0.47905064
30 -0.13749273 -0.24554166 -0.27231258 -0.012477253 0.2888917 0.06909496 0.010837559 -0.23880896 -0.1785971 -0.13570492 0.047767635 -0.074854665 0.26720223 0.18835188 -0.3693565 -0.37013924 -0.22425328 -0.053693514 0.07966156 -0.52368534 0.20168869 0.12472464 0.32839298 -0.11541627 0.16237193 0.06365359 -0.09808178 -0.058398057 0.2025818 0.07653752 0.4047967 0.41928893
10 -0.039940007 -0.41053656 -0.1287674 0.010174928 0.08629548 0.035912503 0.1443404 -0.19533558 -0.34827214 -0.36006644 0.12744293 -0.17051938 0.18435128 0.12469182 -0.4245679 -0.13574815 -0.09179305 0.06608392 0.04094126 -0.43300134 -0.041006837 0.22039343 0.15359923 -0.14101075 0.21551509 -0.12598033 -0.112285465 0.04268415 0.13166344 0.47595716 0.18008661 0.17723583
74 -0.09242091 -0.4518821 -0.14795141 0.016954409 0.032683626 0.018234229 0.09573296 -0.26026505 -0.29333374 -0.3591439 0.015020125 -0.14621466 0.18823111 0.20176932 -0.46890152 -0.087151654 -0.035820663 0.13701457 0.091182865 -0.38152424 0.011181531 0.03395983 0.13073069 -0.09254965 0.13065846 -0.10356371 -0.1764391 0.03976502 0.18013261 0.35324532 0.13388906 0.18637523
68 -0.062232327 -0.4853367 -0.046460688 0.03266657 0.001773641 -0.11067751 0.2562531 -0.1496125 -0.46979496 -0.52745 0.07487191 -0.11871012 0.13955817 0.06106686 -0.5089657 -0.12886831 -0.14277618 0.044252053 0.1296551 -0.32726818 -0.096264824 0.2572382 0.33988672 -0.11432408 0.20854276 -0.1681406 -0.04800605 0.06159178 0.060293775 0.56879663 0.124338254 0.17278081
11 -0.10053461 -0.34521037 -0.16655235 0.008774116 0.12393488 0.07646588 0.07283092 -0.22603662 -0.2912611 -0.31987017 0.094785154 -0.16219611 0.21232857 0.121124335 -0.4666658 -0.14196308 -0.04040502 0.08944551 0.08150783 -0.46039468 0.06610853 0.041941717 0.15731806 -0.13141279 0.18854584 -0.08423103 -0.20053092 0.043469932 0.19749282 0.32616082 0.15836488 0.19496705
97 -0.09434902 -0.41712075 -0.13571937 0.028885597 0.084133014 0.037953846 0.11858047 -0.23326555 -0.35719708 -0.39551422 0.082367316 -0.13544902 0.1485594 0.15715194 -0.475084 -0.10746418 -0.11857781 0.06728336 0.109315574 -0.34201583 0.011652523 0.11014356 0.16323416 -0.11461263 0.16736381 -0.055094056 -0.13163199 0.019687338 0.14151601 0.40381837 0.13994998 0.19107682
1 -0.17402136 -0.35926777 -0.27477047 0.005069788 0.11595599 0.13042754 -0.08579915 -0.34688166 -0.18098983 -0.16331396 -0.0067806398 -0.15426585 0.2084685 0.29450226 -0.43075827 -0.12067966 -0.060562555 0.13698839 0.12278609 -0.39456335 0.0921874 -0.10878427 0.04493021 -0.108688764 0.06454766 0.01910573 -0.21819808 -0.028528634 0.27827728 0.10031925 0.20956083 0.2970613
8 -0.15694669 -0.2953222 -0.23611283 -0.014269566 0.12892823 0.19255155 -0.084087275 -0.3770766 -0.19125403 -0.15156521 0.061116077 -0.18204921 0.26288578 0.28641576 -0.3972549 -0.1519462 -0.013973977 0.19647793 0.056403633 -0.45817867 0.13621481 -0.1217847 -0.025395976 -0.105323486 0.1458535 -0.020561758 -0.29110944 -0.0006837 0.33592394 0.10900923 0.21310507 0.2273395
35 -0.04131248 -0.27840742 -0.2729221 -0.02516784 0.2356128 0.18769841 -0.074554324 -0.28514197 -0.22004381 -0.093859576 0.12711118 -0.22939421 0.22696425 0.1970976 -0.3704738 -0.23253298 -0.042121697 0.09258655 -0.075182535 -0.5550275 0.10376644 0.11392284 0.059867404 -0.10270309 0.18752465 -0.09273699 -0.17521468 2.9915653e-05 0.34965158 0.15669328 0.26888484 0.20830908
98 -0.118325025 -0.29842663 -0.28406 0.012694665 0.21994159 -0.0025217086 0.026341325 -0.30445573 -0.2223949 -0.16405909 -0.04320592 -0.057941653 0.19841644 0.23988116 -0.45084178 -0.26045185 -0.25945544 -0.025570363 0.19922805 -0.42804354 0.11281755 0.019678747 0.36884934 -0.1071466 0.03574289 0.06697471 -0.06417344 -0.10760138 0.19428892 0.10836947 0.3551232 0.3878936
38 -0.015139817 -0.2723127 -0.23231642 -0.058593497 0.13906729 0.2232357 -0.11716972 -0.31625456 -0.24208689 -0.08595824 0.12087699 -0.28341052 0.22875254 0.22683255 -0.36200845 -0.10815446 0.042914566 0.21459831 -0.10005531 -0.57316625 -0.012924239 -0.019044152 -0.12698217 -0.10627047 0.20048632 -0.14042139 -0.26059356 -0.00328013 0.41566786 0.25176498 0.13325334 0.13038443
33 -0.07706929 -0.317615 -0.19524144 -0.07302546 0.17222205 0.29386497 -0.07159052 -0.25346425 -0.17017074 -0.18398383 0.2128395 -0.31091073 0.21065144 0.1896186 -0.3905992 -0.16002314 0.04094905 0.18948549 -0.08490256 -0.5850239 0.081427954 0.06890144 -0.19240746 -0.09277632 0.26102808 -0.1645543 -0.28581 0.042344786 0.37114555 0.23443939 0.13184415 0.08581875
12 -0.18612857 -0.36126953 -0.30087218 0.012525581 0.031014174 0.21319595 -0.15682414 -0.46247718 -0.1692607 -0.06780906 -0.016585857 -0.23228453 0.27375203 0.39299145 -0.4143169 -0.020407617 0.024924092 0.23209968 0.06757861 -0.39578924 0.13973573 -0.31886616 -0.14532082 -0.11343511 0.029980408 -0.0064691897 -0.3609414 0.0028373832 0.39844313 0.040251758 0.11569899 0.2177344
128 -0.13118452 -0.41509098 -0.23567072 0.032409687 0.088294595 0.024570093 0.058643673 -0.25598472 -0.26752847 -0.29136288 0.05658744 -0.13829729 0.21560156 0.2178653 -0.47485155 -0.1643865 -0.11348444 0.10045727 0.10966346 -0.4371453 0.097056985 -0.009067351 0.12786248 -0.12535623 0.10804314 -0.018786056 -0.14936933 -0.018544372 0.13933665 0.26415765 0.1909546 0.27305055
61 -0.07520978 -0.44156182 -0.06845216 0.030634504 -0.010795907 -0.036640294 0.22423673 -0.1471784 -0.43142286 -0.5051851 0.12356497 -0.14890753 0.1869792 0.015538364 -0.48121893 -0.07291097 -0.017634008 0.03466513 0.06642254 -0.39530137 -0.040170226 0.26500577 0.23400924 -0.1653212 0.29072 -0.13073519 -0.09592512 0.106209844 0.08140328 0.5710016 0.09065966 0.13448595
67 -0.054273628 -0.46223485 -0.14325261 0.0223454 0.0828581 -0.1093942 0.17725015 -0.17822106 -0.3707986 -0.38940984 0.029950678 -0.06066173 0.16002521 0.11963803 -0.4453196 -0.21951278 -0.1580266 0.015539933 0.09341331 -0.3865049 -0.0054958956 0.26836458 0.34320283 -0.08911938 0.20490047 -0.07276956 -0.013866639 0.0062089697 0.089013636 0.46131274 0.20572308 0.2434171
125 -0.06053801 -0.4663806 -0.15976216 0.029013192 -0.029715234 -0.014036712 0.12797643 -0.25409853 -0.26044744 -0.37867352 -0.006360174 -0.18564199 0.20832714 0.1822085 -0.5172891 -0.01962799 -0.042483255 0.09226438 0.14621098 -0.40984464 0.05984016 -0.068293706 0.079261474 -0.111710176 0.0791416 -0.14712803 -0.16694996 0.01159903 0.18694556 0.3948087 0.08624089 0.17985456
14 -0.022814829 -0.36414626 -0.1944689 -0.01791868 0.13044375 0.19761801 0.019389456 -0.23562382 -0.23322085 -0.26276356 0.178797 -0.26455718 0.19717835 0.14666913 -0.4236533 -0.09724079 0.014432712 0.10144184 -0.06208261 -0.5140387 0.052888095 0.14401501 -0.03042359 -0.09893629 0.24506864 -0.17661513 -0.19359359 0.08812475 0.25627804 0.34064642 0.15080452 0.1033483
69 -0.036730263 -0.44753668 -0.110721156 0.013048184 0.026791774 0.03677397 0.09178341 -0.25528866 -0.33240968 -0.3619164 0.0092044715 -0.14046916 0.17092666 0.19011389 -0.43854177 -0.06358949 -0.06587658 0.08866435 0.09129166 -0.3583616 -0.037229173 0.10045766 0.18076064 -0.10660598 0.1684424 -0.09241397 -0.16156775 0.029825877 0.1941344 0.43054843 0.13176444 0.19727673
108 -0.14756124 -0.41127595 -0.26659375 0.068256006 0.14274225 -0.088265456 0.078053035 -0.23915465 -0.30718055 -0.29266477 -0.002174787 -0.052104343 0.20972885 0.2317305 -0.44028082 -0.21256578 -0.17245378 0.014399238 0.20803376 -0.3345117 0.11181292 0.031185478 0.3726976 -0.09632618 0.10219718 0.06787941 -0.057760477 -0.056102972 0.121174276 0.24430288 0.2733405 0.37264445
47 -0.026699536 -0.33480272 -0.24629189 -0.08437548 0.077409595 0.28265762 -0.11233459 -0.31295583 -0.19004843 -0.13255332 0.10317644 -0.329415 0.25680888 0.24707107 -0.38444176 -0.03880588 0.05530669 0.23073329 -0.07299627 -0.5510385 0.054582227 -0.046157368 -0.23026326 -0.09094293 0.20376873 -0.16716066 -0.3107671 0.05901121 0.43774194 0.27460888 0.10906901 0.09685152
66 -0.01754656 -0.4575422 -0.13581309 0.03499498 0.045928035 -0.042545263 0.1851603 -0.21073014 -0.33122993 -0.37476695 0.009395079 -0.08657902 0.17933117 0.14109705 -0.47032553 -0.14406927 -0.13659018 0.029031027 0.13343132 -0.3922587 0.002128554 0.12522118 0.23961218 -0.11661437 0.12134702 -0.12146313 -0.1010127 0.033026744 0.14819922 0.42274982 0.16808105 0.21467718
63 -0.13462827 -0.32450584 -0.2012851 -0.014166308 0.12101958 0.19444174 -0.055768926 -0.29490098 -0.25625563 -0.1823252 0.07545666 -0.22898103 0.2860362 0.22691056 -0.35214683 -0.15126665 -0.045115497 0.092023045 0.026171394 -0.48124373 0.0917205 -0.016812405 0.0005369183 -0.08560927 0.20192195 -0.03263049 -0.22158453 -0.0101462435 0.28636205 0.16629882 0.20489089 0.22456712
120 -0.10294719 -0.29711658 -0.32084808 -0.026508084 0.26929903 -0.057142623 0.03640453 -0.2700235 -0.14880344 -0.14814776 -0.08246516 0.0005895546 0.17574424 0.28624222 -0.41709647 -0.41636652 -0.33533108 -0.08344306 0.17462328 -0.48659128 0.1374797 0.124905266 0.43466014 -0.069693536 0.0069035767 0.027843097 0.019568073 -0.15645099 0.19492683 0.10319113 0.4661831 0.46774006
99 -0.19658515 -0.32477745 -0.3257099 0.025398543 0.20477171 0.007808851 -0.040886194 -0.3068201 -0.17634389 -0.13143067 -0.044157423 -0.05632384 0.21823652 0.2996504 -0.415685 -0.3134977 -0.18416755 0.0018137599 0.13882183 -0.439196 0.17905743 -0.013704813 0.3131901 -0.08000586 0.03479327 0.12231303 -0.10191343 -0.10442966 0.2095921 0.031219719 0.33984125 0.42247576
56 -0.087200224 -0.3587204 -0.16335645 0.030221736 0.061553307 0.06141541 0.058887634 -0.25801492 -0.35338315 -0.33012745 0.08216382 -0.1885222 0.2094951 0.19447328 -0.41391098 -0.12136407 -0.023195345 0.11776842 0.07440579 -0.37351748 -0.0038260582 0.041499313 0.0940696 -0.08925697 0.20385793 -0.060835067 -0.18088783 0.044055723 0.21030928 0.33856001 0.1508752 0.18112287
9 -0.05112051 -0.48934105 -0.11439937 -0.010552294 -0.014033361 0.028082151 0.19685173 -0.20589054 -0.341647 -0.42347312 0.08186351 -0.16627358 0.16385089 0.10420415 -0.46812618 -0.0015789329 -0.04193042 0.11133279 0.066108495 -0.42101228 -0.0049364856 0.0943013 0.13452566 -0.106090054 0.16891524 -0.15683174 -0.14685296 0.086258434 0.15601608 0.4794406 0.064107075 0.099364474
7 -0.11630147 -0.2715879 -0.31213683 -0.043378644 0.12104741 0.24601099 -0.19744535 -0.43509626 -0.11965532 -0.039752927 0.010848628 -0.26487786 0.2739243 0.36893567 -0.4321661 -0.075017676 -0.013659308 0.2349528 0.04332338 -0.48965532 0.11637854 -0.2773331 -0.16769947 -0.1088019 0.052489888 0.0019146404 -0.34256577 0.011994263 0.41049892 0.047661263 0.1623389 0.2134848
96 -0.039257467 -0.4336949 -0.114394486 0.017540129 0.027530935 -0.00055899826 0.17965825 -0.22334197 -0.34091398 -0.401984 0.072577626 -0.124676615 0.19189018 0.109701 -0.4812089 -0.117879026 -0.12902665 0.040180217 0.15072145 -0.37110725 -0.011554479 0.13959548 0.27963093 -0.12596814 0.17755385 -0.09217648 -0.09820652 0.04603059 0.10770666 0.44733712 0.1569064 0.19457506
93 -0.08262939 -0.4843987 -0.1508446 0.05485838 0.0033048394 0.044312183 0.106301926 -0.21969922 -0.3181536 -0.3742902 0.05021957 -0.21078631 0.20218782 0.18316251 -0.43655393 -0.02960057 -0.046700362 0.12769683 0.093125165 -0.40285847 -0.018994566 0.055105194 0.095626675 -0.10294498 0.15801768 -0.10841827 -0.2047953 0.06708648 0.1462319 0.4554104 0.07933394 0.1714978
73 -0.07463446 -0.43546286 -0.1018153 0.01894664 -0.02544247 0.005563241 0.15898189 -0.1556392 -0.39678577 -0.42328033 0.07903836 -0.19919784 0.21422441 0.09272178 -0.46335295 -0.059044942 -0.024158712 0.089460395 0.032565404 -0.40411413 -0.08229073 0.1836711 0.1647195 -0.1370744 0.22897796 -0.13767473 -0.13436665 0.097180724 0.10214856 0.5404417 0.06723576 0.14261033
64 -0.04919558 -0.39374688 -0.13070184 0.017499533 0.031624433 0.052124504 0.104178 -0.28351748 -0.3281147 -0.36076328 0.06303234 -0.17163685 0.15827453 0.15895449 -0.4681167 -0.0934215 -0.038075145 0.09984048 0.08571987 -0.40934417 0.006418323 0.05397526 0.14419267 -0.11834449 0.18344525 -0.121871926 -0.14669366 0.049298026 0.22006537 0.3531827 0.1332401 0.16446546
106 -0.011350198 -0.31063458 -0.23885693 -0.020675361 0.22880048 0.15596496 -0.013737708 -0.23781818 -0.23181294 -0.13546124 0.14794354 -0.17372474 0.26197916 0.1486408 -0.3479462 -0.2686859 -0.020566555 0.07634076 -0.12518153 -0.574967 0.089653336 0.2506716 0.12890583 -0.11658202 0.2763389 -0.12776269 -0.12753515 0.03864089 0.34687084 0.21516833 0.30119556 0.167931
57 -0.09715713 -0.3014653 -0.27266943 -0.03533003 0.21627402 0.1811182 -0.06696416 -0.29911324 -0.15601966 -0.11193234 0.051546186 -0.20105702 0.28514972 0.22492188 -0.33852786 -0.2356868 -0.08524109 0.04763979 -0.011781381 -0.52688605 0.14311276 0.03537663 0.08491423 -0.10626832 0.21958789 -0.0335144 -0.20254962 0.013209427 0.31718186 0.11081526 0.2604232 0.27911007
58 -0.04201519 -0.4488631 -0.15083292 0.028884131 0.007536034 -0.07434021 0.11434659 -0.24094644 -0.275945 -0.39424506 -0.051142503 -0.13467534 0.21093999 0.19374882 -0.45138195 -0.08455256 -0.12485276 0.06306974 0.14765596 -0.39653343 0.013844793 0.004139131 0.26564464 -0.09115988 0.09537248 -0.11532921 -0.11636718 0.011047761 0.1418352 0.3562819 0.19810683 0.2474794
