128 32
58 0.38243154 0.024517605 0.092133045 -0.21222657 -0.03357648 -0.08395726 -0.34035492 -0.46954024 0.07556982 -0.17779364 0.10829924 -0.27683744 0.1238702 0.059519686 -0.3201242 0.035480488 0.11736074 0.17238528 -0.29502565 0.21648532 0.0583881 0.19306716 0.22682323 -0.43925306 -0.2096436 -0.21430251 0.11316922 0.14980896 0.38758677 0.1018031 0.27437538 0.020257203
34 0.0123571735 0.032112204 -0.10356846 -0.31698006 0.017279705 -0.15328534 -0.17399098 -0.24996968 0.07455855 -0.31636858 0.20081753 -0.38988796 0.16349645 0.25841284 -0.08372528 0.20566757 0.12907898 0.11746443 -0.13368572 0.23255534 -0.038325496 0.40499017 0.5065946 -0.18730721 0.15505508 -0.031823806 0.35207143 0.122368135 -0.070607595 0.20530443 0.26357886 0.048855104
11 -0.1863704 0.087674685 -0.20453824 -0.29811764 0.13144815 -0.15316498 -0.18539648 -0.5395898 0.05790338 -0.23871456 0.10601453 -0.16676661 0.20407215 0.16253892 -0.33373907 -0.011918111 -0.06747532 0.13904211 -0.13095564 0.31998223 -0.105847836 0.41150624 0.42031366 -0.21588045 -0.06911111 -0.35193935 0.16817063 0.045673512 0.118537225 0.107597135 0.21205175 -0.059971098
25 0.093080774 -0.1490327 0.17052801 -0.23117386 -0.046986997 -0.08176642 -0.24932522 -0.2709582 -0.11763473 -0.3040779 0.23563547 -0.2823326 0.1477427 0.3642345 -0.24033655 0.12777823 0.24244751 0.24665107 -0.060242545 0.31014687 0.056284245 0.22027175 0.4918091 -0.27526668 -0.16706914 -0.018230857 0.08383876 0.08969187 0.09222339 0.007411325 0.19582617 0.19136718
53 -0.073822536 0.07751887 -0.216503 -0.3227154 0.13225776 -0.13828228 -0.18550219 -0.5446454 0.08033296 -0.21217611 0.14838462 -0.14888309 0.25800022 0.118259996 -0.34905112 -0.041874956 -0.036797345 0.08381135 -0.15803126 0.29916832 -0.104572006 0.35870638 0.38038546 -0.2859722 -0.019109396 -0.3491302 0.20827901 0.09592772 0.108597696 0.11606096 0.23196007 -0.050935842
86 0.38382187 -0.08200115 0.11930054 -0.28585276 -0.06951757 -0.124021485 -0.30097842 -0.33548322 0.007895379 -0.22477163 0.13441204 -0.34249735 0.16283366 0.13680649 -0.22038303 0.13595119 0.2737782 0.15386967 -0.20737897 0.23500328 0.05599411 0.18917699 0.2731318 -0.38010362 -0.15482137 -0.053525675 0.15768233 0.15454888 0.22581384 0.09649559 0.3199759 0.08379826
113 -0.02458903 -0.16792445 0.14874378 -0.24521387 0.00363344 -0.063434936 -0.27806935 -0.3161968 -0.13921429 -0.37005237 0.23391125 -0.24320874 0.08727082 0.46265665 -0.355658 0.034672707 0.20362389 0.3198026 -0.01985819 0.29841983 0.039616108 0.2352552 0.45728213 -0.25925404 -0.31137255 -0.018489448 0.0059277345 0.09396393 0.066424504 -0.043726467 0.077974014 0.1896062
36 -0.07241841 0.072208375 -0.1519903 -0.32054275 0.08947225 -0.1503048 -0.19840333 -0.50717115 0.02728513 -0.24405804 0.1648247 -0.18805404 0.23849933 0.12488521 -0.30038196 -0.013161617 0.024538511 0.0942627 -0.15408516 0.35002777 -0.07268659 0.35863352 0.37727946 -0.26908293 -0.018785719 -0.28446743 0.1638237 0.03827554 0.06987494 0.11182034 0.1964864 0.023981795
125 0.21295764 -0.03493968 -0.0005919084 -0.21007091 0.04588369 -0.072207175 -0.29694054 -0.48034945 0.0753069 -0.15514825 0.12859756 -0.19704047 0.15688802 0.06055951 -0.3022238 0.04462424 0.10799246 0.111252345 -0.2719346 0.1726047 0.028643018 0.2722074 0.27607596 -0.4838649 -0.059859313 -0.2504451 0.19274646 0.1692387 0.24276644 0.16771826 0.28736094 -0.0053876387
6 -0.06387965 -0.0243173 -0.12525168 -0.27758163 0.00028311933 -0.15594043 -0.23053668 -0.27471933 0.052904688 -0.2849772 0.15577188 -0.35491878 0.133657 0.28995654 -0.0923375 0.18903531 0.07881515 0.15450631 -0.13763872 0.28969815 0.029550053 0.42046443 0.48731208 -0.182273 0.11745897 -0.06784112 0.32949367 0.14796819 -0.029655462 0.19817047 0.23438157 -0.0025886374
51 0.06719193 -0.13375401 0.1733553 -0.20662093 -0.046518154 -0.06607684 -0.27156037 -0.33509597 -0.08875603 -0.3358855 0.2023907 -0.27469203 0.11510493 0.40119442 -0.34453806 0.060895722 0.18348472 0.28214458 -0.054737918 0.29244024 0.065407954 0.21004723 0.4281954 -0.31599358 -0.30347842 -0.05665556 -0.006185016 0.1124901 0.13251491 -0.031564437 0.14145143 0.19476369
3 0.059080616 -0.015775388 -0.08633626 -0.31005076 -0.015960867 -0.19559482 -0.20582157 -0.2382343 0.06194304 -0.28820825 0.18531406 -0.36288387 0.17124836 0.22269881 -0.10348731 0.18425101 0.17501417 0.14393273 -0.18954925 0.23356761 -0.0066749896 0.37960917 0.4742971 -0.20209125 0.13844784 -0.030087808 0.30011263 0.12513854 0.026042616 0.17775173 0.26295865 0.03796349
74 0.14953521 -0.01370206 -0.011188929 -0.38261393 -0.13635458 -0.19535956 -0.195126 -0.11082016 0.01825826 -0.37227294 0.20163168 -0.4446839 0.19729257 0.30103877 0.018568993 0.21540447 0.25048578 0.19998154 -0.072693385 0.30578035 -0.012961515 0.337608 0.5438383 -0.07838871 0.14988609 0.11267357 0.3632762 0.13267204 -0.07154381 0.14908412 0.27336264 0.06841573
84 0.026530292 0.09537756 -0.1290574 -0.30994132 0.075239 -0.12564151 -0.22441204 -0.5481326 0.08674901 -0.21510598 0.075926684 -0.19667841 0.21140605 0.06761081 -0.34047493 -0.042677104 -0.026563097 0.1334116 -0.2039443 0.32624125 -0.07057715 0.2757338 0.33474442 -0.3268604 -0.100280315 -0.34375715 0.17460337 0.0723481 0.1981265 0.12247269 0.2455825 -0.037584122
107 0.19488132 -0.13882239 0.20437373 -0.24337433 -0.08409777 -0.06795497 -0.32241398 -0.35985392 -0.10092111 -0.30077496 0.21415448 -0.238647 0.15341234 0.28795075 -0.3462613 0.02234763 0.23487185 0.27225924 -0.104290366 0.28581116 0.054038033 0.14122312 0.38125968 -0.3440419 -0.31103587 -0.09892687 -0.022390561 0.10301597 0.19573036 -0.025648253 0.18783085 0.20890296
128 0.041451644 -0.17525668 0.1785547 -0.23593953 -0.08593659 -0.08045891 -0.23253757 -0.28832823 -0.15430209 -0.36542806 0.2518789 -0.3093703 0.10071984 0.4713767 -0.3070193 0.05919129 0.23583168 0.32708976 -0.013471082 0.28733394 0.032779083 0.20744804 0.5106437 -0.24804926 -0.28652778 0.005305962 0.0004859805 0.08800327 0.10441294 -0.029492745 0.11947891 0.23919351
2 0.13418283 0.007036014 -0.06620951 -0.32429007 -0.017293131 -0.16266067 -0.22616012 -0.21404035 0.06462543 -0.26893094 0.17090367 -0.37435624 0.16316137 0.20142089 -0.07122194 0.1880335 0.15875673 0.13821836 -0.19974214 0.21542144 0.005411206 0.39134237 0.46188647 -0.22914459 0.16985947 0.007798128 0.38698256 0.17055678 -0.010910787 0.2118967 0.3195189 0.037727628
68 0.12985127 0.020732297 -0.09363038 -0.27647346 -0.04979814 -0.14817521 -0.20696487 -0.24931908 0.072914295 -0.29781467 0.20007788 -0.36572978 0.14783461 0.20732635 -0.07121653 0.17161 0.1529606 0.12086272 -0.18542716 0.2439744 0.013615538 0.38560802 0.43485093 -0.2435352 0.16975716 -0.035696983 0.3561598 0.1534443 0.022206329 0.24158762 0.2979978 0.054736137
79 0.0044246577 -0.13067377 0.097649254 -0.28413087 -0.06042684 -0.09852955 -0.25270465 -0.28341022 -0.10031477 -0.33463028 0.25123075 -0.28643656 0.1533564 0.40887126 -0.22149348 0.057655122 0.21918963 0.27304488 -0.066210166 0.32428923 0.024482368 0.2281838 0.49472252 -0.2269042 -0.16716616 -0.030408712 0.062776424 0.10791949 0.028767444 -0.025164597 0.13087456 0.17880233
78 0.25661173 -0.045281507 0.053646393 -0.27745697 0.01617386 -0.114709936 -0.28713143 -0.41147617 -0.002801849 -0.2062147 0.11847925 -0.2093075 0.2200648 0.17797728 -0.30552983 0.05770618 0.16157909 0.15149088 -0.18862887 0.25446355 -0.0024128777 0.21720207 0.3044907 -0.3653182 -0.1288816 -0.17317335 0.09574041 0.1378617 0.23840174 0.07604847 0.24373458 0.08079283
26 0.09037532 0.051078837 -0.13404271 -0.37164548 -0.0164859 -0.19660552 -0.18656896 -0.242549 0.071824096 -0.31735197 0.18878601 -0.35784528 0.19710647 0.14835589 -0.07857429 0.15668158 0.14409558 0.105525754 -0.1370358 0.27348912 -0.033482537 0.39579013 0.48568627 -0.16579044 0.21954654 -0.016646976 0.39994356 0.12355724 -0.08082261 0.2129763 0.29793417 0.038552422
100 0.111752436 -0.02328868 -0.07489655 -0.32402268 -0.012508712 -0.19568017 -0.22394986 -0.2442128 0.06016735 -0.2865938 0.17885588 -0.3832836 0.16803366 0.196927 -0.055874195 0.21271235 0.15397668 0.1160881 -0.16214116 0.2673982 0.021977877 0.3896399 0.46601757 -0.20282151 0.16381733 0.04790545 0.3572603 0.16336322 -0.030754302 0.2128349 0.29110286 0.019371139
101 -0.05070246 -0.10796526 0.10160629 -0.26668063 -0.00431521 -0.07883988 -0.23876175 -0.33077505 -0.1355499 -0.355101 0.26569337 -0.27198175 0.12905763 0.46026027 -0.28739157 0.034092423 0.21664591 0.2874277 -0.010409991 0.29028022 -0.03170299 0.249456 0.49822775 -0.2046075 -0.23226175 -0.040696483 0.02756062 0.09636321 0.035209782 -0.035890274 0.0612317 0.20156299
20 -0.035070106 0.10007311 -0.16503587 -0.28963348 0.07952917 -0.1725553 -0.22128609 -0.48554718 0.047191314 -0.24374281 0.12886682 -0.16805112 0.24485937 0.16704503 -0.25495997 0.020964608 -0.014373622 0.1302585 -0.10341747 0.34163567 -0.077886164 0.3845166 0.3886511 -0.25577304 -0.028372178 -0.30573693 0.18325472 0.10773803 0.120595776 0.107287034 0.18624263 -0.029135296
56 -0.07966607 0.0066624405 -0.12575197 -0.29541245 0.10946316 -0.14705218 -0.19887133 -0.39342043 0.040851276 -0.2568846 0.14432484 -0.23383094 0.19429648 0.23996945 -0.2687902 0.06375363 0.04037971 0.11791387 -0.1491927 0.26729637 -0.033691224 0.3889071 0.4269651 -0.25261796 0.044982087 -0.16241632 0.21976553 0.10965732 0.029179873 0.15296201 0.1982916 0.016694773
64 0.11631893 0.004128636 -0.10422825 -0.2872825 -0.024685891 -0.16251571 -0.17501415 -0.21346308 0.122634605 -0.27182722 0.20409733 -0.38099152 0.192012 0.22116224 -0.037964467 0.2508388 0.11441406 0.0943206 -0.20476747 0.2268796 0.02796544 0.44978744 0.49764383 -0.2002001 0.24430418 -0.009754672 0.39941227 0.1817518 -0.0078090257 0.24948995 0.3080756 0.015801042
48 0.21557479 -0.011957442 0.024156226 -0.25675476 -0.015943093 -0.07360558 -0.29322016 -0.37839207 0.023766011 -0.21864025 0.13670363 -0.26658893 0.16452047 0.15933989 -0.26940215 0.053755175 0.18314433 0.1457239 -0.18190412 0.2662951 0.02391997 0.22095782 0.33738643 -0.37042052 -0.14809553 -0.11879167 0.17846324 0.13382505 0.20559978 0.09450678 0.28279588 0.08421743
4 -0.055244435 0.03378091 -0.10069497 -0.3167752 0.113548435 -0.12753113 -0.18575706 -0.44083062 0.019184139 -0.28785354 0.15995975 -0.21932182 0.19295608 0.22513676 -0.3190871 0.019813865 0.024318347 0.12253742 -0.11868781 0.30775836 -0.05909395 0.34661916 0.4196292 -0.25133437 -0.025610706 -0.2260948 0.16978371 0.09016484 0.053027973 0.07824406 0.15312414 0.0016273544
124 0.08110163 -0.13730215 0.12917197 -0.2827077 -0.098182864 -0.09966708 -0.27266014 -0.2162926 -0.07306367 -0.3473281 0.24675442 -0.31533584 0.14003256 0.40062636 -0.17430307 0.14039542 0.2460037 0.24795663 -0.059701487 0.27147087 0.021950094 0.25315037 0.48316085 -0.22665378 -0.14790569 0.017095122 0.07844668 0.1488945 0.07091051 0.035068985 0.1854891 0.1618495
17 0.067291446 0.0047875014 -0.06372703 -0.35228288 -0.05524212 -0.17016035 -0.2135705 -0.19069947 0.055656936 -0.31122807 0.17504029 -0.42658806 0.17062104 0.25363192 -0.0015366507 0.24338904 0.18033852 0.13928077 -0.11980864 0.26746312 -0.004567415 0.40498033 0.54119074 -0.14150384 0.1601216 0.0085200155 0.36893502 0.1730214 -0.08075775 0.20091239 0.2766637 0.05209585
16 0.20677125 -0.06478088 0.049128138 -0.30137703 -0.12573768 -0.18457295 -0.23582292 -0.1419057 0.0037111351 -0.3018969 0.2506665 -0.44474423 0.1218135 0.28775197 -0.02081048 0.24124052 0.29148394 0.17288752 -0.16381545 0.21084258 0.045065653 0.37615266 0.48287478 -0.20700406 0.11021602 0.114855506 0.30072382 0.16793427 0.0221558 0.18439412 0.24148548 0.107790306
108 0.063287966 -0.13660365 0.18215123 -0.24569196 -0.0831549 -0.091750614 -0.26773053 -0.3185293 -0.1316279 -0.32932672 0.2443485 -0.2855953 0.11079946 0.4066923 -0.26578745 0.06425509 0.20305468 0.26893756 -0.03894553 0.3237725 0.04403288 0.21231061 0.44951162 -0.2466 -0.28177258 -0.04945022 0.024255821 0.095844276 0.13004643 -0.013300232 0.13617353 0.20632103
90 0.2986765 -0.029195039 0.12652512 -0.18881346 0.016486293 -0.072816215 -0.30250874 -0.5191143 0.02638397 -0.18206923 0.09740141 -0.22118883 0.15987012 0.111136936 -0.40721226 0.0005730429 0.12507378 0.19037113 -0.23436013 0.25245902 0.031247303 0.15755664 0.20765474 -0.4884173 -0.3020569 -0.29174158 0.02040536 0.1491857 0.40745765 0.056608316 0.24845448 0.07131083
44 -0.11667484 -0.075214095 0.010830361 -0.28155646 -0.004541056 -0.1332415 -0.24055515 -0.37058768 -0.08574229 -0.3360918 0.22462256 -0.24033917 0.15916486 0.32418734 -0.2650765 0.016621685 0.0760184 0.21874748 -0.051074464 0.34685084 -0.0028281927 0.2850956 0.49436808 -0.20673503 -0.19353272 -0.1417138 0.07103512 0.089152336 0.041612033 0.046103705 0.12951925 0.109664865
69 0.27864727 -0.014871839 0.047118522 -0.21417317 0.06624168 -0.08708776 -0.308973 -0.5467565 0.043076802 -0.13489337 0.10072534 -0.14566821 0.18923523 0.08972983 -0.37975624 0.009136104 0.07135006 0.12505768 -0.2612992 0.19255653 0.01786517 0.21431139 0.23062795 -0.51501447 -0.17509069 -0.29713857 0.074034765 0.12837675 0.40209055 0.07645156 0.27624047 0.004491836
105 0.10002844 -0.021662809 -0.017631471 -0.30466992 -0.081466995 -0.13527456 -0.19140132 -0.13561732 0.06618541 -0.32334602 0.20892589 -0.42591822 0.1408165 0.32122698 -0.045808665 0.23502171 0.19822331 0.177203 -0.13518482 0.23480962 0.013232515 0.39862165 0.5030403 -0.20531857 0.110667564 0.11713274 0.34727198 0.17870641 -0.044363968 0.17568325 0.24665816 0.10489015
89 0.14160925 0.0075101727 0.019362586 -0.26921478 -0.06783907 -0.120066516 -0.28949282 -0.23881575 0.04193307 -0.30570826 0.1527322 -0.37663573 0.14850496 0.22897494 -0.0937772 0.1641624 0.15223043 0.19875364 -0.10264953 0.3138219 0.068145625 0.2869826 0.47365242 -0.23393092 0.009358744 -0.02719578 0.2666403 0.16953489 0.052197743 0.14405717 0.23277539 0.058733013
83 0.28087324 -0.055752154 0.100972146 -0.25224614 -0.023128191 -0.089701824 -0.29886666 -0.49461946 0.0054284465 -0.18938714 0.099419296 -0.19479573 0.15410738 0.123935 -0.38832712 0.006345849 0.118513085 0.18775772 -0.22692573 0.2313842 0.0012004974 0.21321313 0.2502466 -0.45778713 -0.24784243 -0.2285459 0.11377224 0.11274455 0.34708413 0.03888869 0.25906643 0.07452601
82 0.22388215 -0.0009879459 0.06699476 -0.24388266 -0.0054831263 -0.08392814 -0.27977195 -0.44178998 0.02486538 -0.19638221 0.10892538 -0.24535102 0.15350682 0.12060978 -0.31848407 0.06630411 0.1191549 0.13978837 -0.20131321 0.24472862 0.033692896 0.2528749 0.2722105 -0.420737 -0.14211945 -0.24712656 0.11450542 0.121185295 0.27205002 0.084416635 0.27282998 0.09554623
22 0.15777418 0.00073213596 -0.10943359 -0.36295688 0.009045382 -0.18196449 -0.17842118 -0.24516742 0.12836052 -0.2935408 0.158187 -0.39069563 0.19903715 0.15914117 -0.048294406 0.23237981 0.1788099 0.1099484 -0.21384177 0.22671992 -0.0494172 0.42525503 0.43028826 -0.20778531 0.2227631 0.05331449 0.40457425 0.14663543 0.00033023526 0.24662721 0.32491577 0.009985405
99 -0.012003272 -0.123450145 0.083333544 -0.26272467 -0.027126888 -0.11401136 -0.24433368 -0.2890323 -0.102265805 -0.3155979 0.24058293 -0.302859 0.137178 0.36650628 -0.21566874 0.07676617 0.23653959 0.23716487 -0.110682935 0.30509672 -0.016969588 0.28669438 0.46263885 -0.23353422 -0.103473604 -0.03192547 0.119616255 0.1001735 0.083499245 0.060455576 0.14103748 0.13370156
75 0.33078155 0.02196495 0.084636755 -0.15727441 0.019848106 -0.06762834 -0.34594536 -0.51540595 0.047298327 -0.1591798 0.12454502 -0.2132086 0.12211644 0.0883378 -0.39142787 -0.02077016 0.12073264 0.18558459 -0.2586269 0.22914895 0.05865467 0.15663323 0.23315038 -0.5472484 -0.23623765 -0.26826453 0.08030144 0.12959372 0.38557732 0.057060014 0.24119516 0.049084604
23 0.091951184 -0.19374973 0.25268304 -0.19996597 -0.14775202 -0.060761623 -0.32590562 -0.23950863 -0.17316143 -0.36374918 0.26255813 -0.34304783 0.087496206 0.43819603 -0.2772925 0.054979887 0.29058033 0.34805673 -0.05129214 0.32529095 0.07895863 0.1749981 0.4678689 -0.27925196 -0.33945352 0.052853547 -0.02288465 0.08547938 0.13469364 -0.048534002 0.11228031 0.27355033
81 0.041877825 0.051972155 0.008602531 -0.30045837 0.02963624 -0.146677 -0.18721485 -0.4507683 -0.005237566 -0.2927242 0.17451836 -0.25592378 0.18576458 0.25562415 -0.29456374 0.052287206 0.07278615 0.19859923 -0.077332176 0.34869277 -0.027519725 0.28201485 0.36756524 -0.23704523 -0.18428734 -0.21357456 0.047945876 0.0795702 0.22571929 0.02990874 0.1410503 0.07294161
47 -0.18770918 0.13530025 -0.26464483 -0.28740764 0.1302538 -0.16200948 -0.19395004 -0.5217939 0.066271245 -0.2523892 0.12972248 -0.20448425 0.24107833 0.109990135 -0.29882675 -0.0173223 -0.08929524 0.038497806 -0.15357156 0.32794744 -0.12057193 0.4138616 0.42486438 -0.25933102 0.06930828 -0.33958137 0.24574125 0.07905368 0.07482184 0.1548827 0.22350523 -0.05072909
122 0.15995096 -0.024197247 0.039027803 -0.29709098 -0.08965814 -0.113423444 -0.25184715 -0.251729 0.016992357 -0.3288471 0.20436639 -0.36774552 0.16220836 0.2933968 -0.12944221 0.13873927 0.25993168 0.1741264 -0.111969806 0.3157585 0.0473277 0.2444649 0.45647636 -0.22868556 -0.014532865 0.07103845 0.21134709 0.119270585 0.023265652 0.08945337 0.20282257 0.1611724
28 0.30610463 0.002282174 -0.0027770319 -0.23410244 -0.0024505444 -0.15479258 -0.27912065 -0.37449095 0.0651998 -0.21453004 0.11639924 -0.29680243 0.12337844 0.11107249 -0.23277466 0.10622122 0.15752232 0.15375368 -0.29279554 0.25285944 0.01665845 0.2730993 0.2790015 -0.37751856 -0.049356908 -0.15310654 0.22299197 0.12643692 0.26409757 0.1540751 0.29073438 0.038639627
27 0.24167404 -0.010984513 0.15303643 -0.19357774 -0.027694715 -0.07152522 -0.2992488 -0.44547877 0.013020983 -0.21506765 0.08490452 -0.26353064 0.107988745 0.21703118 -0.3496119 0.052013073 0.10359328 0.22559933 -0.1802352 0.27207202 0.07329192 0.18758518 0.27718383 -0.4231902 -0.3159185 -0.21336605 0.046393774 0.13345021 0.3718987 0.024294658 0.22962728 0.07552773
1 0.025946809 -0.06662777 -0.07202173 -0.26473463 0.0056096814 -0.115782216 -0.21671844 -0.22123025 0.09527123 -0.31129953 0.19613853 -0.35215157 0.12799396 0.30961922 -0.15534921 0.22375986 0.123447806 0.15220924 -0.13702106 0.20206448 0.042246725 0.43880755 0.4595056 -0.2604216 0.14132011 0.041130215 0.32570478 0.2193646 -0.06570683 0.20982938 0.2376867 0.031537652
118 0.13974486 -0.010206354 -0.1003668 -0.34842733 -0.08057946 -0.2260592 -0.19752187 -0.15360725 0.08103007 -0.2931771 0.17407161 -0.462117 0.20720352 0.16251326 0.061798107 0.28901395 0.2100799 0.11692824 -0.20104334 0.21964924 -0.0136485435 0.45015782 0.48658434 -0.15626046 0.28904518 0.061954852 0.47523686 0.15591179 -0.028262341 0.28242177 0.32744572 0.008381142
127 0.113426246 -0.10784928 0.14909044 -0.27807286 -0.08447996 -0.12310217 -0.27758348 -0.24400419 -0.05773293 -0.3535386 0.2559986 -0.32812282 0.12782256 0.34985885 -0.20876206 0.11748907 0.21546313 0.24657671 -0.06408662 0.33408856 0.07523931 0.25071847 0.4581898 -0.20238389 -0.16033761 0.002104994 0.052595705 0.116162375 0.118280835 0.004688831 0.14611273 0.1670862
104 0.08119397 -0.1273291 0.15922938 -0.2711116 -0.105473295 -0.08104983 -0.2258412 -0.24557137 -0.09481453 -0.34471124 0.22114688 -0.3172662 0.1485181 0.42255637 -0.20544904 0.10556016 0.27345935 0.29395893 -0.06533864 0.28707027 0.037991203 0.20379555 0.4918399 -0.25579873 -0.22753438 0.005864495 0.039527245 0.118347764 0.07724671 -0.012616096 0.1722175 0.22355413
50 -0.03977441 -0.11993044 0.11358187 -0.22603321 -0.1058252 -0.13313155 -0.24328783 -0.23234503 -0.10643291 -0.37238044 0.22511049 -0.3380802 0.07673086 0.48060122 -0.19784476 0.07721035 0.18518317 0.33417585 -0.021869935 0.3509708 0.0686336 0.25926217 0.5516664 -0.16618626 -0.21257092 0.02322079 0.097527385 0.06528962 0.023373311 -0.03872191 0.11351455 0.20548166
61 0.33012855 -0.12399168 0.18777514 -0.2165402 -0.028392693 -0.049477477 -0.31908458 -0.4408742 -0.050219577 -0.17231424 0.12926479 -0.17039542 0.16011466 0.19866881 -0.3969333 -0.0009591422 0.19206424 0.22400348 -0.20519784 0.19001955 0.06530116 0.14717357 0.30096117 -0.5178926 -0.3061786 -0.16820142 0.044130985 0.16563791 0.3270307 0.0062284893 0.22421177 0.10713515
117 -0.013185368 0.122313574 -0.16648978 -0.28024212 0.10851121 -0.13929282 -0.21848965 -0.47191516 0.08673438 -0.24757159 0.15047967 -0.22446588 0.19087939 0.069836706 -0.2815564 -0.003817773 -0.034401406 0.0947583 -0.18380803 0.31664953 -0.056407034 0.37314957 0.34617978 -0.27761254 -0.01636609 -0.3184237 0.22459532 0.065274596 0.15352312 0.15804107 0.22964536 -0.045884103
63 -0.21029344 0.08748849 -0.21567638 -0.30951798 0.16615358 -0.14669278 -0.1719477 -0.48219523 0.1015032 -0.27693662 0.14082019 -0.18284892 0.18374856 0.19296896 -0.288385 0.004711981 -0.07283793 0.104784586 -0.12522472 0.33990514 -0.06734608 0.43170086 0.44207633 -0.19920982 0.02067057 -0.31018192 0.24163817 0.0793844 0.017418139 0.15227468 0.20720012 -0.07354079
102 -0.025456471 -0.13628733 0.14537649 -0.21200486 -0.062164832 -0.09186967 -0.25869063 -0.3399498 -0.16003385 -0.34624177 0.2580832 -0.25420094 0.08561563 0.4724429 -0.35195747 0.040266443 0.16872337 0.2965375 -0.0124335075 0.32942322 0.06025915 0.22568946 0.48168755 -0.25009507 -0.35716075 -0.096840605 -0.04423619 0.12067108 0.13286085 -0.06354523 0.047105394 0.21740137
12 0.16746989 -0.0636128 -0.049546707 -0.29653695 -0.08055183 -0.16323526 -0.21825501 -0.21496928 0.0952736 -0.2672758 0.21449977 -0.3781519 0.15500876 0.16881542 -0.055501185 0.19166523 0.20757292 0.12138814 -0.23006813 0.18209204 -0.012929265 0.40906042 0.42601496 -0.25666192 0.20509148 0.02762711 0.39549685 0.14899524 0.02223385 0.27511632 0.31349048 0.056585476
10 0.3120507 0.031072851 0.117526926 -0.22284266 -0.019812819 -0.09163885 -0.28406417 -0.45720667 0.009723591 -0.20967738 0.14630541 -0.25453636 0.12065825 0.09222572 -0.30609542 0.05309989 0.15049316 0.18655194 -0.20970689 0.3346138 0.07699065 0.15979397 0.27082315 -0.41345373 -0.28168774 -0.27488104 0.0074888673 0.07624738 0.41562754 0.045583718 0.2464088 0.086592644
95 -0.12770824 0.14765626 -0.23145513 -0.31586727 0.13159838 -0.1274904 -0.17088667 -0.5762209 0.14130118 -0.21197034 0.13265128 -0.1356667 0.23472239 0.0990536 -0.33812842 -0.066290304 -0.1016383 0.093956955 -0.1919432 0.31231242 -0.10810849 0.37644124 0.3722995 -0.30740324 -0.033265583 -0.44379675 0.21301809 0.084443375 0.11009192 0.13919944 0.21292126 -0.06729343
116 -0.037796754 -0.08284364 0.08530456 -0.21961054 -0.05231744 -0.0976251 -0.2607184 -0.28998053 -0.085384384 -0.36861673 0.22070192 -0.28568393 0.08527306 0.43744653 -0.22701102 0.04566237 0.16813037 0.3033361 -0.04266845 0.3122835 0.03315551 0.26109272 0.542157 -0.21400438 -0.19423272 -0.07561499 0.102399506 0.100408934 0.03290201 0.007867464 0.14107338 0.12984177
54 -0.02174986 0.11483822 -0.22465895 -0.34166357 0.10488426 -0.16049883 -0.21288049 -0.5169493 0.13728818 -0.22195771 0.15750849 -0.2034302 0.24840948 0.04996874 -0.2547114 0.014307292 -0.049151745 0.036916308 -0.19101095 0.27209967 -0.092774816 0.4300185 0.38984105 -0.26570815 0.09747421 -0.32123345 0.28058925 0.09797651 0.07718905 0.18582672 0.2409221 -0.03737093
39 -0.047012076 0.039432324 -0.066204436 -0.32579815 0.038096882 -0.14337395 -0.2025955 -0.38117072 0.021143643 -0.30174232 0.15784787 -0.24211353 0.22739658 0.21976064 -0.23173603 0.062573165 0.024683496 0.18238305 -0.08626692 0.34364727 -0.020017423 0.32179365 0.45064446 -0.21336746 -0.063763715 -0.20926538 0.17930697 0.10782743 0.04083201 0.07953809 0.20126992 0.027793655
21 0.186075 -0.07954575 0.009367398 -0.30104688 -0.06585338 -0.13207673 -0.24122344 -0.16198695 0.051142458 -0.28686857 0.17300647 -0.42460483 0.17565948 0.23951952 -0.032761533 0.22671597 0.19907996 0.15940925 -0.16523446 0.25986588 0.0653625 0.3281169 0.47301063 -0.2677909 0.12897173 0.06626362 0.32840857 0.20163527 0.0062281312 0.1717945 0.3060649 0.045955002
123 0.24353747 -0.051179267 0.13962062 -0.24879763 -0.04770268 -0.08422285 -0.28592348 -0.3632165 -0.020951666 -0.23876634 0.17905203 -0.28066424 0.13808908 0.23268695 -0.27390775 0.073421754 0.169355 0.24604246 -0.1694901 0.25842983 0.0482611 0.2010575 0.35394084 -0.36926788 -0.22558774 -0.11265958 0.074118204 0.11050642 0.24337351 0.016730756 0.218437 0.1447702
38 -0.03995311 0.04782023 -0.12903205 -0.25417024 0.11067816 -0.15115204 -0.24336983 -0.45207173 0.049078032 -0.24717973 0.13425392 -0.20430553 0.17817053 0.16483933 -0.28604838 0.05137521 -0.0132247545 0.1066876 -0.15625519 0.30494356 -0.031155836 0.3665848 0.39419466 -0.27244702 -0.022541441 -0.2524814 0.19982754 0.08236041 0.11298554 0.13401362 0.2373783 -0.02750989
96 0.3630232 0.017226124 0.028730284 -0.25299063 0.002068051 -0.119683154 -0.31424752 -0.50592786 0.07023412 -0.15911548 0.10384849 -0.24292946 0.20109087 -4.8775386e-05 -0.32324636 0.029115807 0.11143064 0.115420535 -0.28075948 0.25953907 0.032746434 0.17890625 0.2174992 -0.45764455 -0.14998923 -0.27318847 0.116362154 0.14028381 0.37273923 0.09386944 0.31005704 0.0102696335
15 0.1871926 -0.099122256 -0.012216836 -0.31775108 -0.12009087 -0.17063928 -0.21926673 -0.141475 0.048948873 -0.29444972 0.19766425 -0.4617563 0.15574838 0.27160215 0.035588212 0.29232952 0.2692455 0.13479048 -0.19976808 0.19387574 0.02112369 0.4059265 0.45516914 -0.23395915 0.20853733 0.10618917 0.38036528 0.16594192 -0.03841874 0.25284195 0.2958969 0.10673017
66 0.34484714 -0.044571593 0.14335728 -0.23378904 -0.032549907 -0.055920623 -0.30199358 -0.46067545 0.012281302 -0.1718215 0.12623477 -0.25993353 0.17506932 0.11902598 -0.3392978 0.041538063 0.2137339 0.16473463 -0.24405368 0.2318 0.027725453 0.15051837 0.24765952 -0.46505523 -0.27235287 -0.21244 0.06785613 0.12153804 0.36189455 0.060009513 0.27354547 0.09220153
32 0.24612471 -0.015189085 0.010842268 -0.30676514 -0.118003905 -0.17469786 -0.20245047 -0.21692054 0.054926973 -0.277142 0.1764995 -0.43771794 0.14126061 0.17980066 -0.060568307 0.21734563 0.24754152 0.13389823 -0.2243097 0.24399006 0.014803717 0.33911145 0.3903114 -0.2584751 0.06587843 0.029614514 0.28648922 0.12743072 0.12830348 0.2038018 0.2996569 0.077140056
46 -0.0878648 0.11320042 -0.20774408 -0.32418165 0.05284932 -0.19144827 -0.19683208 -0.44912514 0.09847295 -0.25753307 0.13677213 -0.2692386 0.20214096 0.15674724 -0.21561354 0.028934175 -0.047921088 0.12544483 -0.11272349 0.36168104 -0.0501155 0.39359435 0.46908045 -0.17506817 0.04812438 -0.2340807 0.28547695 0.06508219 0.02898826 0.14632447 0.22677733 -0.023675269
57 0.15500654 -0.10631059 0.16499005 -0.18871216 0.003925561 -0.059924107 -0.26022282 -0.3433419 0.005464104 -0.26359245 0.14090163 -0.29466203 0.078879796 0.33402848 -0.3061552 0.12428193 0.13281792 0.23035961 -0.14068379 0.26867563 0.115999505 0.25716493 0.40115455 -0.33797297 -0.1866068 -0.06738896 0.12627523 0.17834245 0.15220127 0.06997842 0.18140516 0.12737922
5 -0.14372146 -0.13160038 0.072283484 -0.2509795 -0.055779316 -0.08085398 -0.20957074 -0.264565 -0.11115735 -0.37387574 0.25660482 -0.32668546 0.09771458 0.47659966 -0.25087795 0.08351662 0.19660401 0.28030294 -0.025492534 0.34267062 0.019981317 0.28361 0.54999095 -0.1709156 -0.19612616 -0.037022803 0.049645673 0.08338465 -0.029909182 -0.011001283 0.11125382 0.17310505
120 0.3603529 0.002752138 0.09151081 -0.23427543 0.011344116 -0.05979641 -0.30281442 -0.4385959 0.09729989 -0.16115941 0.08192755 -0.2741749 0.15869854 0.02914482 -0.34967542 0.027996179 0.12591682 0.17895746 -0.28306746 0.22790775 0.0727809 0.22338413 0.22214526 -0.4676938 -0.17562623 -0.21731533 0.14030127 0.12941992 0.36355585 0.10256051 0.29780713 0.052019577
52 0.011614797 -0.050470248 0.019366488 -0.29145235 0.016619286 -0.13058019 -0.23596026 -0.37872538 -0.049600475 -0.29120305 0.17314388 -0.23953304 0.18141834 0.3040059 -0.2840542 0.05189886 0.12446309 0.21584202 -0.07391709 0.32275513 -0.018779054 0.25813478 0.41415927 -0.2429999 -0.1466505 -0.14231339 0.103643574 0.059035987 0.12704594 0.024098417 0.14904077 0.12484831
49 -0.014869748 0.12454678 -0.15796222 -0.34591597 0.11887077 -0.13941759 -0.2036434 -0.55552465 0.058160722 -0.21124727 0.12505205 -0.13419895 0.29277292 0.10978097 -0.29057544 -0.0172687 -0.035478774 0.12699571 -0.1590412 0.32707924 -0.09664579 0.3396429 0.35832384 -0.27565143 -0.011954892 -0.35954338 0.18304999 0.07586695 0.12522396 0.10412807 0.2474309 -0.018981604
112 0.0545504 -0.16516605 0.15853971 -0.26514313 -0.09588621 -0.08389908 -0.25278986 -0.23719509 -0.10663104 -0.33545583 0.23991457 -0.32320854 0.13645512 0.40731245 -0.20573135 0.11362846 0.2312188 0.27733934 -0.04580652 0.32059723 0.082748316 0.23133112 0.504599 -0.23992121 -0.18559232 0.008862081 0.06392525 0.13339159 0.038600586 -0.020208903 0.1494251 0.19025216
24 0.15280165 -0.09931054 0.13889466 -0.2488591 -0.09012508 -0.10808768 -0.21464233 -0.22763109 -0.09092029 -0.31636393 0.22596765 -0.31974226 0.13283344 0.35834023 -0.17240137 0.14362568 0.2735037 0.2978307 -0.09934712 0.27132306 0.054949198 0.21392316 0.4703978 -0.2723944 -0.18607311 -0.044760574 0.07195901 0.10893017 0.16949706 0.018514942 0.19052011 0.13846844
60 0.015067043 0.09693344 -0.1796101 -0.3444892 0.14345479 -0.17969604 -0.23735039 -0.60875314 0.07397994 -0.19285145 0.062139496 -0.101030074 0.29905775 0.02424467 -0.37799066 -0.023900617 -0.051573075 0.062185768 -0.18422508 0.32272997 -0.084704176 0.38343453 0.29272157 -0.33864674 -0.025442718 -0.40063536 0.19204731 0.11675318 0.1791492 0.11865971 0.26499432 -0.11213855
67 0.17099279 -0.10594666 0.18514429 -0.23825802 -0.06292593 -0.08485414 -0.23551027 -0.3735792 -0.08606803 -0.29379392 0.18504702 -0.26123062 0.1626981 0.34930286 -0.27189162 0.10353924 0.21343999 0.24868642 -0.10342803 0.2686222 0.033103287 0.18428111 0.39976466 -0.347876 -0.2500772 -0.103759974 0.012241735 0.12566988 0.23083277 -0.02083488 0.15778486 0.20662126
106 -0.040093698 0.0554334 -0.17090851 -0.2951966 0.11244464 -0.1270929 -0.22913106 -0.52705914 0.086689755 -0.21545514 0.112959154 -0.16348341 0.23533304 0.039688423 -0.3115921 -0.0068092253 -0.050853163 0.06032832 -0.19726984 0.31665522 -0.098573446 0.37897485 0.32616583 -0.32289162 0.011474893 -0.35353896 0.22805463 0.05865641 0.17389119 0.16890205 0.27913153 -0.05056253
62 -0.09525039 0.08592868 -0.21842717 -0.30161843 0.14717516 -0.16034085 -0.2134132 -0.5183955 0.057386544 -0.2302928 0.105858296 -0.1544649 0.21929772 0.10030137 -0.313553 -0.00909665 -0.05034999 0.07881685 -0.15672542 0.3188981 -0.09809171 0.40510717 0.376248 -0.27610168 0.024142824 -0.33373794 0.23042631 0.10999164 0.1023218 0.13578098 0.24494067 -0.036053643
40 0.028798996 -0.0010715015 -0.14462413 -0.37522343 -0.027180936 -0.18758655 -0.17839797 -0.21113315 0.095971085 -0.2720593 0.190621 -0.42639133 0.19775853 0.17530975 0.0077389237 0.23224987 0.17116235 0.057808988 -0.20087819 0.25269517 -0.037644222 0.44669917 0.50202256 -0.16045985 0.29692832 0.04647632 0.46739525 0.13881631 -0.11971134 0.28668654 0.32226494 0.031778015
110 0.14104503 -0.0544023 0.063833795 -0.2754605 -0.047272816 -0.10127428 -0.25897017 -0.35948673 -0.05206636 -0.30818012 0.18156113 -0.23244195 0.15908472 0.25607848 -0.29301235 0.031957984 0.14443822 0.19728285 -0.09752456 0.34587127 0.025988383 0.21618898 0.4262331 -0.2884111 -0.16099806 -0.07207456 0.08221471 0.123417675 0.113084994 0.029882992 0.185461 0.1581063
70 0.11460094 -0.02518557 -0.068040475 -0.29455635 -0.06223 -0.17278655 -0.22207083 -0.19986881 0.05465459 -0.2573581 0.19571306 -0.43310207 0.16606581 0.20161518 0.0057989587 0.26293516 0.236846 0.07605469 -0.18704444 0.23512885 -0.00049207994 0.38625175 0.47935373 -0.2320763 0.20179577 0.060869236 0.3793401 0.15966772 -0.0012963212 0.25883007 0.31133172 0.040317673
85 -0.039312758 -0.1600504 0.19834639 -0.20816961 -0.079997726 -0.07583291 -0.2947667 -0.28492352 -0.16118678 -0.3632798 0.2563082 -0.2597562 0.08328074 0.4967363 -0.30665848 0.020229813 0.18602987 0.35182282 -0.017837532 0.3434258 0.07749767 0.21010154 0.50317025 -0.2587709 -0.35350537 -0.017714577 -0.021788478 0.09135417 0.08689015 -0.06655936 0.08674752 0.20123385
19 0.27282348 -0.023263657 0.0012316641 -0.32875237 -0.07366785 -0.12650053 -0.22130302 -0.30500087 0.047121868 -0.23382884 0.16387486 -0.34342876 0.23087779 0.12532184 -0.12435282 0.14168316 0.20319563 0.15804738 -0.19229583 0.25480834 0.008303741 0.26224232 0.3924192 -0.2785748 0.034750495 -0.04166194 0.23731259 0.13413747 0.12960224 0.15168373 0.31132266 0.09870993
111 0.33768788 -0.056851946 0.11798499 -0.2455765 -0.095862 -0.08715092 -0.3083281 -0.33340505 0.013949389 -0.19542995 0.14180888 -0.30179495 0.13379233 0.14386703 -0.20782402 0.10049411 0.25698587 0.14889179 -0.26077598 0.1670987 0.050175585 0.21249011 0.3067908 -0.4344498 -0.08383072 -0.101113565 0.19896947 0.1688151 0.2479356 0.127913 0.3042495 0.0791875
8 0.20418724 -0.048754968 0.0064439583 -0.36705065 -0.11521941 -0.19236335 -0.20793502 -0.119636364 0.06971843 -0.35450074 0.2365206 -0.44020104 0.18542212 0.26299357 -0.0043270844 0.22587332 0.29189444 0.15912034 -0.1689525 0.22661209 0.0013635842 0.38526592 0.499697 -0.1512145 0.18891776 0.13734454 0.37589654 0.15659572 -0.056910943 0.20282228 0.2800857 0.11600924
91 0.009483192 -0.17402613 0.158671 -0.22138709 -0.08599052 -0.09000449 -0.26954913 -0.24106064 -0.100633435 -0.36859053 0.24570228 -0.29587463 0.08704661 0.47888234 -0.2618521 0.116134845 0.21967582 0.299881 -0.03435261 0.2695619 0.08661744 0.27144966 0.49102768 -0.21122263 -0.23025703 0.031163575 0.059599426 0.15221262 0.050183464 0.02089461 0.12226421 0.20218028
31 -0.14702475 -0.13566494 0.13218464 -0.22703883 -0.034766927 -0.07687773 -0.2640253 -0.34478888 -0.16682774 -0.40955105 0.23558106 -0.23346208 0.13370766 0.4957726 -0.3417594 -0.011883922 0.12635587 0.34974173 0.059089884 0.41047105 0.012731885 0.21595977 0.5399259 -0.20432384 -0.36676472 -0.088972755 -0.0546433 0.035863053 0.0718606 -0.10918026 0.031637516 0.2163871
59 -0.10605355 0.06880955 -0.15837105 -0.31775606 0.1021114 -0.1564304 -0.2086286 -0.5148611 0.021134984 -0.26887652 0.1252496 -0.16207106 0.24071486 0.17206013 -0.3283992 -0.053327724 -0.0035383578 0.15446909 -0.082957156 0.3758821 -0.09783026 0.3225744 0.40419832 -0.23471807 -0.11131274 -0.33546332 0.15081432 0.061756756 0.110590406 0.042350262 0.17728987 0.031992465
115 0.23993681 0.059602164 0.018808575 -0.25933352 0.007964134 -0.07296009 -0.2688529 -0.5411757 0.057175603 -0.15251943 0.12626892 -0.18350008 0.20149256 0.0053711943 -0.36517605 -0.01945116 0.06825523 0.10857716 -0.25216419 0.30591714 -0.018227208 0.20668104 0.24352233 -0.45543763 -0.20241272 -0.3082695 0.103472926 0.115947224 0.35233396 0.09429084 0.25299564 0.033321004
37 0.010273652 0.012104239 -0.12505864 -0.33720094 -0.024849847 -0.18292226 -0.15242736 -0.24085966 0.06324556 -0.31781933 0.21921735 -0.39421558 0.21057674 0.23742175 -0.023026131 0.21042253 0.14207113 0.117602214 -0.099825464 0.2730954 -0.045055952 0.4278886 0.52626294 -0.14959621 0.21497925 -0.009519374 0.37135437 0.11265541 -0.07412186 0.1944378 0.27505544 0.036512922
97 -0.1345236 0.15413176 -0.26392505 -0.37154555 0.14647438 -0.20204526 -0.20413277 -0.5924621 0.049424134 -0.27168867 0.111275226 -0.11329189 0.3022488 0.090719536 -0.29988033 -0.019172464 -0.119151406 0.09541529 -0.09918449 0.4047065 -0.12959468 0.38138026 0.36594155 -0.20213987 -0.00056759524 -0.45314363 0.17321075 0.0721266 0.14167517 0.1145555 0.22190492 -0.09677792
14 -0.024238128 0.11640938 -0.23237714 -0.35826614 0.11824051 -0.19506663 -0.18185751 -0.49032712 0.09187409 -0.24015616 0.13604218 -0.1785325 0.26991403 0.10907378 -0.24781127 0.015539308 -0.020428125 0.07572656 -0.1686421 0.3420023 -0.10744267 0.4063874 0.35510245 -0.24596514 0.059971277 -0.28500822 0.26149693 0.07626679 0.068134055 0.15653966 0.26752546 -0.062006447
87 0.38757026 0.046527598 0.106200755 -0.23785286 -0.07050176 -0.14926325 -0.2858792 -0.3455927 0.053146306 -0.17746095 0.13840376 -0.32398626 0.15832938 0.14743574 -0.16478194 0.119106926 0.19501257 0.15786754 -0.22605702 0.2375704 0.05913606 0.24767022 0.3026196 -0.39513174 -0.10840111 -0.11586872 0.16309988 0.12193614 0.30236495 0.10898249 0.28277805 0.09990323
43 -0.10681512 0.115180284 -0.25019348 -0.31218106 0.14586881 -0.1726691 -0.20879048 -0.5051633 0.06986293 -0.25244778 0.12985586 -0.14239722 0.2573664 0.12247035 -0.25610355 -0.016500654 -0.074656665 0.081567146 -0.11990021 0.3211638 -0.09755621 0.41799164 0.41148862 -0.24530171 0.049694948 -0.36708754 0.24747321 0.08800631 0.07876509 0.1506724 0.24782065 -0.09134758
77 0.28418013 -0.079382874 0.17917956 -0.24946368 -0.043341003 -0.045659125 -0.30598983 -0.42826638 -0.042577174 -0.1920639 0.13863115 -0.2135177 0.18557292 0.18157682 -0.31372288 0.055397563 0.18344906 0.16508855 -0.16729699 0.2739546 0.073707536 0.14363505 0.3098463 -0.46074846 -0.25614768 -0.17696774 0.032550555 0.1619701 0.29525867 0.006639736 0.23785372 0.123146884
35 -0.2603016 0.1840812 -0.3708075 -0.38258293 0.20281121 -0.1639297 -0.14962618 -0.6643735 0.10108408 -0.2129753 0.13966231 -0.12729502 0.28850868 0.052036308 -0.38177562 -0.11767012 -0.17387709 0.05918456 -0.17029764 0.393282 -0.18492408 0.41133186 0.38898376 -0.21352261 0.0020821774 -0.48914343 0.23231035 0.008637068 0.084227934 0.14715739 0.21698296 -0.12076981
41 0.38889506 -0.052690294 0.14113483 -0.23900881 -0.10478414 -0.1219553 -0.30374545 -0.36223915 -0.0043147183 -0.2043139 0.13403185 -0.29692858 0.14351021 0.1237229 -0.25662863 0.064807266 0.25934798 0.21278612 -0.20411949 0.28051007 0.061810438 0.16241817 0.27888954 -0.39514345 -0.19217591 -0.069571 0.13764131 0.11218053 0.2946021 0.061606564 0.28798643 0.14490737
98 0.34901237 -0.010330956 0.06677485 -0.27601513 -0.077403866 -0.11942308 -0.2789774 -0.30582833 0.054428827 -0.22263144 0.1306597 -0.34319675 0.17677902 0.12562591 -0.16337131 0.10088444 0.2569408 0.14192736 -0.23041235 0.21618383 0.012715088 0.24525589 0.31805623 -0.3739106 -0.053961385 -0.043346535 0.23862416 0.14557543 0.19130515 0.1414053 0.3160719 0.09894599
93 0.013181245 -0.16202931 0.18626127 -0.25090453 -0.041618578 -0.0701786 -0.23040314 -0.30179292 -0.14476883 -0.40364516 0.21772073 -0.25914684 0.114116505 0.4856867 -0.35183063 0.050472986 0.15751007 0.36307314 0.03427408 0.30765057 0.034796312 0.1936328 0.4952572 -0.25451913 -0.31722358 -0.01652543 -0.012226341 0.118561156 0.09636636 -0.069226965 0.087598115 0.208105
42 0.0066521317 0.025509873 -0.071431026 -0.2584344 0.036033493 -0.17018242 -0.24550462 -0.4249194 0.03792494 -0.24704489 0.14755686 -0.21711497 0.17755264 0.17808777 -0.24170229 0.033348177 0.02946893 0.1691696 -0.13566417 0.35955513 -0.0012826497 0.31434822 0.4182267 -0.26921472 -0.09868202 -0.2710924 0.110530585 0.09508262 0.19719501 0.06753666 0.1851384 0.015905065
92 0.07892943 -0.11811744 0.16428967 -0.22390606 0.017218582 -0.06779479 -0.26759785 -0.41958556 -0.10967984 -0.3160174 0.19040304 -0.24083671 0.090769835 0.35890585 -0.38765845 -0.005601651 0.13801965 0.2864184 -0.086152524 0.28910053 0.026101772 0.19129975 0.38787654 -0.31708315 -0.36811602 -0.12486109 -0.01784456 0.08068851 0.2151456 -0.04337024 0.12485558 0.1964904
73 0.32234192 -0.050515115 0.11400092 -0.22564372 -0.0019062597 -0.045079056 -0.29844522 -0.518351 0.02245733 -0.14844222 0.09718578 -0.19159871 0.16062692 0.119790815 -0.41229308 -0.013069721 0.14816368 0.20520394 -0.26947334 0.21112387 0.037216086 0.16234735 0.22962132 -0.5324564 -0.29850617 -0.23334146 0.07505125 0.12926213 0.3653699 0.05630579 0.26069254 0.06353398
126 0.11430345 0.027002959 -0.10969507 -0.42839387 -0.07767811 -0.18562569 -0.183376 -0.18251365 0.10129004 -0.32254702 0.2408362 -0.40412205 0.23281331 0.23664714 0.0073375115 0.20517698 0.18891947 0.11837008 -0.14267586 0.29578596 -0.03346752 0.39252517 0.54549605 -0.08762585 0.28318372 0.11783124 0.42822826 0.15155588 -0.12729771 0.20772587 0.2680312 0.038908254
29 0.21987663 -0.009183685 -0.028321447 -0.38792807 -0.11939675 -0.19768907 -0.16839814 -0.19087577 0.062693864 -0.2953097 0.1810986 -0.42213786 0.22630978 0.16071983 0.0008762199 0.21417004 0.23591657 0.14751652 -0.16847993 0.25475013 -0.0044103926 0.35261807 0.4372354 -0.1649549 0.16495176 0.07016925 0.37683678 0.14106499 0.0066996533 0.18817928 0.31536773 0.09899762
121 0.13399169 -0.03030371 0.1150032 -0.22703971 -0.03593206 -0.061717506 -0.28032938 -0.33875132 -0.08235183 -0.26695257 0.22252023 -0.27318233 0.1429467 0.21118747 -0.27651745 0.060991365 0.21222152 0.1746777 -0.14250956 0.35053268 0.03223055 0.19440249 0.40862894 -0.32623437 -0.17100948 -0.12305361 0.035166938 0.06764054 0.17333475 0.014639998 0.19868156 0.18427059
114 0.0014775377 -0.033435382 -0.056466833 -0.2709302 -0.026196545 -0.16234627 -0.16659278 -0.24435459 0.025972009 -0.31160992 0.20023407 -0.4100036 0.150374 0.32510427 -0.12858465 0.16693166 0.14515212 0.14996329 -0.12915848 0.25512633 -0.025459632 0.37308013 0.50358397 -0.18677297 0.09003316 -0.013593953 0.29381678 0.09536872 -0.0034200766 0.13596945 0.24793382 0.058985725
65 0.3992221 -0.062349927 0.12962337 -0.20399553 -0.03960932 -0.083862215 -0.35185406 -0.47502264 0.022542948 -0.10946794 0.09923832 -0.2341519 0.118712045 0.04308443 -0.3306796 0.0055503226 0.20817176 0.16207463 -0.33407792 0.16632137 0.0545981 0.22559814 0.17809224 -0.5558698 -0.19366275 -0.22466461 0.11982784 0.12526561 0.4033356 0.11714545 0.3027129 0.06711901
76 0.2732411 -0.020459356 0.104463205 -0.21631254 -0.024737155 -0.10735063 -0.2958568 -0.3818593 0.022945039 -0.27517793 0.17579162 -0.29885617 0.1204647 0.2353155 -0.3125273 0.053698536 0.15129276 0.24435113 -0.1503131 0.26722413 0.048934653 0.18173328 0.31103995 -0.35950053 -0.2697704 -0.1320332 0.026828453 0.12579726 0.30636844 0.015077661 0.1541666 0.12034261
72 0.27502128 0.009909762 0.10327049 -0.20015934 -0.024617549 -0.113550805 -0.27682748 -0.37820446 0.05731337 -0.22637823 0.1329859 -0.30848685 0.101150386 0.21352121 -0.2414124 0.11389532 0.110013396 0.21440415 -0.16815858 0.3197608 0.09348524 0.18985237 0.33052653 -0.34477633 -0.23608732 -0.21888411 0.07053146 0.11643069 0.36908317 0.06691061 0.23266567 0.061600734
13 -0.11927711 0.011685823 -0.14768176 -0.317166 0.057911277 -0.1535116 -0.15796612 -0.24742031 0.05088635 -0.32387444 0.17319855 -0.3968837 0.17914054 0.30746526 -0.099470384 0.18863595 0.119077966 0.14202768 -0.13493967 0.2994472 -0.047050927 0.41829753 0.51773316 -0.16462041 0.1549426 -0.027935509 0.33215356 0.119084954 -0.10648566 0.18275137 0.22261645 0.014790017
103 0.0834794 -0.11672827 0.1647925 -0.24164948 -0.002958406 -0.054016802 -0.27216214 -0.40591896 -0.15027508 -0.32995304 0.17633264 -0.19014032 0.12786815 0.4037082 -0.42785025 -0.009917848 0.20745572 0.3348472 -0.054095767 0.25901118 -0.002887626 0.14686292 0.40797237 -0.35613093 -0.390596 -0.13968983 -0.056469508 0.11951118 0.18049265 -0.08625539 0.09709588 0.18583027
9 0.3119854 0.04889849 0.15055355 -0.2023885 -0.0025345616 -0.04886695 -0.30392265 -0.4695594 -0.024620198 -0.18026003 0.15446042 -0.23192038 0.13285941 0.13217701 -0.3249898 0.043030348 0.1624517 0.16344093 -0.20579945 0.3072626 0.026598042 0.15857294 0.2838382 -0.45399156 -0.2489478 -0.2723491 0.03177194 0.081668325 0.4156362 0.021207497 0.24601196 0.09981301
33 0.42026943 -0.07691028 0.21382439 -0.17400624 -0.0869091 -0.049845874 -0.36377913 -0.43302745 -0.01787536 -0.18328597 0.12343909 -0.26334652 0.117385186 0.17127779 -0.35064277 0.0066817994 0.23620637 0.21729624 -0.22960062 0.26104867 0.09493686 0.13859655 0.22258238 -0.5094007 -0.34677115 -0.16533034 -0.013174214 0.09319999 0.41436476 0.011526736 0.2571667 0.14449263
88 0.21298039 0.053452037 0.065799445 -0.21709844 -0.0010603962 -0.07777301 -0.2504563 -0.45154727 0.051549718 -0.18347853 0.13125007 -0.28812903 0.14022431 0.1543424 -0.26982504 0.070186794 0.12808353 0.17425773 -0.2013636 0.30453795 0.039393056 0.20480797 0.33696476 -0.3796106 -0.24910304 -0.24811679 0.059061337 0.10343483 0.37349442 0.063330315 0.21503295 0.088852614
71 0.22994587 -0.09526863 0.18924555 -0.20438215 -0.012964763 -0.054307286 -0.30650622 -0.46182582 -0.054618448 -0.24762334 0.13972777 -0.24741255 0.12578721 0.2503421 -0.40536577 0.032558676 0.16669433 0.24660827 -0.1411036 0.28028142 0.06414878 0.17420885 0.29869667 -0.40321982 -0.37073493 -0.15927774 0.0023960972 0.1033456 0.30507943 0.011010462 0.17919001 0.15291987
30 -0.08023973 0.10539134 -0.19543749 -0.3186709 0.1481274 -0.18766391 -0.19260812 -0.50707567 0.035854716 -0.26555228 0.08625813 -0.18168132 0.24334857 0.16687767 -0.329491 0.037970763 -0.008395749 0.12182191 -0.13690847 0.36566886 -0.12831436 0.36826405 0.3507082 -0.24685223 -0.016991101 -0.28695595 0.16806287 0.037922803 0.11277375 0.07211537 0.2314697 -0.010921157
18 0.012544093 0.04873693 -0.20354405 -0.3829431 0.049626548 -0.23388007 -0.21228164 -0.2373778 0.11287425 -0.31242743 0.14093025 -0.39490044 0.25708166 0.19067001 -0.052126613 0.22082087 0.1278648 0.10102305 -0.15459135 0.2690744 -0.04777603 0.42483106 0.50052786 -0.11534592 0.28878966 0.0031126884 0.4593154 0.1776791 -0.10039134 0.23108657 0.287214 -0.0062884483
109 0.02607321 -0.15742663 0.18075904 -0.22647297 -0.055220056 -0.049075436 -0.24947602 -0.30567026 -0.13784204 -0.41595826 0.26701492 -0.29316875 0.07357252 0.50431985 -0.34889638 0.02352875 0.22522219 0.34967032 -0.003115826 0.32407486 0.066378005 0.2311511 0.46016574 -0.22101562 -0.33621076 0.021623965 -0.0007137178 0.07361662 0.09788498 -0.046026092 0.061376855 0.24746908
94 -0.24142545 0.11878249 -0.28038082 -0.31471545 0.1327556 -0.16388518 -0.15709758 -0.52413946 0.06086472 -0.26482737 0.12625833 -0.13917908 0.24829789 0.16164938 -0.3487843 -0.061935227 -0.10148161 0.09634469 -0.1366991 0.36053666 -0.14305675 0.3942434 0.46464455 -0.2394257 0.026704665 -0.37449956 0.24969177 0.06963374 0.0001544601 0.09194918 0.17483298 -0.030561576
45 -0.018400151 0.047942996 -0.10868699 -0.3337743 0.10212014 -0.10720231 -0.22283226 -0.5273978 0.016938217 -0.2694956 0.18263838 -0.16207936 0.22385141 0.20378582 -0.3392605 -0.058713492 0.06863574 0.13518174 -0.107715875 0.311442 -0.0892233 0.28291643 0.3587943 -0.28380558 -0.083680026 -0.24005102 0.12935266 0.062950045 0.081169054 0.06499305 0.16809738 0.031044208
80 -0.06971204 0.010792627 -0.052496333 -0.23184195 0.101642855 -0.06157232 -0.18519631 -0.4631666 0.0026657113 -0.23877355 0.18302059 -0.20707408 0.11785672 0.2628197 -0.35760668 -0.033916496 -0.0049128463 0.18101996 -0.15262578 0.29719695 -0.021488963 0.29895478 0.43217608 -0.29503375 -0.19543165 -0.30051288 0.13111906 0.06881173 0.17805164 0.058224987 0.19646494 0.032147404
119 -0.18661788 0.046461485 -0.20939548 -0.32165298 0.08529685 -0.20212963 -0.14323238 -0.37840384 0.07378118 -0.3071807 0.16809225 -0.29193074 0.19838427 0.24695292 -0.14833215 0.11079437 -0.040518887 0.06589235 -0.1360026 0.33242592 -0.109685354 0.41764638 0.4843937 -0.14979394 0.122362874 -0.22048561 0.30068493 0.09910243 0.004976017 0.18894327 0.23207466 -0.029185036
7 0.013283487 -0.013861625 -0.09306812 -0.33707136 0.011099369 -0.1642084 -0.22080834 -0.20778894 0.094287604 -0.3593616 0.19930726 -0.37114456 0.1835168 0.29839623 -0.07204515 0.18403275 0.12739798 0.123643756 -0.117169335 0.31180054 0.019380609 0.41604748 0.5386121 -0.14767848 0.22395885 0.09439322 0.37120503 0.15596798 -0.14272863 0.20287372 0.2294655 0.061619293
55 -0.16679844 0.22006738 -0.3721278 -0.4038954 0.2231954 -0.15337904 -0.1640419 -0.7228148 0.13384373 -0.19612516 0.12184546 -0.074695095 0.34671757 0.016410712 -0.43697515 -0.13879123 -0.15516566 0.042776167 -0.15593177 0.41074428 -0.19241795 0.39383027 0.34941736 -0.26591635 -0.020461893 -0.5202393 0.15452737 0.04221883 0.13864495 0.10409557 0.18069218 -0.10355895
