128 32
109 0.047586493 -0.0095543135 -0.016273333 0.021266036 0.4118018 0.098249376 0.13033885 -0.07888631 0.070309706 0.13296923 -0.14496468 -0.18435158 -0.01410375 0.20411566 -0.26373947 -0.102766894 -0.17123225 -0.28407368 -0.24484289 -0.10577532 0.1102274 -0.018431688 0.1512049 -0.06714759 -0.3585081 -0.3614708 -0.10220129 -0.74388444 0.11322334 0.032839864 -0.08174792 -0.07410347
63 -0.045146994 -0.053310335 -0.08808715 0.10673072 0.28150734 -0.2430653 0.3704647 -0.06444981 -0.07342962 0.32122546 -0.028068636 -0.30537093 0.06456539 0.044317722 -0.2505659 -0.053360686 -0.100233085 -0.14150292 -0.20961279 -0.22592865 0.25254673 -0.109918386 0.24883102 -0.21478228 -0.18665104 -0.21513258 0.087082654 -0.54530066 0.38387206 -0.089314334 -0.18668534 0.2450792
97 -0.03678979 -0.0018971985 -0.1346977 0.07912055 0.3015443 -0.22244357 0.33242664 -0.02246992 -0.03388293 0.33239383 0.02515883 -0.24777083 0.059914585 0.043627836 -0.20483707 -0.0549659 -0.08153368 -0.10955196 -0.2590934 -0.1922667 0.25352365 -0.06493733 0.24614622 -0.14156497 -0.22066458 -0.2751564 0.11972652 -0.62130356 0.33021176 -0.06643843 -0.16805847 0.15377772
62 -0.03852112 -0.06256624 -0.080191255 0.07597405 0.28993896 -0.25062224 0.3543248 -0.027557775 -0.077266164 0.3319531 0.017084174 -0.32959253 -0.023547785 0.10239481 -0.19150957 -0.1101874 -0.12152415 -0.122477755 -0.14502399 -0.23443475 0.17472523 -0.08725622 0.30514643 -0.20535062 -0.19844015 -0.20554031 0.10196759 -0.57980484 0.3370075 -0.079610795 -0.19754013 0.17582102
14 -0.030755298 -0.070782036 -0.030429818 0.11828976 0.31494048 -0.27984077 0.4386419 -0.024552645 -0.13383864 0.32615614 0.073631585 -0.41721275 -0.03755236 0.09636146 -0.121626414 -0.12520918 -0.15672989 -0.041869078 -0.16072784 -0.22217037 0.22430336 -0.07187336 0.21180423 -0.2036854 -0.16612622 -0.24099518 0.08781302 -0.60059345 0.33948427 -0.1106159 -0.18818384 0.19558638
87 0.018386154 -0.0048557026 -0.13779482 0.06125677 0.18466476 0.043170102 0.12900895 0.018150242 0.066208646 0.20933628 -0.0722092 -0.064630084 -0.022082606 0.038306106 -0.2505658 -0.0040217945 -0.03914239 -0.2679678 -0.054396175 -0.25369266 0.10929678 -0.13409746 0.41011098 -0.12064072 -0.3171368 -0.23454636 0.13467386 -0.7149321 0.23744775 0.0052355877 -0.15889028 -0.026097238
18 0.021835571 -0.13980907 0.0032906765 0.05661075 0.29029235 0.06596568 0.11432026 0.07065872 -0.0061485516 0.1947387 -0.13636363 -0.25781617 -0.25296152 0.1445393 -0.04439835 -0.045449067 -0.093934 -0.12981334 0.024284972 -0.38159057 -0.040031224 -0.16328244 0.43679318 -0.23034276 -0.17562288 -0.16644302 -0.02855311 -0.7620029 -0.031360254 -0.12630005 -0.37179485 -0.114695325
77 -0.028390236 0.04510671 -0.12917438 0.06530694 0.23731895 0.016707014 0.19075382 0.0035040511 0.05459572 0.20712504 -0.10417046 -0.12088849 -0.017298248 0.08578265 -0.23889393 0.021756956 -0.061481006 -0.29002056 -0.10608262 -0.2376926 0.13112497 -0.12576844 0.37057126 -0.16441984 -0.2664873 -0.21128817 0.07756922 -0.6851014 0.2220827 -0.021125568 -0.18659246 0.026223872
2 0.023744699 0.039307892 -0.111229725 0.02235895 0.2541343 0.019425265 0.15262333 0.028409313 0.053053983 0.18770659 -0.0961667 -0.11325862 0.016078614 0.018777603 -0.22059563 0.009374433 -0.06227848 -0.28151348 -0.10266288 -0.18465438 0.14681442 -0.10640019 0.36219692 -0.076369114 -0.30751246 -0.22988042 0.14375657 -0.71838653 0.2748954 0.03370301 -0.15376487 -0.020921264
19 0.065836996 -0.120009445 -0.027871812 0.058176134 0.23564464 0.07238946 0.15436682 0.05317775 -0.051628366 0.25038266 -0.09342942 -0.2547203 -0.16914259 0.091650136 -0.098931655 -0.054757632 -0.08125421 -0.11440489 0.012398857 -0.37793827 0.0006504726 -0.17491326 0.45451337 -0.20370325 -0.21968335 -0.16994683 0.03428434 -0.72005475 0.057018586 -0.080406964 -0.32138819 -0.036587276
1 -0.010435276 -0.115382336 -0.02843288 0.047350306 0.22847247 0.032282293 0.062996835 0.082133956 -0.03207119 0.19997507 -0.06068304 -0.19104102 -0.16473971 0.065588154 -0.08837719 -0.063794315 -0.07868582 -0.13084209 0.003925608 -0.38396958 0.033017233 -0.18829358 0.46736097 -0.15977131 -0.24030055 -0.22292978 0.03301799 -0.76410544 0.015263225 -0.09247769 -0.35336655 -0.09886499
110 -0.028733963 0.06801866 -0.06411118 0.026438426 0.3616567 0.09052462 0.16039523 -0.063425735 0.08063698 0.17234202 -0.17011997 -0.15943947 -0.012860719 0.1812863 -0.26418492 -0.04776692 -0.13953103 -0.3007337 -0.25717518 -0.1478634 0.095942594 -0.059597995 0.20611173 -0.096866325 -0.36459503 -0.325991 -0.04719295 -0.6644831 0.16494225 0.0052186158 -0.08253305 -0.031416122
112 -0.003610009 0.028191173 0.004983916 -0.009864978 0.39154795 0.12392849 0.11123678 -0.09616417 0.093767375 0.12147152 -0.1300321 -0.14395368 -0.05237131 0.21786201 -0.2340169 -0.052995313 -0.14437176 -0.2998445 -0.23978588 -0.1512611 0.09583976 -0.058831546 0.25692302 -0.07205575 -0.37681797 -0.36144224 -0.103817336 -0.70991135 0.11378454 0.035719197 -0.086522214 -0.09717194
108 0.04293751 -0.067033425 -0.13853848 0.039737 0.18056287 -0.07371122 0.17280751 0.018469224 0.037034083 0.26582763 -0.06666404 -0.18360402 0.044181418 -0.044244595 -0.2173637 -0.0521999 -0.012786459 -0.17045955 -0.10586346 -0.27143043 0.22807546 -0.15411337 0.35226792 -0.1776065 -0.2816825 -0.2035695 0.1770222 -0.668741 0.30157077 -0.063753635 -0.24566375 0.09547469
79 -0.018370336 0.06634627 -0.0034021835 0.023266597 0.3846541 -0.0023731312 0.14437802 -0.096289754 0.04358482 0.2148146 -0.07153607 -0.19571541 -0.050370656 0.22139697 -0.18708357 -0.078985006 -0.16333747 -0.26756403 -0.26867288 -0.18048055 0.110573895 -0.04095006 0.25124303 -0.14209525 -0.336304 -0.36219966 -0.13850926 -0.6376409 0.12320121 -0.0069650253 -0.09442774 -0.038478285
39 0.035264753 0.038604934 -0.07104078 0.020429146 0.4276388 0.19420044 0.11910586 -0.035791725 0.08231866 0.1214532 -0.19486395 -0.08441755 -0.045493856 0.19310907 -0.25744137 -0.06707743 -0.12924032 -0.28936023 -0.25554764 -0.11236749 0.029676931 -0.014513598 0.16969435 -0.07960996 -0.41912198 -0.42379162 -0.11934358 -0.73489404 0.07147098 0.05161972 -0.13898706 -0.14508864
118 0.03220886 -0.15493624 0.002425495 0.060799558 0.255923 0.02229425 0.14380275 0.12013321 -0.020211775 0.21857621 -0.082399726 -0.26946473 -0.21901442 0.0658547 -0.06252865 -0.055749457 -0.08093612 -0.12709312 0.032402337 -0.37851202 0.023800889 -0.19428976 0.42561612 -0.25488406 -0.2074155 -0.12775786 0.05773016 -0.73631847 0.092267655 -0.099291384 -0.36285886 -0.044502474
126 -0.007875365 0.048479464 -0.029956076 0.011549055 0.41685387 0.09586291 0.16597106 -0.09389069 0.102470756 0.13663502 -0.18939352 -0.17582639 0.0050444608 0.18063259 -0.2721661 -0.0827157 -0.15488224 -0.32290503 -0.29544464 -0.07897365 0.13527113 0.00081153173 0.13110477 -0.07881219 -0.36972797 -0.36010846 -0.12820621 -0.6923517 0.15905495 0.03710245 -0.07248471 -0.060461216
128 0.016287317 0.1130904 -0.0505488 -0.029384939 0.36469752 0.1684082 0.074429266 -0.07467514 0.10169637 0.15744883 -0.119394705 -0.10887408 -0.059229475 0.14981951 -0.19537261 -0.019678336 -0.10847364 -0.33754423 -0.18402924 -0.12333349 0.03926958 -0.06010588 0.315634 -0.008384175 -0.44347188 -0.3458808 -0.08241458 -0.7596506 0.1074804 0.041382153 -0.019195111 -0.13891086
81 0.018320223 0.014047992 -0.096949644 0.05587807 0.24676071 0.0032470997 0.18597269 -0.010493637 0.015870865 0.25792262 0.005172668 -0.1414204 -0.058497224 0.06096133 -0.17205897 0.014009688 -0.016821384 -0.1688789 -0.10076284 -0.28357285 0.102764174 -0.11076357 0.3834952 -0.12851492 -0.2880811 -0.2225898 0.09280858 -0.6943183 0.17320518 -0.0161297 -0.20043558 0.013394568
20 -0.054636717 -0.024986222 -0.10853707 0.048808303 0.30340725 -0.24001125 0.37881455 -0.088790424 -0.052824326 0.29719275 0.047625337 -0.34228912 0.0766238 0.11704433 -0.19863112 -0.1020583 -0.1669745 -0.12520814 -0.25460383 -0.18324131 0.26075462 -0.047642246 0.21819717 -0.20681994 -0.22776294 -0.26517147 0.039066635 -0.5857873 0.34733313 -0.08612042 -0.10956386 0.2118683
56 0.056299474 -0.116617024 -0.07265731 0.049731735 0.25088388 0.111894526 0.08222033 0.050477657 0.016136542 0.20845611 -0.17550778 -0.16825196 -0.1390836 0.06731166 -0.16430075 -0.047731742 -0.034782484 -0.17365204 -0.042610727 -0.32868114 0.02630863 -0.17491268 0.40848163 -0.19164439 -0.25947812 -0.21929677 -0.0002526335 -0.7269422 0.04921088 -0.05086266 -0.29393387 -0.1172533
124 -0.009326489 -0.0017618861 -0.049111944 0.05707783 0.32961336 -0.113588996 0.273651 -0.020517781 -0.016485842 0.2819884 -0.03233849 -0.26360565 0.034014627 0.09858957 -0.20122047 -0.079751275 -0.13029242 -0.14247017 -0.23545013 -0.15063953 0.23537926 -0.060646705 0.19470234 -0.18052377 -0.2778678 -0.28220332 -0.0009162263 -0.63966286 0.22835195 -0.056597777 -0.14679508 0.12302025
29 -0.04213045 0.08251395 -0.05479757 0.02250384 0.37225375 0.018264722 0.11690504 -0.086655274 0.07641427 0.17908978 -0.110748574 -0.14042518 0.05037039 0.20109396 -0.28138345 -0.058690563 -0.14461379 -0.32938793 -0.29278976 -0.09893043 0.15992244 -0.02762315 0.17492405 -0.10741194 -0.3909964 -0.3669833 -0.08551255 -0.67150265 0.17291906 0.043280985 -0.07970761 -0.0206371
78 -0.011380648 0.04402343 -0.024896998 -0.01673218 0.46373552 0.08744376 0.17124394 -0.083072394 0.06197556 0.16375604 -0.17957035 -0.19164671 0.029598324 0.20307253 -0.2585419 -0.07355008 -0.1385678 -0.28304905 -0.3262884 -0.08802718 0.16022706 -0.015545184 0.15707345 -0.114512436 -0.37022358 -0.35491458 -0.09404528 -0.6366268 0.13766198 0.01692106 -0.060066797 -0.01806413
44 -0.06515435 0.1326898 -0.1253658 0.05226045 0.2850321 -0.16741319 0.24101128 -0.033828486 0.032974117 0.29623744 0.069377854 -0.17107263 0.027297609 0.08852527 -0.19504702 -0.015070375 -0.08931274 -0.21606939 -0.17156693 -0.20348792 0.17148322 -0.048256505 0.32131377 -0.06270977 -0.29381758 -0.29321346 0.07556232 -0.6508119 0.30352587 0.02102774 -0.12507544 0.073014714
92 -0.022905255 0.08426571 -0.06436056 0.03594347 0.47980195 0.06754411 0.18629938 -0.18812232 0.08074269 0.1713904 -0.14331618 -0.17075843 0.0987963 0.2716262 -0.3254755 -0.044168063 -0.19562928 -0.34848812 -0.39310998 -0.026087107 0.15787177 0.0764177 0.120402604 -0.058153417 -0.42636386 -0.4952517 -0.18256181 -0.6276142 0.19897081 0.0505342 0.026221903 -0.034460034
41 0.006845775 0.013415209 -0.11788298 0.029162139 0.3122228 0.043972448 0.25040755 -0.0390489 0.06411049 0.2315331 -0.090973936 -0.16794778 0.024046948 0.04398633 -0.23680393 -0.06487585 -0.09574922 -0.25190893 -0.20322882 -0.14360346 0.14785114 -0.054623563 0.2585237 -0.094808586 -0.36525637 -0.32317185 0.0054557454 -0.6326572 0.23650107 -0.0007910122 -0.11832344 -0.005773319
46 0.104642004 -0.22220176 0.05142123 0.05623246 0.27209362 0.11734927 0.14939119 0.109444894 -0.048335038 0.20622984 -0.112149835 -0.30383357 -0.27843523 0.06906326 -0.03194504 -0.07913156 -0.074526094 -0.072713315 0.053985033 -0.3996663 -0.02728273 -0.19181243 0.46568546 -0.20010878 -0.23068406 -0.11424844 0.034832835 -0.7428851 -0.0004183444 -0.13092212 -0.383508 -0.08108351
48 0.045949005 -0.0060968422 -0.069031894 0.03642462 0.23824866 0.042963274 0.15677233 0.0255379 0.031797975 0.22948758 -0.040468913 -0.14276321 -0.09252665 0.07166597 -0.17052338 -0.05267103 -0.027665041 -0.20345591 -0.08568479 -0.3058498 0.06730188 -0.1271291 0.43073234 -0.11605357 -0.28949293 -0.26591325 0.08603186 -0.69611484 0.1933054 -0.025493212 -0.19862986 -0.022564145
8 0.050703052 -0.121736504 -0.023038859 0.07625288 0.27432775 0.06992405 0.14635544 0.05536678 -0.0520816 0.23934989 -0.09255494 -0.26067555 -0.2301728 0.09486429 -0.041577756 -0.058193684 -0.052845035 -0.10416978 0.0060236724 -0.33910522 -0.0057867686 -0.1419472 0.41379672 -0.18568562 -0.22978748 -0.17918967 0.02240628 -0.7663905 0.011918033 -0.08093482 -0.3462845 -0.072155625
3 0.06210743 -0.15695488 -0.013981808 0.06770057 0.2398911 0.11322205 0.09677065 0.07223953 -0.046396866 0.21508142 -0.13035971 -0.20697357 -0.20481469 0.09936225 -0.07311936 -0.033998728 -0.06367163 -0.11866907 0.01582043 -0.34883663 0.0049097845 -0.17241868 0.45665142 -0.19612835 -0.25273138 -0.1504198 -0.0012856158 -0.77124727 -0.030091502 -0.113070674 -0.33513913 -0.1009723
102 -0.033676915 0.120596096 -0.02792169 -0.015653275 0.43686882 0.14537877 0.13308397 -0.103858724 0.12770733 0.16264443 -0.12646492 -0.11199854 0.036130536 0.22902505 -0.2747412 -0.04899087 -0.13442191 -0.36227393 -0.33503398 -0.07850719 0.116401695 0.009086713 0.19325405 -0.0965013 -0.43315795 -0.41335508 -0.13498849 -0.63565433 0.13175529 0.083261676 -0.039261423 -0.03991827
49 0.013580804 -0.050202284 -0.10136192 0.10480473 0.20884949 -0.2034246 0.3290178 0.040548302 -0.07745242 0.3217909 0.014994321 -0.2683083 -0.042389356 0.021769779 -0.16687968 -0.04245857 -0.056068078 -0.09863125 -0.097266994 -0.28726375 0.20850533 -0.1364138 0.31394598 -0.2302933 -0.18530257 -0.17074084 0.16655597 -0.6467793 0.32009465 -0.068252385 -0.22774038 0.1582469
85 -0.02753422 0.102735855 -0.044070274 0.00216557 0.47398818 0.06791165 0.18783829 -0.12531017 0.08045041 0.13670163 -0.086820066 -0.17858568 0.009396386 0.2430972 -0.2578374 -0.06974802 -0.17107877 -0.3107583 -0.3386128 -0.067317866 0.11373294 0.046787996 0.11037335 -0.07991123 -0.38503453 -0.4562999 -0.16502936 -0.66903824 0.14166093 0.054963585 -0.016749743 -0.054356407
35 -0.0642155 -0.08203457 -0.10897032 0.041748196 0.270014 -0.1476463 0.30128354 -0.076649904 -0.066151686 0.29659188 0.0039563305 -0.31809372 -0.004215478 0.09049087 -0.17137015 -0.12759818 -0.118775256 -0.11024791 -0.19754224 -0.23932828 0.1836803 -0.10552709 0.2594587 -0.1709324 -0.21809179 -0.27079624 0.011544063 -0.59938306 0.26239252 -0.090116784 -0.21046437 0.14653723
75 0.03574039 -0.0043921364 -0.054077063 0.039797526 0.27641815 0.09245081 0.1428757 -0.004618381 0.05354966 0.1931191 -0.07664032 -0.14493652 -0.08923363 0.09917338 -0.1461956 -0.027860837 -0.08951944 -0.23915765 -0.07258797 -0.24922664 0.034862243 -0.12556076 0.3775972 -0.092590965 -0.35109833 -0.24558651 0.020186147 -0.7222975 0.13369052 0.016622813 -0.20607275 -0.05854009
23 -0.00091944786 0.046579458 -0.103549525 0.049587823 0.30705157 -0.013520154 0.24958506 -0.048841175 0.031159926 0.25168046 -0.024274075 -0.16391914 0.008948107 0.16148531 -0.2553156 -0.04335355 -0.11759051 -0.24145772 -0.20373207 -0.18254548 0.12175838 -0.01781583 0.23868255 -0.10609408 -0.30781615 -0.35533115 0.014345567 -0.657787 0.24285549 0.036082774 -0.13003291 -0.009310898
26 0.090180345 -0.14430521 0.008765208 0.06850606 0.28518716 0.09748123 0.12551071 0.05913947 -0.029580163 0.19434294 -0.15122324 -0.24680683 -0.20043084 0.09583156 -0.10049296 -0.07855394 -0.07746192 -0.11866113 -0.012594448 -0.33227387 0.043312743 -0.1962145 0.43678656 -0.20959319 -0.23970789 -0.17199656 0.022772357 -0.7257486 0.05206041 -0.1250447 -0.2968533 -0.08709459
45 -0.033448037 -0.080146 -0.124390684 0.09468326 0.31389055 -0.2346322 0.39462158 -0.045730285 -0.074465655 0.29892656 0.030139482 -0.35573396 0.04886048 0.071815886 -0.194002 -0.13268492 -0.15837039 -0.033012174 -0.2450186 -0.2070313 0.2741159 -0.056088522 0.17755193 -0.16498399 -0.16847776 -0.25035587 0.08336757 -0.6121798 0.33062506 -0.07206469 -0.17827225 0.16526088
10 0.0773732 -0.016225869 -0.13611507 0.035462752 0.18626015 0.066147685 0.15772782 0.06312182 0.023688963 0.21789706 -0.088665865 -0.13446516 -0.096180655 0.020609953 -0.17765695 -0.00774235 -0.045301393 -0.22710823 -0.04754366 -0.30723614 0.07249691 -0.18904899 0.43033814 -0.15010315 -0.28165013 -0.16814357 0.11238321 -0.6972967 0.18212973 -0.003595379 -0.25027284 -0.043652967
116 0.018604318 -0.042383544 -0.049399246 0.024477934 0.36645398 0.19670704 0.06533629 -0.04366742 0.04995791 0.1517764 -0.15685992 -0.14152668 -0.08169655 0.18376009 -0.21604304 -0.061612193 -0.12887506 -0.24869421 -0.16866547 -0.18346837 0.047497317 -0.027995273 0.2582504 -0.10710376 -0.3600054 -0.35296986 -0.08910965 -0.72566265 0.014283916 0.017771011 -0.18455023 -0.11465358
99 -0.014053603 0.06978075 -0.106944524 0.02225513 0.3563416 0.027692176 0.20357311 -0.12689915 0.049932934 0.18612053 -0.13479888 -0.14742649 0.068440124 0.19457564 -0.29672587 -0.025218472 -0.14144121 -0.31481725 -0.33742115 -0.0916634 0.18764095 -0.01736502 0.20802225 -0.13582833 -0.3564489 -0.40016466 -0.082952365 -0.6469393 0.18658909 0.052337494 -0.08074749 0.042240784
65 -0.0029887985 0.009741878 -0.050971426 0.025373446 0.30864814 0.042062458 0.1366812 0.004489996 0.05883737 0.19557922 -0.11399112 -0.16063456 -0.042593878 0.12739992 -0.20352633 -0.0633108 -0.08720854 -0.24115886 -0.20845068 -0.20199266 0.14121449 -0.12631887 0.32347924 -0.15268056 -0.30003956 -0.30645543 -0.024588563 -0.63001686 0.1402135 -0.054862894 -0.18616493 0.0015031082
60 -0.111618586 0.06789461 -0.07717189 0.078592494 0.39529365 -0.24523716 0.4141652 -0.1024839 -0.050873674 0.33955383 0.0858483 -0.30183116 0.02948243 0.17183171 -0.20191847 -0.07975059 -0.17610444 -0.147251 -0.26706487 -0.13328323 0.18637598 0.008193204 0.16622148 -0.16446142 -0.26996568 -0.32929304 -0.05264379 -0.55454755 0.3170016 -0.055320412 -0.12566376 0.14286147
72 0.024444552 0.002289286 -0.13961414 0.029462425 0.20223187 -0.08145015 0.17192994 -0.025778381 0.0571791 0.23276414 -0.09878016 -0.15003256 0.116999045 -0.018693466 -0.2693785 -0.06041075 -0.045559976 -0.21283849 -0.21264854 -0.1874987 0.2571729 -0.11514702 0.28280815 -0.12653767 -0.28364244 -0.27798122 0.15322062 -0.63774824 0.35751113 -0.013643124 -0.15152127 0.085622534
123 -0.0008335972 0.06846617 -0.0458048 0.0059727966 0.40390185 0.035234418 0.20242447 -0.1394436 0.02917393 0.18889491 -0.10271389 -0.18318175 0.009642438 0.22900112 -0.27040017 -0.036794294 -0.18723008 -0.30640107 -0.30991468 -0.071136355 0.11867642 -0.0051428853 0.17707579 -0.05155846 -0.36175635 -0.39941582 -0.07052844 -0.66294 0.19014488 0.07332931 -0.015756162 -0.0030567104
51 -0.027119813 0.03455871 -0.04842328 0.07137759 0.38652208 -0.043211225 0.2701994 -0.0954246 0.008078141 0.22183855 -0.06906976 -0.19126894 0.008548069 0.15176503 -0.23027804 -0.082527116 -0.1612347 -0.21398985 -0.2536718 -0.13684021 0.15155526 -0.030378487 0.17770414 -0.09331707 -0.31793752 -0.39354616 -0.07968451 -0.6363997 0.21335424 -0.011995008 -0.09170271 -0.0024032579
103 0.016993303 0.072960824 -0.02873626 0.017517723 0.3874161 0.079025045 0.13107345 -0.053019892 0.06810665 0.18671772 -0.07781562 -0.16944169 -0.03013121 0.2010079 -0.19860107 -0.04656472 -0.13450001 -0.2759776 -0.20910041 -0.18670796 0.091647096 -0.014562909 0.25868806 -0.12234223 -0.34244016 -0.33760756 -0.06258592 -0.70536536 0.106586024 0.025984518 -0.13195412 -0.06962383
96 0.031293415 -0.07227882 -0.104077235 0.051642682 0.22035982 0.037701186 0.14699122 -0.0085952785 0.04143983 0.22686023 -0.10241513 -0.1446526 0.005664395 0.011723639 -0.22429451 -0.060731914 -0.07030776 -0.18920264 -0.09942625 -0.22402565 0.157759 -0.12506965 0.32358998 -0.1316766 -0.3193694 -0.26594257 0.07171681 -0.6927885 0.21531902 -0.0032675567 -0.23608363 0.01607243
82 -0.0064792624 -0.004667707 -0.061778117 0.016032338 0.21903951 -0.012617212 0.18152802 0.04854583 0.0167193 0.29787445 -0.008816677 -0.17014389 -0.084921815 0.08218528 -0.12917411 0.002758628 -0.04656758 -0.21034554 -0.04974265 -0.3331609 0.048441887 -0.15303971 0.48214942 -0.17767751 -0.2524581 -0.21331847 0.06314575 -0.6331292 0.19069324 -0.046550583 -0.20920824 0.0046355445
57 0.008983736 0.04907194 -0.1889709 0.05340854 0.1682147 0.025524016 0.22362854 0.010213682 0.059284784 0.16168001 -0.11008671 -0.058207583 0.015684484 -0.012665312 -0.28904873 0.023112245 -0.044422008 -0.30264214 -0.07512202 -0.22123362 0.15786864 -0.16458315 0.3650512 -0.11443016 -0.29743338 -0.17381069 0.1299217 -0.73102987 0.28173804 0.008907871 -0.14319704 0.01791805
37 0.045276675 -0.12268951 -0.038685802 0.075999 0.27187216 0.050102618 0.19403125 0.01856803 -0.0016428485 0.16871649 -0.17320356 -0.21600334 -0.103487834 0.0138564445 -0.18854918 -0.05249568 -0.07828954 -0.19254333 -0.09327102 -0.23062992 0.14775963 -0.1555902 0.3178365 -0.17656256 -0.26416245 -0.16970046 0.06103777 -0.69974536 0.22247109 -0.07698293 -0.20651194 0.0134724565
89 -0.046735033 0.059727184 -0.09884371 0.06307216 0.2931287 -0.22099799 0.3735256 -0.09030208 -0.028041044 0.3049412 0.027970102 -0.2480652 0.07196541 0.12770867 -0.24406728 -0.07692476 -0.11164014 -0.19549175 -0.30726776 -0.1628669 0.26556578 -0.05726663 0.21304905 -0.18065314 -0.26749063 -0.3246883 0.046034276 -0.54688394 0.38833869 -0.015505393 -0.061314266 0.17612225
52 -0.009975253 0.10092199 -0.09094708 0.009965696 0.3824549 0.13834919 0.11955815 -0.11600744 0.11993669 0.11257171 -0.19791356 -0.092632495 0.046121053 0.15068732 -0.32459515 -0.012358039 -0.12338519 -0.3982809 -0.28024167 -0.091616325 0.14789644 -0.06424065 0.20383233 -0.048336733 -0.41462365 -0.3325224 -0.065685734 -0.6968067 0.23400132 0.05478591 -0.022561116 -0.023957545
13 0.057850085 -0.13254568 -0.07043824 0.09199176 0.21770386 -0.019638818 0.16399606 0.04028552 -0.059521586 0.23762822 -0.07234342 -0.23454894 -0.12421066 0.04407325 -0.12134586 -0.0501346 -0.049240667 -0.048377637 -0.025216315 -0.34227824 0.10066017 -0.15860485 0.4014097 -0.20641576 -0.21919292 -0.17680608 0.079612546 -0.7313164 0.07858057 -0.13433988 -0.33494848 0.0058090105
101 -0.03830546 0.08680798 -0.09230221 0.013514845 0.42122173 0.12803374 0.16669159 -0.16124457 0.109935336 0.1882359 -0.11175189 -0.06773255 0.04922371 0.24707024 -0.34332561 -0.0038345575 -0.134176 -0.3443359 -0.29850268 -0.085521586 0.12883309 0.032122903 0.120967 -0.06255821 -0.41563088 -0.46762493 -0.14888763 -0.6735351 0.12418629 0.083051234 -0.03347942 -0.082541145
122 0.07288809 -0.1874613 -0.01062845 0.050094396 0.2687865 0.14996515 0.031000677 0.0489991 -0.022149267 0.19998513 -0.15713078 -0.22383341 -0.17696436 0.0917851 -0.10723712 -0.100990206 -0.11138071 -0.12790708 0.0014545245 -0.33592346 -0.030071978 -0.16233289 0.41526377 -0.17496985 -0.3050289 -0.22342302 -0.016627371 -0.7718083 -0.0130816065 -0.10603276 -0.3033836 -0.12563734
67 0.012639762 -0.00090133137 -0.108825795 0.049971092 0.22189862 -0.10494913 0.29881683 -0.012020326 -0.03219962 0.31801027 -0.01943837 -0.25887647 -0.02124727 0.06010264 -0.18876219 -0.03936161 -0.03706497 -0.18366261 -0.106195115 -0.29161295 0.1706029 -0.15661743 0.36763385 -0.20867088 -0.24575946 -0.19654709 0.11135766 -0.5810338 0.3328939 -0.05343915 -0.19628088 0.09515437
115 0.042135116 -0.0031005992 -0.07445072 0.038937893 0.22786103 0.038155045 0.12794924 0.03224718 0.045738526 0.23672006 -0.06424839 -0.15515193 -0.025499197 0.028337143 -0.1917224 -0.04315706 -0.04975857 -0.21072474 -0.08248482 -0.24969426 0.15959577 -0.12836027 0.43470418 -0.151518 -0.29281804 -0.20302162 0.15142134 -0.70846695 0.26209426 0.02535435 -0.19319533 0.05447169
114 0.04716285 -0.19608045 0.010150737 0.038653966 0.29009786 0.13605757 0.08583459 0.052996784 -0.034306057 0.12062299 -0.17393458 -0.2488194 -0.1957967 0.052715212 -0.051344857 -0.10704486 -0.1239872 -0.13488723 0.022278478 -0.32987088 0.017157609 -0.20753191 0.42155534 -0.17459859 -0.22990216 -0.14242512 0.004549281 -0.79772437 0.017953873 -0.13607402 -0.3420231 -0.13945283
22 -0.0067862133 0.004921144 -0.049344786 0.058663737 0.34713548 -0.15968856 0.2809708 -0.079503156 -0.027430031 0.2389148 -0.024191162 -0.29622203 0.03886261 0.10357621 -0.22507353 -0.088222526 -0.11873919 -0.15261859 -0.2773181 -0.1438387 0.246246 -0.055969626 0.16361085 -0.16020675 -0.25603482 -0.2993202 0.011009852 -0.614937 0.28715244 -0.06776362 -0.12708177 0.109984465
86 -0.051471356 0.10268413 -0.05404889 0.039116465 0.35103545 -0.18176603 0.32142326 -0.07066613 -0.023047816 0.2846517 -0.00014350767 -0.23053484 0.030712917 0.17755459 -0.2604769 -0.038901977 -0.13215478 -0.2573369 -0.23449267 -0.17054643 0.2026094 -0.039205827 0.22167562 -0.17305027 -0.25702423 -0.3030164 0.01918305 -0.58149076 0.324044 -0.02787844 -0.036768857 0.14402086
117 -0.085581124 0.021899132 -0.07565373 0.072719805 0.2997337 -0.2756903 0.4217192 -0.040607516 -0.06857458 0.34101424 0.083335556 -0.31706488 0.025819449 0.12663256 -0.2129657 -0.049124505 -0.12889586 -0.1578295 -0.19539292 -0.19312651 0.21502087 -0.055076774 0.24719581 -0.20764914 -0.22914885 -0.2257371 0.06930377 -0.5561339 0.3661782 -0.06425924 -0.13492332 0.21104468
73 -0.01412883 0.00825891 -0.05069436 -0.00384602 0.38554797 -0.018605178 0.24247321 -0.115182646 -0.011643579 0.2474942 -0.107723184 -0.2376108 0.0023462228 0.18424404 -0.20969805 -0.08539069 -0.11961777 -0.24912792 -0.3021239 -0.15799731 0.14445712 -0.039750457 0.21441622 -0.13139378 -0.30106243 -0.3387217 -0.0751135 -0.6005651 0.23385145 0.005956059 -0.068954386 0.056984887
83 0.021399494 -0.046705034 -0.09994695 0.05209839 0.21165985 0.005270283 0.22945255 0.07956991 0.01503276 0.23981357 -0.049480297 -0.18367244 -0.06182116 0.01110533 -0.21837367 -0.013401943 -0.052164096 -0.23111978 -0.022517048 -0.22703561 0.1485249 -0.14863154 0.42366245 -0.12980138 -0.2522339 -0.1354732 0.14619227 -0.74010867 0.25201762 0.01370007 -0.1973104 0.04759568
66 0.024733922 -0.036947332 -0.09844976 0.10293672 0.22926418 -0.014540198 0.2040472 0.004667645 -0.003144898 0.24553272 -0.073101826 -0.13579926 -0.044034995 0.07944988 -0.23412657 0.04982968 -0.042352382 -0.23531145 -0.07321578 -0.23605707 0.10019073 -0.11739185 0.4366686 -0.16516896 -0.28177813 -0.15153624 0.08282368 -0.6862438 0.22601582 0.018880116 -0.2055137 0.047462516
100 0.0051345616 -0.054741044 -0.07433757 0.038326476 0.21516714 0.03484843 0.14650448 0.040852696 -0.0074828845 0.23573527 -0.082631245 -0.18242256 -0.13412827 0.08384934 -0.14684156 -0.039129056 -0.084444754 -0.21761873 -0.044890627 -0.2994617 0.06531203 -0.15087569 0.3909134 -0.17424479 -0.24187659 -0.19270968 0.06587817 -0.72845083 0.122443415 -0.04606626 -0.2336436 -0.042422917
105 0.010930856 0.026313886 -0.05903531 0.07207074 0.26346865 -0.07488887 0.19353928 0.003992866 0.018014884 0.23550266 0.0022767554 -0.13212863 -0.03015418 0.06411283 -0.19359744 -0.030259555 -0.055520587 -0.21490166 -0.11100058 -0.19157243 0.1476532 -0.10801242 0.3456824 -0.091538504 -0.3046244 -0.22379498 0.08108484 -0.73115104 0.19541852 0.040278744 -0.17469677 0.010102567
11 -0.030650608 -0.0483345 -0.055368867 0.11712986 0.23775819 -0.19954488 0.3532401 -0.014205927 -0.05604439 0.28277177 0.02502045 -0.30991393 -0.10374279 0.08864118 -0.16669871 -0.044966333 -0.091637745 -0.12840468 -0.091231026 -0.27835122 0.15657535 -0.1403173 0.3494494 -0.26717895 -0.1748768 -0.12645447 0.072964355 -0.63151145 0.25693095 -0.10702883 -0.24412596 0.10116083
70 0.032732427 0.06474858 0.0013467841 -0.016303236 0.42059276 0.19208156 0.04495224 -0.08136125 0.07070048 0.13556673 -0.21089138 -0.12766345 -0.040551424 0.2415487 -0.22710319 -0.08275863 -0.17140533 -0.32939363 -0.27006787 -0.13606547 0.049721368 -0.01822713 0.18502034 -0.08883694 -0.42672816 -0.42762634 -0.14247823 -0.71260715 0.085173294 0.023306087 -0.045796294 -0.123197034
84 0.0034393042 -0.09203841 -0.0854287 0.06706421 0.18117332 -0.14958404 0.2635106 0.058896597 -0.102799766 0.34275207 0.03341371 -0.28082475 -0.066684194 -0.0075481078 -0.110325664 -0.049986135 -0.022608012 -0.07020008 -0.051970243 -0.34860945 0.16042908 -0.17305249 0.4133728 -0.21247508 -0.17755291 -0.1761633 0.14705636 -0.67718035 0.25093034 -0.10711546 -0.26275298 0.106873
40 -0.02162107 -0.0140076075 -0.060298204 0.062351067 0.34604624 -0.21838889 0.3223277 -0.03059724 -0.09050767 0.2914222 -0.028417777 -0.32266596 0.021639654 0.13116749 -0.21479975 -0.097989544 -0.107580125 -0.15887575 -0.2602029 -0.20265749 0.25717342 -0.06764352 0.19990204 -0.17598325 -0.20519215 -0.2646396 0.023249906 -0.609691 0.3392611 -0.057113204 -0.07838284 0.16340381
27 0.019939402 -0.0078595225 -0.12805037 0.015847195 0.21733631 -0.041259598 0.19128528 0.049871024 0.03884583 0.23231764 -0.074998796 -0.13203298 0.028740892 -0.01196316 -0.20599367 -0.07197513 -0.02309502 -0.21884523 -0.08414561 -0.26441777 0.17214203 -0.16082625 0.375783 -0.12911649 -0.27715835 -0.24082035 0.14778346 -0.6654937 0.28697494 -0.0116524855 -0.219367 0.063127935
68 0.035026487 -0.12119178 -0.03802719 0.06220659 0.21966703 0.050303385 0.121927075 0.09713265 -0.059469886 0.26078835 -0.045212824 -0.21016395 -0.21637398 0.056462113 -0.075587526 -0.012969409 -0.05144999 -0.05394283 0.0032079688 -0.37028116 0.026054857 -0.18679598 0.48922142 -0.20744228 -0.21750192 -0.12858732 0.09208803 -0.7926363 -0.0135524785 -0.09654539 -0.37466443 -0.034046
47 -0.07491097 0.019879268 -0.11511866 0.075508736 0.34722832 -0.34082016 0.40715382 -0.053585764 -0.06477222 0.37149334 0.1155951 -0.39070964 0.031957686 0.11921548 -0.1532557 -0.113890536 -0.13497084 -0.041721318 -0.27117428 -0.20279883 0.2702581 -0.018758824 0.16335239 -0.18553935 -0.20731147 -0.3387034 0.035272818 -0.61005443 0.34535682 -0.09785554 -0.123165905 0.20115998
28 0.04337898 -0.07804398 -0.040460914 0.08318486 0.3113098 -0.12637828 0.27197897 -0.023691237 -0.05034784 0.28017202 -0.060089312 -0.3122467 0.009383049 0.1061173 -0.19284585 -0.09251309 -0.109453484 -0.12657492 -0.19699562 -0.2333282 0.18631482 -0.072996594 0.23433301 -0.1876563 -0.22102149 -0.2521808 0.07332104 -0.6449125 0.27165854 -0.0714823 -0.18055208 0.1407542
90 0.027894707 -0.076829284 -0.0542297 0.038559407 0.26885158 0.05592737 0.19018067 0.026980119 0.0047237417 0.20503779 -0.074005805 -0.22487827 -0.11554997 0.05707062 -0.12776421 -0.03256813 -0.09126166 -0.16993381 -0.036206048 -0.2828589 0.053393036 -0.14689887 0.36168978 -0.15149173 -0.23000681 -0.21837392 0.04498645 -0.7226805 0.12145666 -0.06153168 -0.26541758 -0.036214244
74 0.062125437 -0.122166544 -0.033710916 0.041672487 0.2185088 0.22920938 0.03678649 0.09377209 -0.015854284 0.17108667 -0.14226437 -0.14894542 -0.2081831 0.04951546 -0.124390505 -0.023757994 -0.061700556 -0.22613344 0.061518647 -0.32624573 -0.031214703 -0.19243321 0.46735832 -0.11609107 -0.281504 -0.14879073 0.04741717 -0.8310227 0.014628488 -0.02287525 -0.31319237 -0.15522677
6 0.03427013 -0.093816176 -0.02891585 0.03244497 0.25487348 0.057675768 0.100183554 0.09722699 -0.04965664 0.21164235 -0.045221154 -0.24585919 -0.22840746 0.06593688 -0.031021895 -0.033164218 -0.06683978 -0.09537138 0.04591574 -0.40432823 -0.0061704065 -0.19996412 0.51603186 -0.15892965 -0.18613784 -0.1591757 0.053684313 -0.77898574 0.009741842 -0.10007592 -0.3591795 -0.06632605
33 0.046166338 -0.052570883 -0.11132147 0.046150964 0.2102282 0.013762942 0.20224036 0.013047633 0.04760642 0.20536001 -0.105939455 -0.1686558 -0.00012802075 -0.03238222 -0.2486785 -0.08224737 -0.034869295 -0.23721892 -0.07794192 -0.21528159 0.157165 -0.15035178 0.33394304 -0.11320313 -0.34131408 -0.18963616 0.1634921 -0.6864742 0.29589164 0.011518391 -0.17168397 0.02911369
50 0.014894553 -0.0179035 -0.005651095 0.011320842 0.3855486 0.06270882 0.20645198 -0.13688281 0.031089855 0.1460681 -0.12842096 -0.20240557 0.029415548 0.20292878 -0.24992889 -0.09046891 -0.17957693 -0.27717513 -0.24969181 -0.11418576 0.14722309 -0.013957598 0.17237392 -0.07693406 -0.35938957 -0.37775415 -0.094663836 -0.66778034 0.14745413 0.032967504 -0.03811606 -0.017253436
88 -0.07601801 -0.0013655617 -0.11012468 0.07560919 0.31510162 -0.28945166 0.37912536 -0.068334185 -0.11224355 0.35201532 0.054227006 -0.35450095 0.042593084 0.11941993 -0.16951133 -0.13755198 -0.1493486 -0.046510566 -0.29675907 -0.17167473 0.26721874 -0.04918322 0.17398408 -0.22914207 -0.21364428 -0.2974866 0.06132793 -0.5848864 0.32885817 -0.107834615 -0.14096646 0.22592162
4 0.03189659 -0.104966246 0.009738795 0.027487352 0.24948752 -0.026169868 0.14025933 0.050086174 -0.019201903 0.23714879 -0.03551129 -0.2701379 -0.09715159 0.025685754 -0.07310896 -0.12741128 -0.08217187 -0.10872406 -0.0487798 -0.3005026 0.115106866 -0.17614642 0.4092103 -0.1822368 -0.268679 -0.2007168 0.10181442 -0.68486595 0.16860427 -0.09693489 -0.26264754 0.008504636
93 -0.045314822 0.120107636 -0.1144596 0.027408928 0.44841647 0.16644213 0.12678736 -0.13937172 0.13530898 0.1526501 -0.16901518 -0.0449336 0.06608418 0.2727318 -0.370788 -0.016703581 -0.14163145 -0.39380887 -0.39734 -0.016478768 0.106045775 0.06331356 0.10901043 -0.03573101 -0.44937438 -0.47828037 -0.14823838 -0.6868834 0.14769073 0.12036719 -0.0051990524 -0.098906144
43 -0.10012545 0.10994399 -0.08572764 0.03840442 0.31802088 -0.2820189 0.3284029 -0.081839085 -0.072515115 0.37034076 0.09290002 -0.2986068 0.08428557 0.15553677 -0.20875645 -0.059602458 -0.10751905 -0.15359686 -0.29936257 -0.18877345 0.24726932 -0.028894411 0.23529412 -0.11095186 -0.2393698 -0.35784286 0.005278556 -0.55556935 0.3707802 -0.006888092 -0.08911863 0.18724537
15 0.08867365 -0.21327923 -0.044959515 0.043214314 0.23961738 0.11522985 0.07581346 0.07353225 -0.044508092 0.20596813 -0.17349689 -0.25419587 -0.21633638 0.02859643 -0.07961575 -0.08936983 -0.062081806 -0.092063226 0.018552775 -0.3776725 0.011073513 -0.19240735 0.4075251 -0.21966802 -0.2281281 -0.14704375 0.076487005 -0.77179617 0.042426858 -0.12821524 -0.34618393 -0.09685641
98 0.086065345 -0.05600706 -0.0646376 0.028299574 0.21765365 0.16338374 0.110464 0.03814919 0.033397004 0.15789984 -0.1424783 -0.112282015 -0.07385176 0.039365426 -0.19555236 0.0034186416 -0.050997026 -0.25646493 0.011364858 -0.28915092 0.058882356 -0.15855603 0.4645625 -0.096956335 -0.28720224 -0.17157257 0.09543812 -0.7641713 0.15085693 0.02165512 -0.22527245 -0.08548838
69 -0.0034323777 -0.10982143 -0.030668678 0.041227646 0.29459584 -0.049812987 0.22881642 0.020858692 -0.023824468 0.21997942 -0.038519245 -0.28830877 -0.16530064 0.0987133 -0.06966158 -0.116393976 -0.10183392 -0.11275792 -0.05725761 -0.31341213 0.0472053 -0.15543908 0.36810508 -0.17886443 -0.22352326 -0.20574655 0.019437604 -0.69277716 0.13515809 -0.08090384 -0.30328894 -0.01045572
120 0.017397627 0.038303792 -0.18031305 0.029919222 0.19634397 0.026887432 0.17087704 0.0069815004 0.10502498 0.18808718 -0.116145074 -0.0814202 0.03610296 -0.03981461 -0.28558418 -0.016204845 0.014814305 -0.30038744 -0.0999907 -0.20197086 0.16122304 -0.16827747 0.35821137 -0.11227956 -0.33875477 -0.18580882 0.12343052 -0.6911222 0.32242525 0.002848962 -0.16689467 0.01691279
113 0.03794986 -0.00428118 0.03151229 0.029765725 0.398942 0.054631326 0.113383666 -0.004720957 0.012534485 0.20267159 -0.1050971 -0.22544697 -0.11604108 0.1784435 -0.11508539 -0.112548195 -0.14609942 -0.19884253 -0.16224658 -0.2431596 0.06251715 -0.052959412 0.2948732 -0.1162502 -0.30025297 -0.31325823 -0.047243066 -0.677814 0.093740486 -0.03753266 -0.18775883 -0.051598955
54 -0.027898826 0.0037665248 -0.058290064 0.029333033 0.2797539 -0.06626805 0.24311706 0.018694656 -0.009377325 0.25473544 -0.020510847 -0.22595958 -0.10389992 0.11112835 -0.14482488 -0.026836146 -0.10714819 -0.1838314 -0.04145705 -0.3277512 0.055126343 -0.122607194 0.36645567 -0.15994482 -0.20396501 -0.2242879 0.028795779 -0.6652397 0.20085694 -0.030758591 -0.23302051 0.01834382
7 -0.0015525793 -0.0058258674 -0.071034975 0.019862693 0.27247864 0.109205626 0.1790031 0.080090426 0.045239445 0.15699494 -0.14361225 -0.14565895 -0.09241854 0.09683741 -0.18618779 -0.0072052735 -0.08648618 -0.27386463 -0.04956083 -0.2682725 0.083622575 -0.17841363 0.35304028 -0.19427866 -0.267632 -0.17155315 0.049352866 -0.7546863 0.1552474 0.0016067543 -0.18661328 -0.070176885
106 -0.045248765 -0.050466187 -0.1373754 0.07980288 0.2858878 -0.23758845 0.32059923 -0.0582499 -0.052723728 0.32795838 0.02739529 -0.30490357 0.05876899 0.06749621 -0.18069643 -0.060635783 -0.101273336 -0.05997667 -0.22752768 -0.2283724 0.28447887 -0.050681047 0.1972102 -0.17549682 -0.21427368 -0.2671272 0.08806983 -0.62108666 0.35365742 -0.07417109 -0.15371646 0.2029824
94 -0.12606846 0.029105198 -0.112553306 0.104962714 0.318345 -0.4277962 0.5300632 -0.08611258 -0.11126479 0.400814 0.15871678 -0.4024003 0.070052564 0.09622435 -0.19098997 -0.080942824 -0.17849106 -0.0620802 -0.23898786 -0.17527035 0.27096942 -0.012927815 0.2101906 -0.19775122 -0.16988055 -0.27282098 0.06960998 -0.5406542 0.42660618 -0.10729009 -0.12383906 0.2979356
34 0.031307105 -0.14192927 -0.0700143 0.03862189 0.25056043 0.08978862 0.11755954 0.048679125 0.0269627 0.19622208 -0.14367236 -0.17302538 -0.12588692 0.064530626 -0.17960271 -0.10142019 -0.09942441 -0.18253571 -0.06619537 -0.2611563 0.056736596 -0.15287519 0.348691 -0.18332468 -0.31444922 -0.25699028 0.03548558 -0.714489 0.11704326 -0.040153805 -0.26074937 -0.07366964
53 -0.064628765 0.05517594 -0.08572072 0.05562303 0.28121865 -0.22459212 0.35260087 -0.04856808 0.0063344543 0.3130148 0.017545879 -0.26334026 0.021940608 0.12594044 -0.2269999 -0.03334539 -0.089511134 -0.25756446 -0.1873654 -0.19824271 0.19406614 -0.08895276 0.30860013 -0.20794076 -0.22290678 -0.22651434 0.107640214 -0.5586674 0.39867732 -0.036449734 -0.07015041 0.12707655
58 0.10316007 -0.22363071 0.08524452 0.020987496 0.3184602 0.19647758 0.07166155 0.08585473 -0.030816201 0.19918911 -0.184388 -0.26142657 -0.24114701 0.1435216 -0.03203517 -0.10605883 -0.09987007 -0.14740466 0.023682918 -0.3411273 -0.043179285 -0.14719708 0.4363272 -0.22060092 -0.2772176 -0.1696231 -0.053465612 -0.7395392 -0.037224766 -0.118055604 -0.3056013 -0.17481679
91 -0.01986803 0.103385165 -0.0599343 -0.016356805 0.42733112 0.122808 0.15487328 -0.14178175 0.085839495 0.17085879 -0.13111354 -0.10867017 0.06286768 0.24071734 -0.3151582 -0.05807377 -0.1658383 -0.34242997 -0.35930616 -0.0762633 0.12297778 0.017981244 0.15898073 -0.06467322 -0.441358 -0.46678 -0.145239 -0.6723924 0.13737246 0.08765 0.004192649 -0.06775962
32 0.046588194 -0.113086544 -0.046797357 0.0515441 0.28195664 0.10655532 0.110347405 0.029594861 -0.025728123 0.24346142 -0.12273306 -0.23261386 -0.18465531 0.11700071 -0.09753043 -0.060253024 -0.09333477 -0.17064637 -0.06588646 -0.336129 0.0043413625 -0.16207047 0.4182221 -0.16053869 -0.27611086 -0.21023032 0.006289586 -0.7060966 0.050604172 -0.09139131 -0.30072674 -0.06901774
64 -0.08248473 -0.017989175 -0.0043534786 0.08214021 0.31221423 -0.15848242 0.21658894 -0.009692165 0.0020896802 0.22147422 0.049462598 -0.27146465 -0.08689346 0.11373138 -0.12213424 -0.059701223 -0.12612693 -0.11682064 -0.07962338 -0.3048054 0.14137441 -0.0841604 0.31635976 -0.1897269 -0.20748565 -0.23123562 0.007991322 -0.6758913 0.14325085 -0.09911758 -0.28097126 0.024244415
31 0.018262569 -0.08278397 -0.12201107 0.07967754 0.2820488 -0.1510433 0.30525735 -0.016574977 -0.06032829 0.30790097 0.036163457 -0.2890085 -0.0018217731 0.06405008 -0.17488901 -0.105725504 -0.07672277 -0.09428916 -0.18105944 -0.23991208 0.1918199 -0.04910492 0.22963448 -0.18402255 -0.27150705 -0.3104172 0.086819954 -0.60473245 0.3004521 -0.06821992 -0.19504899 0.12610802
59 0.025708593 -0.08850665 -0.028275436 0.07742377 0.31274018 -0.17768492 0.29880476 0.044887986 -0.080596544 0.28635472 -0.008433938 -0.2907107 -0.059117094 0.030545978 -0.13786173 -0.060307514 -0.092328794 -0.11244659 -0.092665166 -0.22566701 0.15552917 -0.11082278 0.35764256 -0.18295775 -0.19628896 -0.13371241 0.12077343 -0.6957274 0.2754604 -0.07610231 -0.2042967 0.09447713
125 0.077528425 -0.113616355 -0.10406402 0.062163405 0.16806626 -0.03365197 0.23576361 0.116369374 0.00014597023 0.24375229 -0.099752106 -0.19590265 -0.03499186 -0.07619832 -0.2053304 -0.03047448 -0.019792458 -0.2324678 -0.009387456 -0.242838 0.18204667 -0.20184563 0.4339664 -0.1899121 -0.26698616 -0.11351839 0.23549148 -0.7162931 0.3300826 -0.00038455258 -0.20805971 0.071280226
107 0.051366303 -0.12797071 -0.059160326 0.048439994 0.28481716 0.00084129756 0.1806651 0.052058823 -0.059926853 0.24388361 -0.1327604 -0.2480485 -0.10835495 0.04548037 -0.11062494 -0.09276556 -0.061166722 -0.119412675 -0.04417791 -0.31808403 0.085233055 -0.13857089 0.37377208 -0.19969 -0.24990962 -0.17798895 0.054680746 -0.7165195 0.13839023 -0.082490236 -0.29034123 -0.02031937
71 0.047776867 -0.05593244 -0.11979428 0.05744195 0.2728622 0.045987304 0.19470322 0.007350534 0.03690976 0.23437957 -0.12964976 -0.13983275 -0.032403048 0.058453463 -0.23594896 -0.032056134 -0.033102468 -0.24450603 -0.15400147 -0.22703776 0.14027074 -0.10614812 0.30698973 -0.14479873 -0.31696662 -0.22508277 0.087363206 -0.67739457 0.19804403 0.008250561 -0.20519166 0.022629749
111 0.023393208 -0.009837199 -0.121820316 0.03181051 0.28168148 0.11587665 0.056066405 -0.03559934 0.1098327 0.14035355 -0.17544886 -0.062394403 0.0074496167 0.056207784 -0.25188944 -0.032862708 -0.07873188 -0.29429993 -0.15392911 -0.20584929 0.12772922 -0.10928816 0.30268106 -0.0854048 -0.3944594 -0.30642724 0.048072066 -0.7272951 0.16446348 -0.0019036785 -0.18159862 -0.07894947
127 -0.025440048 0.0028114128 -0.09810938 0.062221203 0.3195526 -0.0056158723 0.16488521 -0.03884795 0.023418136 0.25941792 -0.0484597 -0.21518871 -0.08370165 0.14970638 -0.16547589 -0.039003395 -0.09779192 -0.17199156 -0.1633846 -0.24036828 0.10288727 -0.07731842 0.33652666 -0.16470958 -0.29519612 -0.30638862 -0.05278044 -0.665483 0.13893299 -0.025562378 -0.18943611 -0.04342109
25 0.079815224 -0.16741087 -0.049025957 0.10719755 0.26403177 -0.040152747 0.20840923 0.09300879 -0.067457825 0.31721026 -0.021651624 -0.30387756 -0.20074986 0.025719162 -0.053463515 -0.07482042 -0.028642649 0.0039941855 0.010472452 -0.37453255 0.023678556 -0.16268459 0.43100998 -0.23636506 -0.18099368 -0.15710314 0.0429171 -0.7250261 0.04962041 -0.14410819 -0.35141316 -0.03959767
80 -0.018235497 0.014539832 -0.118049026 0.015395321 0.2565856 -0.14418925 0.32303792 -0.07408601 -0.0012622506 0.30175966 -0.01592795 -0.26113155 0.091332436 0.052898936 -0.22321276 -0.037219424 -0.03240851 -0.2433315 -0.20808771 -0.2186503 0.2311304 -0.067385696 0.29455686 -0.16260333 -0.23808396 -0.27460587 0.103333086 -0.56185347 0.3948819 -0.01318355 -0.079119906 0.15893027
119 -0.017824033 -0.040301442 -0.075475834 0.08223776 0.32089007 -0.102332786 0.30256775 -0.0063135736 -0.066143535 0.26143184 -0.04293379 -0.26153243 -0.0045798626 0.08876232 -0.16631417 -0.09835926 -0.09817628 -0.1011123 -0.15895824 -0.22616716 0.20008352 -0.10628298 0.28942025 -0.19164933 -0.22175986 -0.21254432 0.06013006 -0.6477126 0.22878933 -0.08207057 -0.18584947 0.093854494
30 -0.0569263 -0.08760052 -0.077592425 0.12977703 0.27532822 -0.2780078 0.41892758 -0.030188767 -0.12781878 0.36882713 0.07232547 -0.3533277 0.024542449 0.078252 -0.16804248 -0.09990121 -0.12982625 -0.021279693 -0.1754335 -0.23755385 0.24415109 -0.10785159 0.23992926 -0.22536606 -0.1626131 -0.20415057 0.09509232 -0.6124768 0.34249574 -0.1206563 -0.17984913 0.21700688
16 0.037390184 -0.09796383 -0.03369249 0.05263719 0.2660964 0.15198733 0.09809219 0.07665517 -0.0073941406 0.21121208 -0.15559503 -0.17539777 -0.17957996 0.12824616 -0.13848425 -0.059487563 -0.091858506 -0.16956757 -0.063117936 -0.284886 0.0041744644 -0.15033072 0.4061534 -0.1780776 -0.26229426 -0.19569744 -0.0036243869 -0.7192876 0.040731367 -0.052433193 -0.29794955 -0.09123448
9 0.019002656 0.021176206 -0.13860302 0.021717083 0.29238856 0.03085105 0.24820243 -0.020197023 0.07211082 0.23064618 -0.11395606 -0.18007722 0.043507464 0.060734194 -0.2577104 -0.020216055 -0.03586892 -0.29715025 -0.1542986 -0.16837525 0.13964558 -0.06338273 0.2547853 -0.11323355 -0.315325 -0.28073448 0.05376172 -0.6301689 0.33220786 0.04237335 -0.069805875 0.014240916
76 0.006574541 0.00046341776 -0.13438684 0.06666606 0.2703581 0.030907035 0.11804783 0.029194273 0.069716975 0.2269385 -0.07824608 -0.10319073 0.023636319 0.06721507 -0.23741464 -0.0104586845 -0.050475523 -0.2167118 -0.15801154 -0.21824224 0.15131068 -0.121766895 0.33218458 -0.11541273 -0.32864568 -0.20595478 0.068015784 -0.7089221 0.20949413 0.014254257 -0.1952744 0.02134248
36 -0.04826991 0.032601304 -0.034380868 0.05446984 0.33759174 -0.15561412 0.29748848 -0.026158357 -0.030719025 0.28787535 0.017947445 -0.27813268 0.011062712 0.14642715 -0.16262895 -0.086136155 -0.113199815 -0.1619657 -0.21274664 -0.22377339 0.1669551 -0.08569025 0.26671508 -0.15820579 -0.23424481 -0.2963479 0.056059886 -0.62472576 0.26279846 -0.05219187 -0.1341483 0.10559408
121 -0.010541053 0.08529661 -0.07596499 0.027735729 0.38528314 0.07738909 0.19662666 -0.1340529 0.097503275 0.1801139 -0.08814486 -0.13198566 -0.021346034 0.20890902 -0.26587886 -0.03264609 -0.1452652 -0.34419253 -0.26514685 -0.10094889 0.08369353 -0.004610303 0.20405854 -0.042582177 -0.3952439 -0.37532443 -0.08061485 -0.68288434 0.16535856 0.06596608 -0.0052614524 -0.035544384
95 0.012243352 0.1211245 -0.011878003 -0.016579881 0.42733532 0.21067455 0.093921475 -0.14085056 0.14342336 0.11010081 -0.1475596 -0.09585322 0.0076052155 0.2623899 -0.23745464 -0.03130888 -0.18485928 -0.37426424 -0.28522596 -0.083003886 0.06518344 0.0009068751 0.1892027 -0.0025846318 -0.46298617 -0.4444934 -0.11684552 -0.7147185 0.12225182 0.1120633 -0.016931577 -0.116364606
104 0.055979233 0.023699803 -0.054413844 -0.01988199 0.42335477 0.23683746 0.06483705 -0.091684744 0.09384468 0.12294017 -0.211586 -0.12942852 -0.06499454 0.18462539 -0.2573318 -0.052843623 -0.15159407 -0.3037681 -0.24136797 -0.121271834 0.03399221 -0.026837522 0.21548282 -0.070078984 -0.43991488 -0.39471585 -0.120948344 -0.7550723 0.046640474 0.024339784 -0.08188838 -0.15302642
24 0.027229091 -0.17654343 -0.0043033534 0.09820506 0.24243876 0.04026172 0.21576573 0.07043261 -0.047363814 0.213653 -0.107726306 -0.280975 -0.20260233 0.048642803 -0.095115505 -0.027047472 -0.09184778 -0.10900262 0.03714624 -0.3487819 0.039249428 -0.1919499 0.3957925 -0.2611893 -0.18141113 -0.103754275 0.055212926 -0.72934693 0.121492684 -0.13185836 -0.32206455 -0.013208673
12 0.096164405 -0.21208638 0.04104551 0.036621228 0.2739519 0.09464278 0.14525458 0.11286844 -0.07127405 0.2309971 -0.10762113 -0.32793823 -0.26124743 0.011136543 -0.0019304832 -0.108051166 -0.06433202 -0.10029441 0.06571834 -0.37411895 -0.0023569989 -0.22370867 0.4805506 -0.2105836 -0.23041372 -0.12701935 0.06722729 -0.7302754 0.07481573 -0.12971064 -0.3807878 -0.10013595
61 0.05279861 0.006714804 -0.12320109 0.0021008109 0.23522227 0.0968813 0.09518991 0.03982073 0.05620632 0.12492443 -0.187168 -0.089734904 -0.031548724 0.029646343 -0.26444158 -0.040243894 -0.06064781 -0.31240004 -0.11597975 -0.2085052 0.16048224 -0.17444086 0.33058012 -0.10619091 -0.30812162 -0.20495181 0.111307256 -0.7512455 0.24343784 0.018422851 -0.16761798 -0.06731352
42 -0.0052852654 -0.06647571 -0.056011587 0.100723565 0.30563095 -0.26692498 0.33709773 -0.04414584 -0.10334581 0.3193187 0.05202081 -0.35888186 -0.02514183 0.09551278 -0.15463066 -0.10662034 -0.10784826 -0.027405031 -0.20025879 -0.263914 0.22283225 -0.057071235 0.24272616 -0.19443709 -0.14992684 -0.26797673 0.056804683 -0.63996637 0.28844303 -0.1212766 -0.2115617 0.15927674
21 0.077227965 -0.23354891 0.06685608 0.020512832 0.30830532 0.23798075 0.07540892 0.12702008 -0.067820415 0.18544163 -0.17619671 -0.25243273 -0.31477118 0.13349439 -0.027077558 -0.084309034 -0.083326995 -0.09445534 0.07978675 -0.41234726 -0.09696442 -0.19949408 0.47534984 -0.2371853 -0.24541335 -0.17372252 -0.045843977 -0.79783356 -0.09280499 -0.12459563 -0.38753185 -0.15464619
5 0.015959997 0.070481285 -0.02989011 -0.02149684 0.41147724 0.11335862 0.11798158 -0.13911049 0.09327629 0.13825001 -0.22349627 -0.13384901 0.016696487 0.19395193 -0.23793451 -0.08508277 -0.18434067 -0.32663974 -0.3052151 -0.12069667 0.08817539 -0.05348812 0.17408793 -0.08661864 -0.37841442 -0.4350688 -0.15427022 -0.67115235 0.14360435 0.05302504 -0.062124766 -0.090116374
55 0.0029364254 0.023641864 -0.07378583 0.036954343 0.42438224 0.07125934 0.18907776 -0.12732138 0.01244997 0.23710439 -0.10103158 -0.19337305 0.011215344 0.2107371 -0.23926044 -0.072151944 -0.17947523 -0.2573699 -0.27944672 -0.12671605 0.11345875 0.011433675 0.13640045 -0.09657651 -0.3781034 -0.40816766 -0.12745048 -0.64242154 0.18815035 0.036972255 -0.047513116 -0.0018599833
38 -0.025751745 0.05071034 -0.10510062 0.043123707 0.28165567 0.03566308 0.18514939 -0.030468212 0.05950761 0.14238974 -0.105745375 -0.08788563 0.02742942 0.08998982 -0.24831887 -0.027118344 -0.11457932 -0.27216977 -0.14304484 -0.19585364 0.14465192 -0.08062966 0.2634472 -0.080895714 -0.2748908 -0.2462014 0.023911225 -0.71170074 0.2405823 0.019126179 -0.15630093 -0.0372102
17 0.022263326 0.031160692 -0.103818364 0.03245059 0.25289258 0.15982479 0.16287164 -0.002889123 0.12943202 0.104568675 -0.22001536 -0.09604069 -0.021561578 0.017846823 -0.30578807 0.006960855 -0.045266584 -0.38461053 -0.08202772 -0.17371985 0.13569689 -0.13924527 0.3306743 -0.12731831 -0.3251774 -0.18786608 0.060179852 -0.7578964 0.26201805 0.060580198 -0.1276535 -0.071852945
