128 32
34 0.37055415 0.32226202 0.38345635 -0.011552664 -0.08904143 0.10548336 -0.046137214 0.37517348 0.1633529 -0.1337094 0.19471774 0.20669879 -0.22864002 -0.47996026 -0.2581421 -0.30365342 -0.20721513 -0.07444195 0.013617929 0.113332875 -0.32816422 -0.29450947 -0.116354145 0.02852413 -0.20917374 -0.3147222 -0.18598405 -0.14284089 -0.06708306 -0.09146018 0.28064528 -0.15590529
123 0.35979393 0.31301752 0.34466523 -0.0165984 -0.04606339 0.14145614 0.005169675 0.36584768 0.17169675 -0.21629754 0.22639664 0.21920323 -0.26513577 -0.4614321 -0.29734486 -0.24106868 -0.20834744 -0.08763223 -0.039763853 0.061914083 -0.3144528 -0.3047056 -0.12037994 0.06867978 -0.23054405 -0.3361969 -0.19725916 -0.15527092 -0.043094303 -0.17466775 0.3216472 -0.2344745
30 0.43435812 0.0067195827 0.45161226 0.18635586 -0.12234301 0.09249366 -0.2523658 0.35294876 0.07021357 -0.03483772 -0.101670355 0.256574 0.16433087 -0.2564649 -0.020525957 -0.001094481 -0.1146259 -0.045295883 0.17286381 0.06668456 -0.37788662 -0.24536286 0.018808512 -0.1692281 -0.51638407 -0.34963748 -0.1700384 -0.13343558 0.050480817 0.19067156 0.19333753 -0.053098507
54 0.28859848 0.014275603 0.29449502 0.09347982 -0.13390777 0.17785348 -0.28544268 0.40130737 0.111399926 -0.21154867 -0.103700645 0.06087119 -0.07297553 -0.20574662 -0.12407324 -0.05303053 -0.1813567 -0.1987157 0.04561201 0.014915037 -0.22097796 -0.38967988 0.07287338 -0.13307218 -0.443224 -0.2293964 -0.20776881 -0.1399893 0.1720329 -0.031073492 0.288081 -0.18416297
103 0.27015838 0.25486436 0.3050877 0.048404068 -0.030920142 0.24094817 -0.11117773 0.31363347 0.18402329 -0.17747968 0.03228081 0.18784337 -0.17236987 -0.39952567 -0.1789218 -0.15333888 -0.17166758 -0.06530091 -0.06257624 0.107694626 -0.27380463 -0.37367138 -0.11446581 0.06715507 -0.3056741 -0.30925214 -0.28319687 -0.09972964 0.061528444 -0.037059296 0.25660416 -0.15026501
28 0.31020907 0.3201387 0.33102703 0.02923011 0.015153333 0.24090686 -0.057315093 0.30620727 0.21262266 -0.20146199 0.16762792 0.23420526 -0.25973174 -0.4550505 -0.23975351 -0.18201244 -0.15233767 -0.05035649 -0.07491252 0.106065795 -0.3023714 -0.3019785 -0.15723346 0.14101958 -0.20900868 -0.31188765 -0.27267858 -0.11480125 -0.008439977 -0.12775439 0.28145692 -0.21860959
35 0.41879526 0.08081366 0.4330264 0.13728173 -0.16996326 0.056077566 -0.18218242 0.38286626 0.08353352 -0.03428222 -0.032611888 0.24553388 0.026172819 -0.3205907 -0.074471675 -0.095252305 -0.13884284 -0.062352553 0.11756935 0.06885682 -0.3693681 -0.27836627 -0.03606575 -0.13989064 -0.432727 -0.28315073 -0.15881407 -0.13341686 0.028259464 0.0661349 0.25862604 -0.121339895
24 0.29902884 0.13207701 0.33789128 0.09890469 -0.10845065 0.18034534 -0.23507613 0.31692737 0.12961939 -0.13743688 -0.10644701 0.14173168 -0.049427085 -0.3476351 -0.034063756 -0.06363489 -0.15324657 -0.064181685 -0.012219572 0.110541284 -0.29303554 -0.34683308 -0.043193623 -0.05834582 -0.3650888 -0.26272157 -0.22798179 -0.122770175 0.1202676 0.06888126 0.2421854 -0.11573364
106 0.45580825 0.09384423 0.40743673 0.11534761 -0.21120246 0.112684235 -0.18685158 0.3895594 0.109578125 -0.010761991 -0.011082082 0.19737497 0.029508373 -0.33774567 -0.07174765 -0.15430814 -0.15033607 -0.07449696 0.08987866 0.10523968 -0.38213494 -0.2545404 -0.030882085 -0.11913613 -0.40481254 -0.3095133 -0.16931564 -0.105025835 0.06086906 0.089144655 0.20075789 -0.066925906
80 0.42783305 0.047682844 0.4189742 0.16527572 -0.14537019 0.13810244 -0.19075331 0.35843727 0.05968044 -0.08133468 -0.076800905 0.22604957 0.101879306 -0.33192325 -0.034044247 -0.020223033 -0.18863745 0.04464154 0.13248274 0.05064809 -0.3588219 -0.25821987 -0.018041274 -0.1139296 -0.45889112 -0.27666038 -0.21802047 -0.060786914 0.040256377 0.12339 0.26487267 -0.10949713
118 0.23714828 0.079207405 0.27880707 0.07367542 -0.1394686 0.22433887 -0.30109614 0.3615011 0.14466245 -0.18325451 -0.14515407 0.04254093 -0.082817174 -0.26047686 -0.056885153 -0.030466318 -0.1517506 -0.19344027 0.0051052263 0.0729388 -0.25951815 -0.39262426 0.040729098 -0.09523579 -0.44122475 -0.28305465 -0.2550087 -0.14192152 0.21522434 0.031550504 0.2844543 -0.15864691
113 0.29340234 0.23334852 0.3456945 0.08442749 -0.036474522 0.21880342 -0.12070669 0.3410635 0.17922093 -0.17756785 0.044532433 0.16715375 -0.112432644 -0.37411085 -0.18843731 -0.10206965 -0.17849763 -0.091599375 -0.039034683 0.11239897 -0.2508911 -0.33481082 -0.08786168 0.05774716 -0.32696208 -0.34619 -0.24062192 -0.14401834 0.04451106 -0.008060887 0.2548808 -0.15208672
40 0.5029639 -0.019749545 0.44179052 0.24168994 -0.1673589 0.04571696 -0.20799957 0.32172024 0.052084118 0.047032867 -0.11042884 0.2834771 0.20912851 -0.27657247 0.039117634 -0.019850502 -0.12639602 0.052414656 0.18416072 0.06612926 -0.40362227 -0.23417933 0.025697676 -0.19483155 -0.5292704 -0.35640794 -0.18184987 -0.06361276 0.062218517 0.1914355 0.19518502 -0.06177988
79 0.34495267 0.10464573 0.35189357 0.10213502 -0.035225604 0.22262257 -0.1711298 0.30538166 0.15974341 -0.15831862 -0.026593748 0.18671261 -0.034417953 -0.33923084 -0.0969302 -0.06645633 -0.17159706 -0.010647381 0.039619733 0.08364006 -0.32260305 -0.31618083 -0.09357618 0.0025959206 -0.3416668 -0.2714301 -0.23810847 -0.08878128 0.034991227 -0.0017607507 0.25851327 -0.1673189
83 0.28701085 0.15051484 0.29799125 0.16313815 -0.14003125 0.33189532 -0.34430176 0.38208848 0.13459276 -0.0853673 -0.29438528 0.021289544 -0.012972641 -0.29309005 0.117062554 0.0317642 -0.10073337 -0.12303731 -0.1094183 0.21537808 -0.21922384 -0.31292653 0.023633787 0.029079054 -0.42229527 -0.3410245 -0.33305633 -0.032972686 0.23732395 0.23595569 0.10128248 -0.016377352
99 0.33701724 0.3727628 0.32317653 -0.04037539 -0.05106952 0.16939744 -0.06424872 0.34253788 0.17533761 -0.16880739 0.14484689 0.15866144 -0.25250056 -0.4601252 -0.27526134 -0.26500848 -0.1530432 -0.07874843 -0.09238603 0.13461271 -0.28882793 -0.34394327 -0.13051271 0.14846577 -0.1884517 -0.34210512 -0.25039202 -0.13528313 0.0024285098 -0.059869226 0.24586503 -0.16156742
58 0.27042994 0.18860587 0.30479282 0.053146187 -0.121099226 0.20695145 -0.2871546 0.37443042 0.15514936 -0.14691496 -0.12226806 0.042585503 -0.088514775 -0.2803122 -0.05177229 -0.09471496 -0.14178339 -0.1542242 -0.04869174 0.13187748 -0.24849689 -0.3790397 -0.0057677603 -0.023931159 -0.38910508 -0.29356647 -0.2551265 -0.11118606 0.160635 0.023495488 0.214259 -0.092913024
119 0.36911136 0.11186484 0.41008165 0.1587062 -0.2145834 0.097085156 -0.23880503 0.32998708 0.08071963 -0.025860142 -0.11653101 0.12373376 0.086851515 -0.24066271 -0.01439857 -0.100044236 -0.15087366 -0.10962 0.07443866 0.1217959 -0.28541082 -0.30795816 0.017199192 -0.1435432 -0.45401743 -0.2736349 -0.20012921 -0.13672934 0.14734663 0.16166753 0.19641493 -0.041172925
3 0.2962336 0.15696894 0.2776654 0.036020838 -0.10153657 0.18110174 -0.25148717 0.3663658 0.16241948 -0.19382916 -0.03598659 0.066067874 -0.1278631 -0.33130068 -0.16724187 -0.163191 -0.17520168 -0.17383489 0.020648455 0.083076164 -0.23162 -0.4027101 0.020244788 -0.066369385 -0.35473755 -0.24238878 -0.24241343 -0.1993334 0.19869582 -0.014974976 0.25592974 -0.1458799
120 0.21766414 0.0950385 0.2883715 0.111463465 -0.100977965 0.23840487 -0.29119498 0.3668601 0.14778808 -0.21565089 -0.2279728 0.026742246 -0.061136585 -0.28708616 -0.07077542 -0.04352758 -0.12656656 -0.18023834 -0.04614508 0.08510106 -0.25175962 -0.3678777 0.005377681 -0.102954544 -0.43983933 -0.2800592 -0.26870114 -0.10701442 0.1862017 0.05319059 0.22093098 -0.10753076
115 0.17243414 0.18153413 0.24832098 0.100055926 -0.10679684 0.37314844 -0.29701534 0.3472796 0.17278269 -0.20188993 -0.3082523 -0.0107898 -0.044321362 -0.26177776 0.042712577 0.05300217 -0.10611373 -0.19185968 -0.085442126 0.21453373 -0.16709541 -0.35283938 0.027998617 0.05888668 -0.45781913 -0.32474267 -0.3313214 -0.063410826 0.25541303 0.16505988 0.13928665 -0.02706179
116 0.26194844 0.19775575 0.2624394 0.0027023978 0.038999077 0.23085283 -0.13040431 0.28938836 0.18010467 -0.19516578 -0.020989243 0.14213327 -0.19181101 -0.44328925 -0.20360047 -0.1675852 -0.1527246 -0.13650909 -0.022039235 0.08077935 -0.2766436 -0.38899612 -0.12526402 0.06464847 -0.24192336 -0.27691254 -0.24791808 -0.14885555 0.09518979 -0.04326709 0.25624582 -0.14906561
22 0.37918204 -0.0075248457 0.4284161 0.23930655 -0.16983517 0.055693656 -0.25161988 0.34111443 0.07554275 0.018195609 -0.15945216 0.2413098 0.16937393 -0.25686458 0.020892581 0.0043689697 -0.1220987 -0.0009726798 0.15653199 0.04204986 -0.3782162 -0.28142044 0.052225795 -0.19137636 -0.53447515 -0.3381877 -0.20413329 -0.09188187 0.09373189 0.18790975 0.22850761 -0.0014041646
4 0.21265697 0.23171847 0.23232071 0.084656395 -0.07327101 0.37383664 -0.21768859 0.35450494 0.1965031 -0.123924725 -0.24913651 0.04419599 -0.09345699 -0.3950403 0.054205243 0.011322908 -0.09865416 -0.12429008 -0.14582622 0.26505494 -0.18920548 -0.29437503 -0.06833254 0.13902813 -0.3291651 -0.38290033 -0.35346788 -0.034118675 0.18239209 0.14667456 0.0396501 -0.017405504
75 0.2597663 0.2047092 0.28953838 0.08182142 -0.119130865 0.27607083 -0.21500506 0.34961793 0.15548126 -0.06359201 -0.13276947 0.074803375 -0.09909451 -0.32733488 -0.036770884 -0.09847425 -0.16161366 -0.113335945 -0.07357474 0.19830802 -0.25459743 -0.30029026 -0.03431721 0.036541175 -0.35043174 -0.3575034 -0.27423036 -0.10038063 0.1579222 0.121965796 0.11894252 -0.02609794
68 0.24261177 0.07161241 0.29154605 0.12766774 -0.09540036 0.20674516 -0.28383496 0.36258286 0.124307916 -0.19041073 -0.13283922 0.073769905 -0.04200609 -0.28732473 -0.062169608 -0.047667295 -0.10077763 -0.1476576 -0.006374035 0.08252831 -0.24530303 -0.36361176 0.019042654 -0.08773902 -0.40344155 -0.26566246 -0.24544378 -0.11981866 0.18846111 0.013486014 0.25204626 -0.14351633
64 0.3824547 0.07174398 0.42559168 0.18912253 -0.17853051 0.12898663 -0.22607721 0.35636753 0.08450075 -0.032333277 -0.1429522 0.22748044 0.10731917 -0.2670926 0.022918472 -0.005429858 -0.124587506 -0.008544783 0.087867565 0.11115587 -0.37408355 -0.2817869 0.0028603903 -0.142428 -0.49432886 -0.3320414 -0.23121218 -0.10837571 0.1130316 0.2088716 0.18352382 -0.06503611
21 0.3072837 0.21756865 0.35061163 0.07936379 -0.09990046 0.20712465 -0.1238713 0.33286017 0.14789195 -0.14953612 0.03180083 0.2153048 -0.090637244 -0.42595628 -0.10413684 -0.09168856 -0.17066738 0.0073257117 -0.021006366 0.13160835 -0.33154622 -0.2671264 -0.10074906 0.014400578 -0.27985746 -0.3000879 -0.26174352 -0.069567025 0.01703607 0.009784412 0.24493828 -0.16060764
109 0.28295353 0.22031423 0.35887024 0.03801483 -0.0020601687 0.18324204 -0.12364787 0.31418502 0.16966797 -0.20822465 0.065638624 0.189134 -0.1789569 -0.43753073 -0.22662899 -0.19557662 -0.17267692 -0.051707644 -0.041414224 0.092413045 -0.32726395 -0.3799356 -0.10496829 0.012310819 -0.27274784 -0.28147134 -0.26013404 -0.15809053 0.014139067 -0.073420115 0.27272087 -0.19973868
88 0.39478555 0.091597006 0.46310452 0.20067766 -0.15204556 -0.0075581577 -0.19332837 0.34097084 0.10548666 -0.009289141 -0.031008394 0.23421764 0.058876406 -0.29983416 -0.10669618 -0.11783826 -0.14936806 -0.03972824 0.1556112 0.015366181 -0.39979696 -0.2851015 0.0011488035 -0.19735855 -0.42204398 -0.31946832 -0.15846293 -0.11336148 0.038434528 0.09826585 0.3000319 -0.046907447
122 0.24093953 0.009969885 0.34559003 0.10993583 -0.09353556 0.1343676 -0.26508662 0.36531445 0.13404971 -0.18975621 -0.10935437 0.08004325 -0.02815849 -0.25018522 -0.115681596 -0.04682237 -0.17981455 -0.15704794 0.03833496 0.03432899 -0.26505256 -0.3925487 -0.0035564383 -0.1525629 -0.4173916 -0.20808005 -0.23023604 -0.15730989 0.12890157 0.020765692 0.3055015 -0.16186729
19 0.22893739 0.035282053 0.2800597 0.13130434 -0.08424971 0.2332766 -0.2824246 0.36343184 0.1268057 -0.13172787 -0.24651171 0.05380023 0.0058512804 -0.3026538 0.02474286 0.028141614 -0.13108942 -0.12973504 -0.0061455616 0.12420046 -0.26757592 -0.32082403 0.016980993 -0.0517051 -0.46163014 -0.27997926 -0.2809451 -0.12080358 0.20165813 0.12466061 0.2271172 -0.091332875
43 0.333047 0.2922788 0.3051736 -0.0057497635 -0.036350977 0.20327353 -0.06447936 0.33210424 0.17480165 -0.17054777 0.06394648 0.19037716 -0.21941656 -0.5023905 -0.19802362 -0.2356023 -0.176461 -0.07689616 -0.06798055 0.15961468 -0.33772933 -0.38150176 -0.13160037 0.050375726 -0.22519639 -0.29542294 -0.25881556 -0.15317665 0.039687842 -0.055201907 0.259421 -0.15277362
89 0.4335492 0.008475389 0.40012228 0.16135496 -0.19643718 0.07947099 -0.22615671 0.35463426 0.086606294 0.0071185934 -0.10527685 0.20757657 0.116213374 -0.22949053 -0.025310563 -0.022711877 -0.15374109 -0.05022002 0.123994045 0.06610236 -0.37041 -0.26212978 0.042428866 -0.14087701 -0.5040389 -0.27023882 -0.16212071 -0.11895668 0.07473546 0.14112411 0.25407258 -0.07568171
92 0.36912906 0.14217304 0.36224514 0.07554346 -0.035566844 0.12733357 -0.13047068 0.37659302 0.144829 -0.17601763 0.108188204 0.1852565 -0.10864368 -0.33607796 -0.21562234 -0.1286431 -0.18015651 -0.06108689 0.036220346 0.04018487 -0.28947762 -0.3066642 -0.07514632 -0.018917665 -0.33549583 -0.27281106 -0.213656 -0.16210559 -0.013486058 -0.08242967 0.307741 -0.19756344
70 0.27132484 0.30957037 0.35571095 0.01857476 -0.030347466 0.21672374 -0.15304679 0.3316823 0.1955666 -0.13994744 0.014034 0.1313707 -0.16372955 -0.44401526 -0.18289436 -0.19461288 -0.17347153 -0.0907037 -0.06935729 0.15831771 -0.28407452 -0.35634023 -0.12018491 0.07565725 -0.22498439 -0.3170801 -0.27487463 -0.0863976 0.079151645 0.024072686 0.22023687 -0.09032173
55 0.31091833 0.22709692 0.30057812 0.007850396 0.01926315 0.21914436 -0.059635207 0.34238967 0.17541662 -0.17345347 0.122221574 0.2037926 -0.2373216 -0.4504759 -0.22808298 -0.20153008 -0.15320855 -0.111567155 -0.029296992 0.099877134 -0.31650195 -0.3363893 -0.14013273 0.058059484 -0.22781777 -0.30734986 -0.24368589 -0.12242991 0.011729959 -0.11421931 0.27990818 -0.18912001
93 0.30822524 0.30604115 0.3537366 0.003217978 -0.029435514 0.14908433 -0.048656955 0.35125023 0.17358305 -0.13412838 0.10410485 0.20572358 -0.24216527 -0.48712808 -0.22849713 -0.22991046 -0.18004487 -0.07047954 -0.043820813 0.118462905 -0.2991595 -0.3285961 -0.13038284 0.080754094 -0.17737535 -0.31781343 -0.23086165 -0.11353271 0.0016048905 -0.035284426 0.2596483 -0.1574272
48 0.21382459 0.2917585 0.25122735 0.09644766 -0.10624729 0.42072135 -0.2713871 0.3118469 0.20190565 -0.09095195 -0.32201222 0.018985447 -0.055353098 -0.37569478 0.14051849 0.03095685 -0.112708375 -0.08998341 -0.20290422 0.2919905 -0.23088717 -0.31547302 -0.092506565 0.12857503 -0.36203316 -0.3589263 -0.35413605 -0.035367537 0.20639408 0.22945325 0.029783528 0.002022704
25 0.20490177 0.030350788 0.2760074 0.053751208 -0.123738736 0.23381314 -0.2384507 0.35848477 0.17600732 -0.23288809 -0.18708235 0.01827446 -0.14784937 -0.29558522 -0.03362234 -0.037436336 -0.12773114 -0.20206684 -0.008273289 0.09529172 -0.2571236 -0.38721034 0.07023209 -0.0981803 -0.41586247 -0.27458528 -0.25189364 -0.09109638 0.2475846 0.0012316545 0.25411534 -0.15038557
46 0.4258528 -0.005066955 0.40875933 0.2011019 -0.17140742 0.14490733 -0.3007921 0.33819762 0.06589587 -0.029886106 -0.16677466 0.18077411 0.15456611 -0.22483362 0.051417828 0.0024966302 -0.158455 0.007290966 0.14797798 0.06340952 -0.35112152 -0.28527156 0.03338386 -0.1608349 -0.48455116 -0.2800844 -0.18014327 -0.08977262 0.11839523 0.20791341 0.20215522 -0.043657392
39 0.24521984 0.27705196 0.24998263 0.053971726 -0.08035129 0.31023788 -0.16886586 0.33892822 0.19020301 -0.13904145 -0.098602995 0.08208417 -0.14323011 -0.37773573 -0.061059587 -0.11591511 -0.12647088 -0.121623375 -0.10090008 0.21079558 -0.2243389 -0.33233315 -0.082548335 0.12369602 -0.29762685 -0.34695283 -0.31268743 -0.046590693 0.123578094 0.08008606 0.16352916 -0.06899983
82 0.2096863 0.14371142 0.21015221 0.12048825 -0.060198482 0.3392163 -0.28186393 0.3269204 0.17520584 -0.14885344 -0.2647845 0.008603853 -0.08446838 -0.30545446 0.06060496 0.05256926 -0.1115218 -0.14631613 -0.06344859 0.21196173 -0.1844069 -0.3211764 0.0061015 0.07086137 -0.41698012 -0.33198217 -0.3408364 -0.08279467 0.20861399 0.15014027 0.13112476 -0.04230254
85 0.2820467 0.1959308 0.30601534 0.114248775 -0.20458974 0.2664421 -0.24182141 0.4211345 0.160116 -0.07597479 -0.21469373 0.01770488 -0.08085786 -0.30897045 0.0060845194 -0.05988109 -0.12305121 -0.16354822 -0.12935726 0.21915644 -0.20807905 -0.28123948 -0.010234292 0.050279245 -0.39827442 -0.36968425 -0.2606682 -0.07371609 0.2004213 0.15071915 0.10401178 -0.0141167855
76 0.25776154 0.17595677 0.3093427 0.11650919 -0.049499717 0.32361972 -0.27269733 0.35420302 0.15618247 -0.07669189 -0.18435408 0.091286935 0.0033967835 -0.30132046 0.03501181 0.028742652 -0.1065586 -0.09507997 -0.051950783 0.17476441 -0.22964218 -0.34439108 -0.011932358 0.058399364 -0.3989694 -0.3513001 -0.31220895 -0.119576804 0.1725636 0.16907376 0.123689264 -0.036651097
13 0.23813863 0.0691016 0.27101687 0.06773513 -0.10079107 0.20530978 -0.29453233 0.349157 0.15535638 -0.21068162 -0.20918232 0.0360862 -0.08010009 -0.28435606 -0.04117346 -0.05780096 -0.14772211 -0.22074673 0.035983007 0.09617423 -0.238433 -0.37543607 0.059083346 -0.06675062 -0.4381174 -0.24388736 -0.24243253 -0.1072802 0.22721548 0.04557997 0.24352922 -0.1158626
8 0.16110352 0.11595111 0.23848325 0.08644972 -0.085318975 0.2817805 -0.30515236 0.31031975 0.18214816 -0.2404839 -0.17218679 0.015584325 -0.13619182 -0.28820446 -0.08702781 -0.044644207 -0.15952468 -0.18065266 -0.05376756 0.12734567 -0.19821462 -0.4070708 0.03765438 -0.019907279 -0.39125907 -0.2773486 -0.3030166 -0.11488948 0.21843596 0.0068803937 0.21873619 -0.13721074
44 0.26991755 0.0578683 0.2725756 0.11144754 -0.14130469 0.1859768 -0.24747144 0.39244014 0.12959985 -0.18978159 -0.12578179 0.05084868 -0.09382316 -0.25307083 -0.057429213 -0.06080234 -0.17145061 -0.17027216 0.012323118 0.07635885 -0.24373111 -0.34857556 0.06343975 -0.1265223 -0.44659916 -0.28195748 -0.23842952 -0.11697677 0.19828562 0.006524505 0.22335668 -0.13902648
112 0.3289773 0.15199152 0.3166027 0.060632136 0.021948896 0.22846976 -0.16792719 0.34031814 0.17200783 -0.2302485 0.04565046 0.186949 -0.16688277 -0.34843853 -0.1938395 -0.11221341 -0.15326008 -0.061234146 0.0023568834 0.033435576 -0.28606284 -0.32600328 -0.057607755 0.032296102 -0.33033893 -0.29762563 -0.23037526 -0.16869043 0.033201784 -0.12140824 0.30434537 -0.23105657
10 0.37098405 0.13213184 0.40848014 0.1721697 -0.12976767 0.15840042 -0.2043429 0.31987935 0.086668566 -0.038947184 -0.14005882 0.17948928 0.099217534 -0.30122158 -0.017221835 -0.012196874 -0.15967655 -0.051819444 0.07768569 0.14875697 -0.30986908 -0.26802754 -0.0063280696 -0.016140558 -0.44778177 -0.35910502 -0.24811247 -0.11383045 0.09188168 0.21209584 0.19421488 -0.041928075
14 0.24825498 0.25052455 0.30380547 0.14239468 -0.094975226 0.3327979 -0.2598232 0.32753965 0.19929637 -0.09992147 -0.18202822 0.077427626 -0.05013712 -0.3647515 0.04871911 0.023123587 -0.12718247 -0.044057794 -0.12342515 0.21809745 -0.22837032 -0.32807022 -0.08910705 0.11224175 -0.34452537 -0.35979065 -0.34731793 -0.07268672 0.18626331 0.16340955 0.118174426 -0.015008842
5 0.2802675 0.30774713 0.34253016 0.039950114 0.033805292 0.19196916 -0.08836635 0.30863634 0.19433926 -0.19665055 0.111826174 0.21861865 -0.1848002 -0.45532382 -0.2632031 -0.22617507 -0.14165181 -0.084917516 -0.07130946 0.095090635 -0.2873801 -0.36705673 -0.14654069 0.09984533 -0.24536029 -0.32710686 -0.2841616 -0.14761168 0.006233473 -0.08912697 0.25633967 -0.1490297
62 0.23051041 0.13173851 0.29643762 0.06759 -0.1463779 0.26236707 -0.30444464 0.3310921 0.18343535 -0.2022996 -0.22879258 -0.0015039729 -0.0917013 -0.27116606 -0.012526547 -0.02438294 -0.109660976 -0.1647582 -0.027513864 0.1389788 -0.24360277 -0.39877138 0.058626965 -0.019965138 -0.42824325 -0.26591653 -0.2681237 -0.11054894 0.2515866 0.095632866 0.2034924 -0.11090673
101 0.2317006 0.10947115 0.23107849 0.08153458 -0.13223492 0.20154689 -0.36994493 0.35791278 0.14883688 -0.14808866 -0.21034288 -0.012810236 -0.085468836 -0.19858162 -0.07060462 -0.08126763 -0.14305384 -0.21071161 0.0122693945 0.05898263 -0.21209095 -0.41514018 0.058792066 -0.09206147 -0.45193258 -0.23515472 -0.24299349 -0.17343028 0.28652942 0.06515913 0.25355434 -0.060665905
9 0.20010799 0.32808042 0.2535707 0.07056724 -0.10179048 0.37769872 -0.27453712 0.3457277 0.18907446 -0.09680497 -0.30831927 -0.033905618 -0.11221043 -0.33598945 0.11296338 -0.0018447053 -0.10821126 -0.12731501 -0.18480553 0.3122739 -0.19318275 -0.3067085 -0.055006143 0.16271785 -0.34611621 -0.37026483 -0.32578343 -0.0809373 0.20701696 0.2025407 0.012822612 0.02363492
84 0.4315594 0.11555663 0.39011407 0.1330142 -0.1760158 0.07804116 -0.21808235 0.38892898 0.09406839 -0.038002547 -0.071470045 0.14918113 0.077388085 -0.2999362 0.0015767058 -0.10704782 -0.16304268 -0.045305587 0.08730633 0.08633411 -0.32466474 -0.29107183 0.016624844 -0.13243948 -0.4529294 -0.30945545 -0.18723543 -0.124783814 0.0806248 0.12658429 0.18026754 -0.05673526
47 0.30167902 0.12191261 0.3745754 0.19681494 -0.14482076 0.20025489 -0.25378633 0.33132455 0.10963825 -0.04226934 -0.18110125 0.13855484 0.08022288 -0.28648448 0.04182239 0.0077433693 -0.10379599 -0.08553437 0.03480862 0.16206041 -0.28881004 -0.25226304 -0.0019320636 -0.0319 -0.41756827 -0.3652705 -0.24452518 -0.06010601 0.13186555 0.23746528 0.14136706 0.0056923716
7 0.33622023 0.0987159 0.3867623 0.15339658 -0.13526319 0.10060857 -0.21411335 0.35105374 0.09040408 -0.097972564 -0.103404194 0.12118387 -0.0039555673 -0.26647553 -0.06626502 -0.06161299 -0.12765166 -0.0884464 0.06815309 0.0864924 -0.2698505 -0.35267976 0.0420417 -0.09029507 -0.42047042 -0.29210803 -0.2157872 -0.08018455 0.15590592 0.11268513 0.25925654 -0.064106844
1 0.25226083 0.2851686 0.29200998 0.082832985 -0.15530205 0.33197984 -0.26055637 0.33837077 0.18441747 -0.10620381 -0.23722236 0.026306277 -0.069643065 -0.35517752 0.030467147 -0.0627888 -0.14059545 -0.13761681 -0.14169312 0.26150528 -0.23668146 -0.34437165 -0.057992768 0.08688665 -0.3643802 -0.32522088 -0.29685774 -0.067393705 0.18113866 0.18871446 0.07271963 0.021598395
18 0.32847756 0.032623075 0.3665146 0.14007846 -0.1305513 0.14189664 -0.25998026 0.3786671 0.10645328 -0.1334681 -0.115340345 0.16229662 0.03326565 -0.26392186 -0.04285509 -0.062416952 -0.13863185 -0.06306904 0.0988475 0.04560668 -0.30512795 -0.3493691 0.048342057 -0.13564028 -0.44336045 -0.32356435 -0.20925166 -0.1106001 0.13997635 0.12197126 0.26737064 -0.08056855
102 0.19326702 0.06971678 0.29354048 0.09206825 -0.05934242 0.23503019 -0.25258207 0.32878706 0.15165228 -0.2817258 -0.08980997 0.10006546 -0.12996393 -0.27176908 -0.13616678 -0.05838825 -0.17241941 -0.15950005 0.0041656354 0.02167308 -0.23373972 -0.39282513 0.01655167 -0.10316406 -0.44860852 -0.24832202 -0.27990752 -0.1312973 0.15599585 -0.0513092 0.32218933 -0.20244336
69 0.2325786 0.08157215 0.27439266 0.060490493 -0.11058117 0.13152364 -0.27312204 0.35373297 0.14280306 -0.13018955 -0.12780255 0.062044986 -0.05785688 -0.27824172 -0.14117822 -0.07963158 -0.15862443 -0.15606692 0.0604288 0.040894262 -0.25119272 -0.3828455 0.073966496 -0.106644206 -0.44685334 -0.27289197 -0.24101293 -0.17145127 0.21283694 0.05249294 0.28217995 -0.103945024
50 0.30996397 0.22718301 0.3196736 0.032854993 -0.05936163 0.20514195 -0.13228647 0.311024 0.16210733 -0.14422943 0.012923115 0.18502988 -0.12070528 -0.4549619 -0.13104962 -0.15438794 -0.15032628 -0.06312482 0.0011174277 0.15073048 -0.3135171 -0.32713702 -0.09070736 0.051310003 -0.3011517 -0.33151203 -0.2506353 -0.11472665 0.045018487 0.010473663 0.23014814 -0.10240814
29 0.147042 0.29268274 0.24137786 0.10647269 -0.1240318 0.4075836 -0.3047019 0.34682223 0.21825837 -0.092426725 -0.33704913 -0.057310015 -0.0852779 -0.37149575 0.11090835 0.03562415 -0.12119738 -0.13339001 -0.22796108 0.32453078 -0.16105737 -0.3261124 -0.064763196 0.18140922 -0.3317732 -0.35270062 -0.39975688 -0.07316858 0.2423994 0.23453107 0.02629829 0.04740382
110 0.27779502 0.22630718 0.3457424 0.04575415 -0.04055955 0.15747091 -0.083472386 0.30214217 0.15627033 -0.12740749 0.085892 0.19394964 -0.17771365 -0.46121356 -0.22556223 -0.2294786 -0.14782079 -0.09169354 -0.0032051292 0.118473254 -0.32743317 -0.3303068 -0.11100429 0.021693323 -0.23087057 -0.31674734 -0.24972153 -0.1117924 0.032363594 -0.0052587534 0.23245506 -0.11922968
77 0.2263221 0.2463157 0.27190176 0.105078965 -0.06474423 0.3591451 -0.25015607 0.36568972 0.20407264 -0.13407388 -0.17625725 0.062478263 -0.0734207 -0.31012097 0.0019252786 -0.011209086 -0.1302253 -0.121412046 -0.15557612 0.21019599 -0.20781447 -0.34781876 -0.07965102 0.112933785 -0.36170772 -0.33222237 -0.3694337 -0.10546384 0.18250746 0.12992536 0.11007221 -0.05450699
2 0.19151695 0.19413166 0.20968553 0.042414483 -0.01946095 0.40859142 -0.2616038 0.34911272 0.21905746 -0.21723488 -0.2740717 -0.024577403 -0.1548949 -0.35035318 0.039209753 0.017957335 -0.16037732 -0.14400543 -0.16500354 0.19385822 -0.20393151 -0.40444332 -0.06347456 0.10287217 -0.34936467 -0.31472415 -0.3613871 -0.076514415 0.21275145 0.06470623 0.15507941 -0.08093962
37 0.24226885 0.25027 0.28709537 0.0805748 -0.14319594 0.31292918 -0.20404771 0.38889062 0.18350634 -0.08805452 -0.19349039 0.06406096 -0.07841009 -0.37901586 0.057629004 -0.017600847 -0.11236748 -0.08543533 -0.116011135 0.2637764 -0.24184835 -0.29228017 -0.07737929 0.08568557 -0.3462419 -0.3382517 -0.30067155 -0.043830268 0.14081782 0.16653441 0.10764143 -0.0096017355
105 0.19544457 0.22183926 0.19368523 0.06960682 -0.046284918 0.40116993 -0.2704591 0.35324323 0.21857147 -0.16010518 -0.25275454 -0.067255594 -0.12575006 -0.3344412 0.050778605 0.0049508703 -0.114081755 -0.1582441 -0.18848173 0.23489419 -0.16064148 -0.37725532 -0.036154483 0.16256206 -0.31055292 -0.34965003 -0.36086124 -0.07122558 0.22028728 0.12595794 0.07365528 -0.023412246
96 0.322681 0.30573323 0.33282638 -0.036972083 -0.06341565 0.15825807 -0.040889684 0.35143298 0.17851907 -0.17792389 0.09532477 0.163421 -0.24532436 -0.4937735 -0.18937948 -0.25065273 -0.16052982 -0.11976762 -0.04240945 0.13374268 -0.3223303 -0.3101994 -0.10986812 0.06343452 -0.22052321 -0.31163672 -0.21519051 -0.12528771 0.05188179 -0.1177985 0.26783982 -0.17651445
98 0.23102264 0.14945401 0.25690883 0.10036775 -0.079406194 0.36760318 -0.29163882 0.3414 0.17261279 -0.111560516 -0.29883602 -0.009881556 -0.032733455 -0.30191752 0.063647315 0.059312984 -0.12402316 -0.13825923 -0.079163566 0.20359918 -0.2256908 -0.389036 -0.020598069 0.05845243 -0.40065607 -0.3109418 -0.3435681 -0.09930204 0.21730891 0.17673905 0.13973416 -0.034439087
26 0.26584792 0.0042700116 0.27912372 0.08181004 -0.09721908 0.1731526 -0.3137897 0.33204028 0.13234705 -0.16041547 -0.22068444 0.01969767 -0.010222993 -0.22212179 -0.06152796 -0.057549793 -0.14029843 -0.17234296 0.06956691 0.048232373 -0.26943642 -0.42282087 0.05327058 -0.10135023 -0.4788538 -0.23133932 -0.21123154 -0.09270454 0.2494766 0.033516966 0.2682569 -0.13659275
74 0.24864247 0.14738937 0.23743993 0.087961406 -0.06454139 0.3186216 -0.2477141 0.3765838 0.20697954 -0.19509514 -0.12877718 0.019866303 -0.11603585 -0.3056398 -0.054426976 -0.060356393 -0.167987 -0.119477615 -0.0980833 0.1442732 -0.20332122 -0.38981712 -0.01820018 0.053157784 -0.3197519 -0.2803761 -0.30647585 -0.11759704 0.19251056 0.026201576 0.18836626 -0.07931878
38 0.21655867 0.20718944 0.3134845 0.093739726 -0.074274436 0.3170353 -0.20606424 0.3018529 0.19974452 -0.10196854 -0.13573223 0.1494502 -0.09459612 -0.3585381 0.003889968 -0.053649507 -0.11887329 -0.08143346 -0.06810498 0.20300509 -0.30782035 -0.307012 -0.10525651 0.021566836 -0.36029023 -0.31737262 -0.324101 -0.085776515 0.10837228 0.11189874 0.13459592 -0.07203392
59 0.41636655 0.048078354 0.40500832 0.19179086 -0.18170822 0.1135008 -0.3108854 0.35069478 0.09553201 -0.001476818 -0.14986834 0.14433287 0.15013258 -0.24863163 -0.031480387 -0.019146062 -0.15872191 -0.06442175 0.10536208 0.06407767 -0.33118898 -0.31285512 0.048455913 -0.14644136 -0.52611834 -0.2899424 -0.20410484 -0.13610025 0.1220045 0.14437187 0.23948437 -0.059479445
15 0.23956904 0.026536938 0.25926775 0.077913836 -0.113097936 0.21345133 -0.32668775 0.38036546 0.15336071 -0.24042638 -0.16805442 -0.03139232 -0.07614921 -0.21120632 -0.091407016 -0.020027686 -0.13873659 -0.21743107 0.043228455 0.024574399 -0.19538233 -0.42692915 0.0809468 -0.08342683 -0.45997152 -0.25829294 -0.26025417 -0.12118863 0.25694206 -0.01742613 0.31158295 -0.18059175
61 0.2638721 0.23189062 0.2749895 0.10024498 -0.120234996 0.3524341 -0.25118265 0.33407363 0.15306115 -0.08132615 -0.21960518 0.043398127 -0.057038862 -0.3654543 0.07451806 0.010722545 -0.13686092 -0.12337568 -0.115949795 0.26585326 -0.24372624 -0.31058022 -0.054433152 0.09770871 -0.33163232 -0.36298737 -0.30059364 -0.04672502 0.18565619 0.21676981 0.07734653 0.011350512
90 0.28864557 0.055167682 0.34055358 0.11388912 -0.08333151 0.21683826 -0.23304352 0.3502382 0.12130611 -0.18903123 -0.13779701 0.13346699 -0.0042116493 -0.29377064 -0.0689199 -0.027389877 -0.14091657 -0.06723445 0.0464628 0.03953972 -0.30589986 -0.34701362 -0.003744221 -0.06831363 -0.41133654 -0.27870008 -0.25009513 -0.10968815 0.14534055 0.054369997 0.28451997 -0.13730776
87 0.28568837 0.18016946 0.27580807 0.062095273 -0.09557578 0.29713622 -0.22417459 0.34486488 0.14204206 -0.16166161 -0.104592904 0.065099 -0.1027468 -0.35285068 -0.056154415 -0.0749977 -0.1461018 -0.12885642 -0.060391452 0.16274002 -0.23675989 -0.34381428 -0.03125385 0.05958889 -0.31396443 -0.33725744 -0.3013536 -0.06995407 0.20290788 0.09854558 0.18798375 -0.1075207
11 0.3906123 0.029741758 0.46413726 0.23688133 -0.16215558 0.0521436 -0.20067096 0.3176383 0.048396815 -0.038388044 -0.1065173 0.27867183 0.11320678 -0.27245072 0.007846956 -0.029836979 -0.10640171 0.014789235 0.1501516 0.049698476 -0.3587089 -0.26843098 0.008845775 -0.16421524 -0.4816984 -0.33229715 -0.18200329 -0.06832904 0.0614951 0.16810536 0.23954834 -0.07791749
45 0.35381216 0.022139147 0.41238484 0.19025084 -0.13674556 0.12214471 -0.25335112 0.32830498 0.073534355 -0.04056042 -0.114854686 0.22514857 0.13061942 -0.2624861 -0.027986893 -0.006218332 -0.14210142 -0.045757342 0.13156907 0.04976624 -0.34846497 -0.28794387 0.024422532 -0.14761664 -0.50846165 -0.2908735 -0.20312436 -0.14731167 0.090512946 0.15742137 0.23011456 -0.050535247
107 0.20784055 0.15421204 0.21651731 0.093063 0.022829399 0.39832902 -0.29330766 0.33718276 0.17256655 -0.21879806 -0.21936001 0.031069314 -0.080924466 -0.30490127 0.012056963 0.03991652 -0.1657602 -0.076643094 -0.09970102 0.12834771 -0.19007179 -0.4023948 -0.0697994 0.075568296 -0.39506572 -0.2510923 -0.34579045 -0.10771163 0.20692019 0.0639708 0.18746552 -0.109800816
128 0.49960512 -0.0064823534 0.4805352 0.24566244 -0.19176903 0.042977426 -0.19981807 0.32647175 0.058073554 0.050811123 -0.028864995 0.3174754 0.15925089 -0.26715344 -0.017882101 -0.07819703 -0.13909082 0.06096944 0.2321772 0.045787707 -0.41640803 -0.24430835 0.015037897 -0.17595896 -0.46508095 -0.3157079 -0.17229885 -0.09305327 0.0063366676 0.20254056 0.21856318 -0.038967982
23 0.15751638 0.24125142 0.21446241 0.084519364 -0.12813514 0.4089118 -0.28596538 0.33261546 0.20982148 -0.21258539 -0.35932553 -0.042533763 -0.10740435 -0.3457822 0.10102648 0.03849912 -0.07898309 -0.20063947 -0.14254522 0.274377 -0.1521402 -0.359878 0.025665483 0.12045443 -0.43493137 -0.36652896 -0.35970655 -0.036895767 0.31488684 0.17080781 0.08967285 -0.025816662
41 0.15269324 0.3055651 0.19081852 0.05115101 -0.035061404 0.34889016 -0.31638142 0.33107156 0.2120679 -0.11898979 -0.28441557 -0.020467017 -0.1281418 -0.2910363 -0.004884287 0.005350828 -0.10926956 -0.17564513 -0.19048743 0.23534709 -0.12733628 -0.37911913 -0.02067839 0.1603249 -0.3742681 -0.33155635 -0.39404377 -0.14174578 0.24329227 0.18639588 0.08253121 0.028089492
27 0.25610992 0.15273748 0.2983559 0.07919366 -0.09266351 0.33112156 -0.2605225 0.34907687 0.15871549 -0.1280822 -0.16830501 0.090296924 -0.043292888 -0.29286262 -0.020149827 -0.008739333 -0.09370608 -0.1509308 -0.06751825 0.19130026 -0.24125762 -0.3099317 -0.034786243 0.044993848 -0.40348062 -0.32075801 -0.28420493 -0.09933356 0.18540972 0.11198612 0.15309033 -0.066255085
60 0.4753168 -0.13069828 0.4652753 0.24314062 -0.18021178 0.032016814 -0.23708898 0.37058 0.018615838 -0.005054959 -0.1467134 0.27864227 0.20775005 -0.22915633 0.046165444 0.01735092 -0.1438847 0.034280825 0.24267285 -0.007215488 -0.4385467 -0.25865573 0.049620245 -0.2877389 -0.5515495 -0.2754883 -0.124994285 -0.09614543 0.03529926 0.1807402 0.28716546 -0.08653539
95 0.338246 0.4290783 0.35077375 -0.09576235 -0.05988151 0.13363558 0.0100566875 0.37422854 0.2232948 -0.1961424 0.31473958 0.22645092 -0.32980096 -0.5299884 -0.37552145 -0.38429055 -0.20579748 -0.08311743 -0.080323435 0.10867368 -0.35024574 -0.35074472 -0.1774121 0.13890508 -0.12760758 -0.32578284 -0.2016299 -0.20157234 -0.041248195 -0.19829756 0.3370548 -0.18025258
20 0.14109127 0.19366525 0.22165658 0.044527877 0.046715036 0.40625635 -0.2087159 0.29897895 0.21503419 -0.19057828 -0.15287143 0.06668887 -0.17763779 -0.38870028 -0.07249194 -0.06435232 -0.141704 -0.12935264 -0.13433035 0.2057271 -0.1927211 -0.39310342 -0.08819436 0.14496095 -0.31399074 -0.31975347 -0.35600376 -0.1261936 0.15618387 0.055226803 0.15300523 -0.082449146
17 0.22247311 0.24828249 0.240992 0.08244991 -0.13007896 0.36078456 -0.22080277 0.344167 0.20952156 -0.11696945 -0.27464437 -0.0786142 -0.13797459 -0.35835037 0.07798566 -0.067058966 -0.15604316 -0.124519855 -0.14200704 0.2819094 -0.20083852 -0.34537908 -0.040586412 0.12419044 -0.31492385 -0.29974425 -0.33321977 -0.06905324 0.17739217 0.1297047 0.08156915 0.0032978435
114 0.16346657 0.06177638 0.22978833 0.101384096 -0.03054185 0.24437752 -0.29176453 0.34530377 0.18499218 -0.27559176 -0.19702847 -0.013305889 -0.15683277 -0.24811879 -0.11211664 -0.0065400326 -0.13596143 -0.23766957 -0.015937839 0.05273102 -0.1772887 -0.42649478 0.04100787 -0.030351182 -0.4444905 -0.2822533 -0.292921 -0.1141525 0.21936879 -0.015930403 0.29686153 -0.1492008
117 0.37578034 -0.099645585 0.37400308 0.23389357 -0.14821446 0.08900224 -0.3317928 0.31821948 0.08823862 -0.0806763 -0.23479868 0.15862076 0.17179626 -0.19142592 0.014069788 0.044671144 -0.12755805 -0.04258509 0.16766934 -0.0009044629 -0.34234527 -0.33324933 0.07675289 -0.23529652 -0.59419256 -0.275965 -0.19287664 -0.09736351 0.13238418 0.19092757 0.29686067 -0.095382705
53 0.45569146 -0.06136577 0.36937794 0.1943383 -0.23003036 0.07946305 -0.2753509 0.36075783 0.068557456 0.016439226 -0.24140513 0.136668 0.20209526 -0.23704648 0.1265359 -0.0032635108 -0.1585822 -0.016939795 0.15661725 0.091597795 -0.37907073 -0.290361 0.04784746 -0.2083437 -0.5472861 -0.3002491 -0.16847564 -0.082380384 0.13947019 0.18982372 0.17510442 -0.018524501
31 0.40484238 -0.045242883 0.3911011 0.17928235 -0.13125964 0.09624248 -0.25438488 0.36437532 0.058661953 -0.04765628 -0.099842 0.21738829 0.10689371 -0.25441083 -0.039774172 -0.019716628 -0.15513608 -0.034835726 0.17078461 0.015581719 -0.36406878 -0.28634351 0.026765004 -0.21561043 -0.5143202 -0.28038067 -0.15619159 -0.15722772 0.10736242 0.087555505 0.26866397 -0.102477044
33 0.40114373 0.034786493 0.40913674 0.19961618 -0.23812209 0.093826845 -0.25800657 0.3426315 0.0850985 -0.01571747 -0.12645337 0.14803474 0.10559893 -0.22128661 0.025697408 -0.07581195 -0.13861771 -0.059037175 0.14499207 0.08485813 -0.32448018 -0.2866936 0.07035367 -0.15424319 -0.4881982 -0.28619197 -0.1742041 -0.073517144 0.1318833 0.18964843 0.20991188 -0.030701946
63 0.41680634 -0.03704587 0.3938527 0.1773596 -0.14747468 0.14524984 -0.24261174 0.35488242 0.08105329 -0.10795951 -0.11567016 0.2279679 0.09407593 -0.2379289 -0.05212766 -0.020509427 -0.1289331 -0.020708535 0.1350446 0.010263488 -0.38426992 -0.330925 0.036864262 -0.16541514 -0.51985687 -0.28639492 -0.1741604 -0.073195055 0.13482536 0.08226939 0.28859618 -0.15435642
12 0.35269222 0.3009115 0.37516075 -0.033190746 -0.035329722 0.116606764 -0.04940655 0.36108947 0.16815445 -0.15426941 0.1411071 0.21311156 -0.22330831 -0.4759089 -0.21589044 -0.22920205 -0.1943656 -0.0783475 -0.0067893243 0.10066178 -0.35063466 -0.30952063 -0.12831356 0.03806912 -0.24758661 -0.3023196 -0.16752103 -0.1506544 -0.050038528 -0.12417774 0.29643136 -0.17875268
126 0.35418767 0.19028951 0.43285522 0.09158377 -0.022999596 0.16913974 -0.15205249 0.3128438 0.15994431 -0.15527603 0.11170117 0.27889162 -0.11021367 -0.41090354 -0.20730516 -0.14359243 -0.17181866 -0.02321154 0.045716323 0.068527035 -0.37727588 -0.29471305 -0.13542098 -0.036221262 -0.30535987 -0.32466164 -0.22494096 -0.16111091 0.00036827463 -0.030717727 0.28337958 -0.18323722
97 0.23431599 -0.005245241 0.28604174 0.05929182 -0.12254485 0.16206135 -0.28304186 0.35443953 0.10641378 -0.21227075 -0.15495017 0.067586176 -0.042637005 -0.26086193 -0.09367215 -0.056446068 -0.124656096 -0.20030624 0.089407116 0.031693216 -0.28695354 -0.39971638 0.095775604 -0.1592702 -0.47396353 -0.2213794 -0.21436308 -0.11056521 0.2161031 0.011551805 0.29709685 -0.17327575
66 0.4071283 0.21075715 0.34659088 0.09795519 -0.13232258 0.110097826 -0.1792412 0.3273034 0.13496752 -0.07570573 0.0503386 0.16537617 -0.011511166 -0.29329276 -0.17517947 -0.16150111 -0.18137307 -0.06301784 0.07828326 0.09164579 -0.2645334 -0.33026057 -0.0075863022 -0.013434696 -0.38129517 -0.28883454 -0.2229335 -0.17949426 0.07391143 0.056731623 0.24235378 -0.08081843
42 0.41853988 0.03234739 0.4147657 0.16894849 -0.15749644 0.06519142 -0.18444641 0.33818462 0.095832095 -0.022520907 -0.021671088 0.26579985 0.10951379 -0.2564562 -0.08315019 -0.07660428 -0.14802177 -0.03521648 0.1415801 0.02102404 -0.37441304 -0.27487057 0.008116619 -0.1259488 -0.46857914 -0.3029264 -0.17512216 -0.12751469 0.068893686 0.14781289 0.24944523 -0.07048623
121 0.27421317 0.2724327 0.27938136 0.10652986 -0.037437588 0.2688342 -0.17428802 0.34280375 0.20570347 -0.20677961 -0.0012219115 0.16437986 -0.20753936 -0.38463157 -0.15967137 -0.10034425 -0.14787886 -0.05726097 -0.11999923 0.105698206 -0.23988515 -0.30712992 -0.11276356 0.078855395 -0.2810157 -0.32881317 -0.32166955 -0.14288433 0.08167925 -0.0589751 0.2212153 -0.16130103
51 0.3197061 0.345321 0.36345738 -0.013200693 -0.03385562 0.1763559 -0.017534291 0.32619286 0.15870664 -0.12950012 0.11370161 0.20160338 -0.19569723 -0.51190025 -0.18517904 -0.2249915 -0.15828104 -0.027206264 -0.052024666 0.15483652 -0.3328363 -0.3176382 -0.15816268 0.0827081 -0.2075082 -0.33124244 -0.22385554 -0.1275774 -0.0122960815 -0.06469992 0.22017103 -0.15538329
36 0.21036577 0.01766347 0.24164248 0.11414267 -0.13996163 0.2275994 -0.37596852 0.36190924 0.16720806 -0.22693153 -0.21425472 -0.042878583 -0.050591797 -0.17377214 -0.059477057 -0.023117924 -0.1658048 -0.2329882 0.002977086 0.030702572 -0.18025397 -0.42672905 0.09087607 -0.13824855 -0.5076066 -0.21912491 -0.27658632 -0.124990396 0.24884677 0.03837869 0.26424545 -0.1450636
73 0.24712266 0.28693828 0.29499614 0.05337558 0.04729568 0.29627874 -0.07543301 0.27043948 0.21401522 -0.20322785 0.053560797 0.20833956 -0.20751213 -0.496631 -0.21651597 -0.10806576 -0.19214574 -0.05450631 -0.07920173 0.1379926 -0.28651807 -0.3339648 -0.172127 0.14947365 -0.22197312 -0.3543812 -0.312739 -0.10623946 0.0017200012 -0.05042849 0.29107878 -0.1943931
81 0.25582597 0.027068963 0.23262791 0.08232765 -0.07653689 0.1978516 -0.31445688 0.37004235 0.16790529 -0.1882171 -0.17045186 -0.006340852 -0.066362984 -0.2287297 -0.09223083 -0.06427116 -0.19731852 -0.16530675 0.033910673 0.06378478 -0.2079364 -0.4515074 0.05439413 -0.079962306 -0.44053388 -0.2442757 -0.2697636 -0.18282966 0.21714878 0.013027626 0.30181873 -0.10060247
127 0.30185738 0.34405667 0.34279203 0.03408731 -0.03268026 0.13373075 -0.045164783 0.34410012 0.22096522 -0.14650142 0.12041557 0.16636774 -0.22928731 -0.48630273 -0.28993338 -0.27105567 -0.19642979 -0.12233934 -0.08028334 0.12708966 -0.30427077 -0.36685118 -0.1535189 0.065533414 -0.2121166 -0.31959298 -0.26799953 -0.14150025 -0.03694336 -0.08103539 0.2803588 -0.12506482
71 0.40152502 0.34671506 0.39810243 -0.016110688 0.004596241 0.09991607 0.031831957 0.34860831 0.16260158 -0.117004365 0.22023386 0.2740915 -0.27734753 -0.5605425 -0.29488954 -0.32468745 -0.2055966 -0.038464207 -0.012820149 0.12766612 -0.3985338 -0.3197866 -0.16955617 0.083682604 -0.18868178 -0.35432526 -0.20522405 -0.16489996 -0.10827904 -0.14284739 0.27600908 -0.1667281
56 0.12568656 0.3684566 0.20961617 0.07673269 -0.10557685 0.3947997 -0.28974244 0.38393918 0.25211728 -0.09328287 -0.28318948 -0.075051956 -0.17204013 -0.35118693 0.031006068 -0.04707106 -0.12633964 -0.14611892 -0.26264015 0.32858777 -0.1453643 -0.35160768 -0.050673284 0.16004515 -0.32370752 -0.33453336 -0.37525165 -0.12818062 0.18228267 0.1942405 0.014679312 0.07185898
125 0.2466454 0.20447336 0.22855675 0.10767108 -0.08722864 0.38566965 -0.27839708 0.36415803 0.18561941 -0.15805717 -0.26326713 -0.03533006 -0.11173686 -0.3247429 0.05482816 -0.0024391357 -0.15237144 -0.12934166 -0.1235146 0.20847788 -0.1776027 -0.3864647 -0.0023307311 0.09023545 -0.35466325 -0.31758642 -0.34621286 -0.069715574 0.25338387 0.1331881 0.10693352 -0.06915212
91 0.39783606 -0.0011074037 0.43806112 0.23840216 -0.14564529 0.15465733 -0.28050205 0.3396653 0.056821365 -0.008942034 -0.23575152 0.19600585 0.17155476 -0.26887754 0.09115629 0.04718785 -0.11782404 -0.014487697 0.117472336 0.11738973 -0.34330505 -0.26007572 0.022440074 -0.15190496 -0.50453967 -0.3511079 -0.22714533 -0.09235005 0.11476265 0.2630054 0.14550051 0.009232777
86 0.34464508 0.12445308 0.38751984 0.1712478 -0.16225295 0.10936414 -0.19042543 0.34696916 0.10387427 -0.070637524 -0.07176002 0.19014972 0.039427757 -0.28330138 -0.08423245 -0.099243365 -0.12360581 -0.07954027 0.048204795 0.11324394 -0.29904604 -0.30950186 0.000739682 -0.109781615 -0.45294598 -0.32375345 -0.2264908 -0.10484498 0.09857666 0.13324295 0.20667636 -0.060565323
65 0.41262212 -0.060753874 0.42968807 0.22558661 -0.19716828 0.09570878 -0.26423836 0.3421781 0.0365463 -0.0058164084 -0.1609011 0.23317336 0.1696832 -0.24358802 0.045936286 -0.014804083 -0.15281668 -0.027461981 0.20110953 0.07172549 -0.39592576 -0.25378236 0.06947777 -0.21526876 -0.54479706 -0.31562838 -0.1389616 -0.09635417 0.067708045 0.19361186 0.21782988 -0.018778937
57 0.29120442 0.1906881 0.28303492 0.08007916 -0.13047628 0.294946 -0.27575588 0.3480492 0.15892155 -0.0657078 -0.20174122 0.051163193 0.001597834 -0.29007494 0.04940736 -0.06093461 -0.13378848 -0.10867047 -0.08807414 0.17625828 -0.2288293 -0.32742086 -0.0066325357 0.04444139 -0.39317492 -0.3276038 -0.25791994 -0.05613439 0.18354225 0.14947051 0.07892277 -0.02775669
100 0.20648058 -0.0048385174 0.24805918 0.10592305 -0.16646194 0.27690277 -0.36336887 0.37303135 0.13790643 -0.19194391 -0.253196 -0.0038876818 -0.050573193 -0.22960384 0.013233732 0.022421477 -0.136638 -0.16786642 0.014320896 0.07190912 -0.20012389 -0.4249627 0.115658745 -0.11222291 -0.46136415 -0.26682317 -0.28624132 -0.08902648 0.30737525 0.057614133 0.2565075 -0.1389427
111 0.26963988 0.11196791 0.31216276 0.09734161 -0.100711145 0.2109713 -0.18824317 0.36979032 0.14377773 -0.08829304 -0.10336991 0.119895056 -0.031958308 -0.36885044 -0.094305456 -0.06117469 -0.15778571 -0.111767404 -0.01649365 0.15340681 -0.26032886 -0.32228538 -0.03584348 -0.02730279 -0.36998948 -0.3373165 -0.23472986 -0.12282547 0.10639679 0.103682145 0.18798889 -0.07993586
67 0.21730274 0.33040226 0.24288835 0.102914736 -0.15952125 0.4377473 -0.2703981 0.34093657 0.23198444 -0.07207522 -0.33112672 -0.06888097 -0.09327137 -0.37042347 0.18217564 -0.007919419 -0.12253728 -0.12183731 -0.20950486 0.3363029 -0.21002315 -0.30734175 -0.056954697 0.14344873 -0.35174337 -0.35262266 -0.36181903 -0.050761458 0.23019657 0.23396981 -0.017798012 0.03977794
94 0.2903248 0.24530375 0.31407183 0.0042704525 0.017568847 0.30226323 -0.09996346 0.30384246 0.167546 -0.24701563 0.067624085 0.20757893 -0.17858727 -0.44049686 -0.17716552 -0.12842701 -0.16861738 -0.034945764 -0.07242145 0.10465846 -0.31041598 -0.31474704 -0.15672024 0.123377115 -0.25680548 -0.29838642 -0.2629625 -0.13836667 0.035150345 -0.10084827 0.28186902 -0.23340504
72 0.3126327 0.08354036 0.34698725 0.15630545 -0.15065476 0.121753424 -0.27118108 0.35436428 0.0887905 -0.051784217 -0.14260092 0.15649863 0.0704073 -0.26266807 -0.03625488 -0.03655707 -0.1597574 -0.05568028 0.11784943 0.062199336 -0.28031513 -0.35263723 0.04577114 -0.10734802 -0.46299216 -0.259754 -0.24019438 -0.17527863 0.18209061 0.20702973 0.23466073 -0.019166315
78 0.35567558 0.34874874 0.33035222 -0.0064523285 -0.026633197 0.17022759 -0.011006604 0.3414178 0.19655521 -0.18768309 0.2321217 0.23732552 -0.26879382 -0.47066408 -0.2865961 -0.29126334 -0.16234103 -0.075361036 -0.07310369 0.12233333 -0.31872076 -0.3168018 -0.12989306 0.118889056 -0.18919358 -0.36868232 -0.20331505 -0.11846346 -0.026388193 -0.1438824 0.29134223 -0.19391747
16 0.335802 0.1929153 0.3631869 0.14141634 -0.1554733 0.14223613 -0.3032779 0.34621826 0.1211961 -0.03898245 -0.11339288 0.09221687 0.052032724 -0.29994705 -0.07983109 -0.093062334 -0.17541106 -0.110000975 0.041300993 0.108416565 -0.26841882 -0.3236226 -0.011654878 -0.0667547 -0.3960016 -0.26629698 -0.22430381 -0.14814235 0.15101553 0.14260605 0.18080087 -0.0027953428
52 0.30602944 0.2659995 0.3501368 -0.0016311733 -0.0064830882 0.18418731 -0.061459176 0.334335 0.15776847 -0.15891296 0.14358927 0.22932981 -0.23566476 -0.5020832 -0.25329018 -0.24455611 -0.17846492 -0.06425333 -0.04286839 0.13459878 -0.3610142 -0.3448247 -0.15594068 0.05719612 -0.23359479 -0.28786874 -0.22549811 -0.16354753 -0.02822546 -0.12311781 0.2665767 -0.20582552
6 0.14476122 0.054417096 0.21696801 0.12014657 -0.085025735 0.2826702 -0.3356365 0.35704505 0.17593326 -0.2808977 -0.26003566 -0.05939942 -0.08575039 -0.22839049 -0.044748634 0.039816093 -0.1348291 -0.19468196 -0.08600819 0.0732983 -0.16717702 -0.42830935 0.054961342 -0.06881721 -0.44960934 -0.25653854 -0.32282144 -0.099112436 0.24316755 0.0043979962 0.28164858 -0.16853385
104 0.2764274 -0.027549542 0.3351368 0.12701671 -0.14884816 0.14497082 -0.31661013 0.39904934 0.10744485 -0.17462555 -0.17813593 0.06055423 0.018277137 -0.20190692 -0.02608045 -0.0057356055 -0.1232725 -0.17852372 0.056228697 0.030143369 -0.28223 -0.36282307 0.076579414 -0.1899737 -0.5051691 -0.26480278 -0.22085667 -0.11718366 0.21952052 0.0709386 0.29085842 -0.13557886
49 0.32902342 0.17616174 0.44168815 0.20016569 -0.14038801 0.15639395 -0.1884113 0.30895588 0.1040888 -0.011834084 -0.08658032 0.17155397 0.04909514 -0.35923815 -0.05783395 -0.06922206 -0.1807956 -0.060398217 0.05501469 0.12820043 -0.28717238 -0.29388997 -0.024978343 -0.064073965 -0.37390563 -0.33240157 -0.26002803 -0.14147505 0.05746421 0.19158645 0.16980231 -0.008959006
32 0.20382582 0.08951761 0.24150811 0.06371458 -0.13226168 0.23002678 -0.27932763 0.33274242 0.12039232 -0.22125718 -0.2497467 0.01452871 -0.06649577 -0.28778258 -0.016497018 -0.010321088 -0.13403663 -0.19068737 0.0013211755 0.12012418 -0.22348298 -0.41254807 0.07472146 -0.085059725 -0.4665336 -0.24125749 -0.23850434 -0.10491107 0.29102424 0.03979331 0.27637714 -0.12506726
108 0.22534762 0.23678654 0.26761135 0.09267204 -0.08949763 0.35715365 -0.21724656 0.3025308 0.1656397 -0.09431516 -0.2196726 0.105008796 -0.070225835 -0.41155192 0.05262002 -0.025599433 -0.13194835 -0.090212524 -0.10070328 0.2639675 -0.2496763 -0.3063928 -0.09779612 0.10472905 -0.34123987 -0.3207418 -0.32617578 -0.030025167 0.15934512 0.12812182 0.1242978 -0.052823197
124 0.48578566 -0.09581581 0.44625083 0.22999719 -0.19036475 0.040470663 -0.2574333 0.35516912 0.0056047076 -0.018604977 -0.083795674 0.24876434 0.2316076 -0.24236776 0.028394308 0.011374042 -0.150317 0.046517342 0.24143852 0.0020512345 -0.41083887 -0.2112067 0.0569133 -0.25553697 -0.54199636 -0.24481584 -0.12408326 -0.1057894 0.058071904 0.16111608 0.27403304 -0.10079737
