128 32
121 -0.34747073 -0.15204778 -0.048019327 0.47615626 -0.12930901 -0.3107251 -0.23728637 -0.118542336 -0.25800708 0.09760151 -0.3701107 -0.10145547 0.070397586 -0.15330428 0.088901274 0.15636988 -0.07602569 0.12569194 -0.033741865 -0.349114 -0.2203355 0.05946058 -0.20437591 -0.084621854 -0.43274897 0.12973025 -0.08927956 -0.00085746835 0.024369739 -0.17765906 -0.06700202 -0.53302914
57 -0.14124793 -0.020003067 -0.13082309 0.27479297 -0.25018042 -0.1935256 -0.116510294 0.012897498 -0.32632753 -0.06517822 -0.19980143 -0.07591723 -0.08355999 -0.14054348 -0.07243688 0.28708723 -0.15907094 -0.12113777 0.13550755 -0.20534582 -0.07350034 0.2312272 -0.39703912 0.056543935 -0.2920116 0.18172963 0.10389707 0.08931134 -0.1441018 -0.1378788 0.22428174 -0.50132203
15 -0.15804403 0.0768343 -0.15670508 0.27001673 -0.25175068 -0.22049779 -0.12318985 -0.05991192 -0.3451482 -0.024431631 -0.25138232 -0.07560162 0.027463192 -0.0036138822 -0.08949498 0.41246238 -0.119049765 -0.09371546 0.26959398 -0.1535308 -0.0887042 0.10988319 -0.4015742 0.078791626 -0.25498435 0.15986389 0.24186072 0.1619929 -0.14215516 -0.13514619 0.19862272 -0.3986508
126 -0.21621785 -0.03667451 -0.04404255 0.34534514 -0.22331434 -0.23499838 -0.0454145 -0.06782099 -0.35588023 -0.019468568 -0.2872536 -0.16182287 -0.0399473 -0.13008529 -0.007445337 0.2408066 -0.121575095 -0.06440387 0.13684802 -0.20011772 -0.064841054 0.15684572 -0.33673093 0.039116945 -0.3494962 0.22318909 0.0561665 0.04381276 -0.104892075 -0.13520774 0.14498356 -0.47383356
106 -0.2827141 -0.045208827 0.059330862 0.2561874 -0.21742429 -0.1737107 0.15006953 -0.0856566 -0.36701143 -0.022268578 -0.25142914 -0.23883064 -0.14158173 -0.070819184 -0.07535093 0.2593463 -0.14501725 -0.11986674 0.22303648 -0.17890473 0.038349096 0.16948041 -0.35238972 0.03037212 -0.38531068 0.3672347 -0.032030173 0.11112591 -0.16001737 -0.109751284 0.2569841 -0.42375448
74 -0.15651335 0.098075494 -0.1640031 0.19358812 -0.20295128 -0.2756749 -0.13722457 -0.12068181 -0.3604259 0.0013300031 -0.24125901 -0.10637853 0.078525856 0.012669267 -0.090395525 0.46441877 -0.12878765 -0.06426048 0.3562682 -0.129422 -0.07773806 0.06499369 -0.4054855 0.04093498 -0.29593304 0.15876539 0.24669333 0.1405752 -0.11394816 -0.16416171 0.15348409 -0.37947777
123 -0.27645913 -0.19193238 0.020208176 0.50707793 -0.12278838 -0.36221126 -0.2950661 -0.14563566 -0.2706295 0.06795299 -0.3754373 -0.019011145 0.13059895 -0.16496205 0.108983375 0.11622898 -0.08728684 0.123959154 -0.085683815 -0.4045996 -0.2810474 0.047366165 -0.17844027 -0.095279336 -0.4138045 0.068030335 -0.11389636 0.026925439 -0.001547967 -0.1883173 -0.09651135 -0.6168163
28 -0.2336183 -0.18538906 -0.040976986 0.46304986 -0.19262886 -0.28231695 -0.20936026 -0.09330552 -0.2611864 0.047785703 -0.36207733 0.002113188 0.053381983 -0.17939296 0.10729414 0.20112996 -0.09137117 0.028997218 -0.020805703 -0.3302203 -0.21927312 0.11451998 -0.18145765 -0.054717064 -0.34973717 0.108163856 -0.020201681 0.045933053 -0.071022406 -0.132526 0.010600623 -0.6010178
47 -0.20388599 0.0011705316 -0.016346743 0.27143675 -0.20458063 -0.18477921 0.07642429 -0.07543447 -0.38138 -0.06916173 -0.2341747 -0.19025211 -0.07559156 -0.04304044 -0.073346406 0.31953898 -0.179126 -0.17141384 0.2423234 -0.1637555 0.022705672 0.18287726 -0.34884715 0.06423505 -0.30701438 0.34018993 0.04315967 0.14481784 -0.20726533 -0.09471564 0.25716445 -0.42567578
24 -0.18604797 0.044953506 -0.16124445 0.2951983 -0.16858359 -0.2876844 -0.13970914 -0.09652979 -0.32304227 0.08826614 -0.3037918 -0.12637478 0.047530122 -0.0002977947 0.002254165 0.3701658 -0.07131537 -0.03211301 0.21636078 -0.21482775 -0.076640256 0.06697455 -0.3166557 -0.013697122 -0.34991527 0.16720997 0.21873918 0.111308545 -0.107817575 -0.16358443 0.10561363 -0.36692804
27 -0.1919578 -0.02940709 -0.12384014 0.26856986 -0.27920082 -0.1635255 -0.07892662 -0.045548696 -0.3458729 -0.045116007 -0.19016917 -0.09899378 -0.10095105 -0.1347492 -0.08128701 0.35409984 -0.16154201 -0.09531792 0.21250747 -0.14587508 -0.067463614 0.22261494 -0.39072695 0.089524135 -0.25281954 0.2356277 0.07585281 0.1398637 -0.14840043 -0.12171947 0.2245833 -0.4887268
111 -0.16089892 -0.07191501 -0.09170793 0.31579682 -0.27273896 -0.119526 -0.046453055 0.024914378 -0.37293175 -0.1120811 -0.20075029 -0.07884113 -0.11405017 -0.17139038 -0.0081172045 0.3140093 -0.16310777 -0.16250718 0.19129586 -0.11709393 -0.07837613 0.27609542 -0.3487545 0.10389769 -0.23678298 0.195944 0.12578894 0.12302778 -0.21649684 -0.12889466 0.27185777 -0.49287847
3 -0.286015 -0.13271418 -0.013652624 0.40848684 -0.14893425 -0.31735256 -0.189796 -0.14580904 -0.27575514 0.07981257 -0.33816814 -0.05846352 0.07412086 -0.11537922 0.035668146 0.22209892 -0.07724898 0.06775944 0.053196475 -0.3322501 -0.15770686 0.040459957 -0.21890882 -0.06047376 -0.4061583 0.16787907 -0.019616228 0.06593798 -0.041238263 -0.1464043 0.00978427 -0.51747245
119 -0.2520439 0.059252113 -0.11181292 0.29135475 -0.16164905 -0.3238472 -0.07476144 -0.14540206 -0.37831166 0.04469225 -0.28371793 -0.20096202 0.013795195 -0.004818393 -0.015422012 0.32676503 -0.10654181 0.029197432 0.21491404 -0.25409397 -0.024856348 0.06397656 -0.38871697 -0.037893835 -0.38618743 0.17454116 0.09553081 0.10620792 -0.06275081 -0.11683354 0.06610278 -0.31309175
55 -0.2603537 -0.18307754 -0.09830045 0.52075374 -0.17739837 -0.31325385 -0.3180362 -0.1016744 -0.22765483 0.070870966 -0.3491669 0.019138988 0.08082115 -0.20664775 0.08692831 0.19986013 -0.07595666 0.10674436 -0.075503245 -0.38792372 -0.27916333 0.03667782 -0.18587016 -0.08818472 -0.36815083 0.055887625 -0.011155499 0.006208112 0.018321637 -0.17223142 -0.08592264 -0.6181377
116 -0.23514174 -0.0511851 -0.08274642 0.3548429 -0.15053831 -0.29441535 -0.20271784 -0.15631807 -0.2752348 0.0028248744 -0.31070727 -0.09652286 0.05872108 -0.12884593 -0.015888948 0.26368922 -0.08425365 0.025125451 0.07406456 -0.26166025 -0.15586185 0.094531044 -0.2667345 -0.014348116 -0.37339103 0.113425046 0.009147988 0.09737282 -0.022954447 -0.18914971 0.07595766 -0.5370022
2 -0.1475249 -0.011381306 -0.06463738 0.2652641 -0.25481957 -0.17908324 -0.013287496 -0.041138683 -0.35904378 -0.07306343 -0.25626302 -0.11921779 -0.027579105 -0.09842617 -0.035157297 0.3672953 -0.13903408 -0.13370152 0.25887078 -0.13385671 -0.06679598 0.17979185 -0.40788624 0.08267281 -0.26659703 0.24186297 0.13328382 0.14723018 -0.18033245 -0.08877309 0.22822534 -0.46356553
14 -0.194246 -0.08195079 -0.05082236 0.39159006 -0.19993308 -0.32518023 -0.21019156 -0.078464575 -0.2969274 0.0309153 -0.2910843 -0.009685623 0.024874017 -0.12660043 -0.0005463868 0.21787718 -0.12297549 0.003115082 0.05188387 -0.30063006 -0.19803226 0.10551342 -0.2742974 -0.024757598 -0.353508 0.0902172 0.034504615 0.04632315 -0.019436633 -0.21484296 0.063677214 -0.545834
112 -0.21580811 0.035278738 -0.09126739 0.29367742 -0.2405112 -0.2475142 -0.118423045 -0.03709442 -0.33899975 0.015533706 -0.27071777 -0.15953438 -0.04639445 -0.08466676 -0.058721744 0.29387042 -0.09550498 -0.01592489 0.22179344 -0.21792534 -0.09308649 0.14471062 -0.37738916 0.031319585 -0.32052743 0.19126135 0.13020165 0.10005809 -0.087036245 -0.11895983 0.14958648 -0.43638146
33 -0.31888443 0.03540528 0.029705524 0.2637208 -0.19520538 -0.25150362 0.07550749 -0.07804066 -0.37629628 0.048603013 -0.28176838 -0.22859032 -0.041476093 -0.015292445 -0.058079846 0.28344652 -0.09898882 -0.02192546 0.26369387 -0.22414109 -0.044460494 0.12917711 -0.4067623 -0.013691842 -0.32472938 0.28848833 -0.0068763285 0.12856568 -0.12754275 -0.10137508 0.17023563 -0.3591034
23 -0.10905742 0.023819491 -0.083250344 0.25892305 -0.24292314 -0.20842744 -0.10020896 0.01026616 -0.34090266 -0.054300603 -0.22929822 -0.05124049 -0.062357 -0.1037161 -0.05107245 0.29712602 -0.15004608 -0.14253235 0.21976456 -0.17064644 -0.07872259 0.22376274 -0.35758826 0.09034874 -0.27589855 0.16883467 0.16492246 0.08711659 -0.13272873 -0.16003893 0.25351536 -0.5238499
6 -0.1719872 0.03532898 -0.18974105 0.32498577 -0.22113612 -0.26927572 -0.18565732 -0.09154581 -0.30983865 0.0240187 -0.28378478 -0.061981525 0.041121732 -0.090001196 -0.027454244 0.4001185 -0.10979667 -0.04902604 0.2109554 -0.16012809 -0.12305061 0.10520942 -0.336542 0.052653965 -0.26389623 0.102273434 0.19138356 0.13651484 -0.093825616 -0.118278414 0.098229975 -0.43919224
71 -0.28167865 -0.028921036 -0.08211714 0.31956586 -0.2097227 -0.27451414 -0.14112827 -0.09219402 -0.26960397 0.09824055 -0.32412603 -0.06929935 0.021080256 -0.05663699 -0.03807321 0.30804983 -0.13042921 0.029231688 0.10842485 -0.307966 -0.14435917 0.086591415 -0.2962858 -0.03121132 -0.32211193 0.15521872 -0.014875182 0.103528515 -0.039460625 -0.17916697 0.01995022 -0.47985488
66 -0.33841494 0.007205771 0.033696182 0.23055911 -0.2223959 -0.22926915 0.112978905 -0.06612264 -0.40992177 0.012784193 -0.23112375 -0.26011753 -0.10202284 0.003691091 -0.07286133 0.27964804 -0.15674745 -0.09746522 0.25644013 -0.18352276 0.041905284 0.15400842 -0.44478038 0.019955691 -0.36610827 0.3722591 -0.027930802 0.1337587 -0.14615421 -0.10842968 0.17903158 -0.3285772
4 -0.09472025 0.02124421 -0.1672319 0.27107078 -0.32464713 -0.2021104 -0.12839228 0.052590407 -0.3425984 -0.06468503 -0.22613916 -0.03997561 -0.092820816 -0.12173457 -0.09034154 0.344738 -0.10393737 -0.17135319 0.22921792 -0.11397095 -0.10232338 0.25830147 -0.3645698 0.11776271 -0.2716404 0.18478565 0.21160336 0.0955733 -0.14736706 -0.14905041 0.26746604 -0.5109524
37 -0.1855849 0.0741389 -0.14470139 0.27582407 -0.27400708 -0.25793135 -0.12326185 -0.050410066 -0.36064386 0.06293888 -0.3143032 -0.081258416 -0.018183213 -0.01423096 -0.036647238 0.39352968 -0.11270094 -0.09633952 0.2695726 -0.1834894 -0.06628496 0.12162936 -0.35772866 0.06515835 -0.2533099 0.1896725 0.23877858 0.14383142 -0.10318165 -0.11762187 0.12254107 -0.3770491
108 -0.2220748 0.037403546 -0.111670695 0.23649815 -0.22735871 -0.16601224 0.011721001 -0.05660319 -0.36235505 -0.057708528 -0.23649268 -0.19624783 -0.10378179 -0.096457675 -0.06844162 0.38226885 -0.14831454 -0.13595752 0.2684976 -0.13905548 -0.011521708 0.20279787 -0.45310932 0.07538173 -0.27416003 0.24493644 0.096725635 0.16278711 -0.14159502 -0.13717699 0.22315942 -0.41706395
12 -0.28842637 -0.13499123 -0.069655396 0.44319084 -0.16688092 -0.315225 -0.22144715 -0.13119304 -0.25456783 0.12495557 -0.33922943 -0.043980513 0.038714033 -0.16565074 0.039958503 0.26575154 -0.09676386 0.10417943 0.034445442 -0.3138175 -0.18351749 0.028270379 -0.24226786 -0.060557965 -0.35971603 0.11499542 -0.021029357 0.05627897 -0.02879341 -0.13475809 -0.03035102 -0.52201015
9 -0.12050507 -0.005739563 -0.15117198 0.25192308 -0.2986581 -0.16653942 -0.09971888 0.0155492565 -0.37632194 -0.11477584 -0.16656046 -0.09733723 -0.09404516 -0.15274993 -0.08403446 0.34480268 -0.1602524 -0.14600715 0.20156504 -0.094051234 -0.043013357 0.22419775 -0.4322323 0.12527546 -0.30022615 0.20136571 0.16953579 0.08265476 -0.14925759 -0.12928522 0.25733706 -0.50375396
88 -0.3123915 -0.016204586 -0.027163675 0.31745818 -0.17285553 -0.22614951 0.006309567 -0.08590796 -0.36009994 0.055630755 -0.29299036 -0.18445142 -0.07093468 -0.014615397 -0.07181593 0.27596927 -0.0950153 0.0034848917 0.19123368 -0.24578662 -0.10185214 0.119247586 -0.3895752 -0.0069199805 -0.33462387 0.2349041 -0.024170848 0.12298046 -0.0882561 -0.123575814 0.10480811 -0.37709704
10 -0.25993687 0.03781572 -0.017758692 0.25615475 -0.23163089 -0.27429414 0.010943792 -0.097221516 -0.37337783 0.047047593 -0.31037864 -0.16920465 -0.030917991 0.030122612 -0.06452635 0.29466268 -0.136783 -0.055523112 0.26469037 -0.21346825 -0.031470057 0.11904347 -0.39162916 0.004569191 -0.32544246 0.24082538 0.08222291 0.12834544 -0.12592337 -0.13122554 0.1575108 -0.32740223
58 -0.26869896 -0.002669225 -0.18958215 0.305613 -0.15285958 -0.23348594 -0.1969355 -0.076487914 -0.2971564 0.029140217 -0.26207298 -0.088364266 0.032884166 -0.086634435 -0.030375795 0.4001386 -0.059703648 -0.008077435 0.16724741 -0.20070085 -0.13623081 0.051907692 -0.3701701 0.021823483 -0.33629832 0.11641432 0.16706364 0.09006275 -0.069945894 -0.19294703 0.06483541 -0.45290866
113 -0.24526145 -0.22726607 0.0069277952 0.5352468 -0.14831169 -0.35747087 -0.29182124 -0.12814458 -0.2467296 0.036910612 -0.390042 0.011338957 0.106101334 -0.17957915 0.100726396 0.115331896 -0.041311435 0.120362245 -0.08092706 -0.42032754 -0.31076786 0.05982801 -0.19355772 -0.11228404 -0.42976177 0.034201704 -0.10505763 0.03343347 0.014067044 -0.22822376 -0.10035511 -0.6436416
92 -0.30643377 -0.19181372 -0.021503013 0.4491196 -0.18325838 -0.33076787 -0.18683405 -0.149166 -0.28802806 0.085374184 -0.39135236 -0.10760297 0.08724576 -0.14953898 0.1406388 0.16229378 -0.059918754 0.070561744 -0.054882765 -0.3592185 -0.17292023 0.0285851 -0.18537664 -0.05494418 -0.43139172 0.17012085 -0.035097968 0.012982665 -0.04898047 -0.124409795 -0.05745676 -0.5185026
120 -0.11174845 0.012065192 -0.18914577 0.23745969 -0.3044759 -0.15061106 -0.12331989 0.044681795 -0.36151946 -0.10692434 -0.15534243 -0.0838421 -0.11090398 -0.15955178 -0.08750025 0.375597 -0.17458193 -0.1438471 0.20669597 -0.117887355 -0.09939318 0.21952043 -0.4366167 0.10340489 -0.25012362 0.16367853 0.15429619 0.12031078 -0.16451736 -0.16012894 0.29312056 -0.52876955
31 -0.38109985 0.037419945 -0.012404542 0.25926954 -0.18304092 -0.20884652 0.10882169 -0.097840175 -0.4107518 0.027839568 -0.24148987 -0.2977963 -0.13446352 0.00073029066 -0.12607284 0.27531677 -0.11663223 -0.0005759552 0.23275782 -0.22636844 0.020218993 0.13190477 -0.48921105 -0.00091082824 -0.36903504 0.29030222 -0.09709835 0.14476408 -0.08232572 -0.1464589 0.1677845 -0.29599977
52 -0.23560183 -0.06836664 -0.13891368 0.3795334 -0.176297 -0.33064514 -0.20726371 -0.07118966 -0.29470393 0.031103104 -0.28852746 -0.093070775 0.084176205 -0.09424118 0.043903798 0.2793157 -0.112497665 0.044161458 0.09576196 -0.28413004 -0.1438708 0.057787374 -0.2917147 -0.03436418 -0.3615839 0.10884243 0.08793966 0.093421854 -0.055953387 -0.14487821 0.050852574 -0.46557513
90 -0.23964658 0.064224385 -0.13982464 0.20074555 -0.223347 -0.26124868 -0.030538123 -0.07390407 -0.38002807 0.018036101 -0.25641197 -0.1565504 -0.019155625 -0.01212081 -0.09238391 0.3879961 -0.14505503 -0.070625335 0.28235605 -0.1959914 0.006770136 0.11625844 -0.45065013 0.042579778 -0.33579665 0.2504011 0.1484879 0.16307315 -0.1089119 -0.17309731 0.18449694 -0.35656095
125 -0.09432715 0.037109494 -0.1171366 0.23177013 -0.35328382 -0.2136684 -0.098798744 0.052586246 -0.36175573 -0.04414993 -0.26267314 -0.107354544 -0.08597459 -0.12325881 -0.05769963 0.31000733 -0.16301839 -0.14780258 0.19374381 -0.15919004 -0.061146792 0.25907028 -0.35379794 0.100586064 -0.24060932 0.21307461 0.1804999 0.10959181 -0.11881457 -0.11163015 0.22997376 -0.519794
51 -0.27094865 -0.09485015 -0.082433015 0.36729917 -0.16138263 -0.31920522 -0.16950566 -0.13247804 -0.32386434 0.05492789 -0.33079216 -0.077160954 0.06529012 -0.060112115 0.069839895 0.2688116 -0.08850348 0.054617215 0.08978377 -0.33218068 -0.13147439 0.04136096 -0.2940348 -0.055161037 -0.3368307 0.15001431 0.016045736 0.10131047 -0.044359546 -0.16209956 0.0039105834 -0.4579994
72 -0.3422295 -0.01606392 -0.03947329 0.2519067 -0.19426242 -0.2769003 -0.0035287153 -0.13630527 -0.35216218 0.088153094 -0.3086042 -0.2166791 0.041308727 0.0008311279 0.0097446395 0.26461622 -0.117269635 0.01287414 0.18602845 -0.28397694 -0.009725402 0.061072864 -0.3409449 -0.06432684 -0.40915066 0.2860195 -0.021157138 0.08672539 -0.06838694 -0.14634484 0.10520257 -0.3751105
59 -0.40727156 -0.06476075 -0.033542875 0.35608768 -0.13786633 -0.22835183 -0.042049788 -0.110508144 -0.3188549 0.023468478 -0.29897192 -0.19632007 -0.04943803 -0.066799454 -0.060851894 0.2128678 -0.0663023 0.09785427 0.08713504 -0.308745 -0.12991752 0.07369158 -0.3908139 -0.04475304 -0.40492746 0.17469141 -0.09570568 0.08040631 -0.060990553 -0.1626188 0.018335741 -0.4208765
94 -0.3662349 -0.19469698 0.004286338 0.5067487 -0.13449545 -0.30695888 -0.23285641 -0.17651354 -0.26925302 0.092885435 -0.37551716 -0.042898733 0.093462154 -0.11400226 0.061174247 0.21002273 -0.04973313 0.17244264 -0.03497177 -0.38608184 -0.26621106 0.03013995 -0.21627018 -0.09182171 -0.39079252 0.09965245 -0.12872818 0.069944955 0.0053009484 -0.16701914 -0.08064824 -0.554628
105 -0.18233766 0.011438297 -0.13016042 0.21302937 -0.27158105 -0.17624244 -0.10304465 -0.03607853 -0.3670182 -0.057945784 -0.22740033 -0.12031203 -0.060171146 -0.0872806 -0.106226265 0.3580333 -0.14132683 -0.108095795 0.2510358 -0.11839946 -0.07722883 0.20200504 -0.393031 0.07547596 -0.24049552 0.19279943 0.14083882 0.11957985 -0.14389099 -0.1539406 0.22931923 -0.46032834
54 -0.15682873 -1.7752827e-06 -0.20073508 0.31972224 -0.21256119 -0.32416347 -0.25530258 -0.05066978 -0.28544626 0.029599177 -0.2822884 -0.010856907 0.07945402 -0.064805575 -0.029375589 0.38432726 -0.08880819 -0.01080783 0.2177676 -0.18053432 -0.15990913 0.08126275 -0.30529743 0.027624998 -0.34671298 0.115174234 0.22462517 0.04769875 -0.08677793 -0.18773478 0.12916456 -0.44214535
93 -0.3000469 -0.03486341 0.044896107 0.31654716 -0.2279037 -0.20954114 0.070251755 -0.085984185 -0.36683634 0.053743035 -0.29038978 -0.14398882 -0.04397327 -0.06039236 -0.041591834 0.28139728 -0.102296345 -0.021908661 0.22429423 -0.2008646 -0.04791405 0.13095368 -0.36555955 -0.0063442867 -0.31525713 0.27695403 -0.032263685 0.15618442 -0.12897103 -0.118765414 0.1507466 -0.39979607
87 -0.14645611 0.05303842 -0.1491966 0.28584296 -0.25076574 -0.23398764 -0.16515346 -0.037071902 -0.33794197 -0.00421405 -0.24757908 -0.02343336 -0.009128907 -0.069842435 -0.06140233 0.38734677 -0.13765071 -0.07881124 0.26379466 -0.13718753 -0.09465149 0.116343714 -0.36980233 0.100543134 -0.30665082 0.15522297 0.22708936 0.11274592 -0.11650036 -0.16202006 0.22388479 -0.42531905
18 -0.18156737 0.030798765 -0.1527971 0.3283237 -0.18160728 -0.3140237 -0.16436778 -0.05629176 -0.30813354 0.048804455 -0.31190294 -0.06788466 0.11110751 -0.0151340095 0.014955397 0.39748603 -0.10393044 -0.024113474 0.22828099 -0.21897008 -0.091483206 0.033695184 -0.3452842 0.030587265 -0.3394991 0.1230938 0.23576042 0.12782669 -0.13145448 -0.14466184 0.08961895 -0.35285783
61 -0.18312865 0.0037374562 -0.13419673 0.27906278 -0.26705632 -0.20028116 -0.03600318 0.01621397 -0.35882315 -0.09903703 -0.19653554 -0.15679266 -0.127866 -0.11715853 -0.07517092 0.28378868 -0.13095938 -0.11829941 0.20206387 -0.12492204 -0.027992895 0.2508865 -0.37658185 0.11802892 -0.3245394 0.22709425 0.14887479 0.063789375 -0.14534117 -0.097609036 0.24040133 -0.46165544
49 -0.34222218 0.03550619 0.0771655 0.29273185 -0.13534695 -0.24981052 0.16534866 -0.15016939 -0.3726943 0.041880324 -0.2751056 -0.2689459 -0.09647254 0.01826714 -0.10656225 0.25967568 -0.12899773 -0.031770788 0.2601456 -0.22189397 0.031918675 0.109246016 -0.40619972 -0.008945887 -0.36537045 0.33488303 -0.07854094 0.14507605 -0.12425184 -0.121451505 0.17611127 -0.33250445
35 -0.15792958 -0.073064685 -0.10448205 0.2693436 -0.25024104 -0.13747866 -0.052509706 0.01137787 -0.33039126 -0.08374648 -0.212429 -0.09426135 -0.0996116 -0.1516049 -0.05991265 0.30209672 -0.10940965 -0.1392372 0.18042772 -0.16459134 -0.09081823 0.22950299 -0.37976322 0.08166568 -0.2728947 0.22055705 0.10198522 0.089250244 -0.1798075 -0.14731193 0.23509474 -0.5506717
86 -0.33415812 -0.0166023 0.021837454 0.34465268 -0.124567226 -0.22594853 0.0654134 -0.10108006 -0.34123686 0.058607657 -0.2673238 -0.18344991 -0.054441646 -0.018001713 -0.083976656 0.29140326 -0.07800865 -0.017146733 0.16272174 -0.29102242 -0.12691328 0.10542215 -0.38234237 -0.039885543 -0.36249888 0.27675337 -0.057379026 0.13322584 -0.09671033 -0.12018026 0.10198978 -0.39275846
21 -0.23692629 -0.16949658 -0.09212432 0.4305898 -0.20914376 -0.26894727 -0.289129 -0.05875938 -0.27898306 0.02803857 -0.33126333 0.024076492 0.04069257 -0.17104559 0.0772397 0.2152272 -0.07986556 0.06612172 -0.0067520314 -0.30310702 -0.18650661 0.08689756 -0.21347131 -0.03907296 -0.34077308 0.051973443 0.036152553 0.029569803 -0.024646783 -0.21750769 0.0045621227 -0.58709306
5 -0.21975946 -0.06999319 -0.06247852 0.38646093 -0.16160984 -0.31432748 -0.2356924 -0.09580706 -0.33688402 -0.0027578932 -0.2695297 -0.061184518 0.06118423 -0.12323139 0.011273653 0.23622793 -0.103873186 0.055500455 0.061049726 -0.25115305 -0.16915801 0.07732003 -0.2877182 -0.038811307 -0.42516568 0.10426962 -0.0013288283 0.045677826 -0.023774758 -0.19847058 0.05245362 -0.52103
44 -0.29332957 -0.036581255 -0.14032882 0.34528574 -0.18488108 -0.32448158 -0.19647072 -0.10135885 -0.31378546 0.14378469 -0.35492703 -0.05444835 0.13352165 -0.040744722 0.046470635 0.3918958 -0.07190395 0.04157232 0.17936935 -0.25726345 -0.107160576 0.009559156 -0.27412307 -0.047848627 -0.3352029 0.14222206 0.13126159 0.11777108 -0.057594232 -0.16059567 -0.036692843 -0.3971002
78 -0.28134787 -0.26189277 0.027921647 0.5504074 -0.17599693 -0.34547916 -0.36363113 -0.16244447 -0.24731004 0.065235205 -0.3998538 0.061532337 0.14761698 -0.22356202 0.11434473 0.09553086 -0.08547848 0.17027989 -0.11399457 -0.4080657 -0.31436977 0.0103109935 -0.18065283 -0.09724233 -0.3872996 -0.011310927 -0.1052612 0.02807676 0.015346963 -0.19414067 -0.12742558 -0.66593766
39 -0.17184041 0.06984843 -0.13769978 0.28033304 -0.21206513 -0.27913716 -0.100797266 -0.048505586 -0.34672147 -0.0077363215 -0.2368214 -0.16083619 -0.022572955 -0.076648794 -0.08728903 0.33230537 -0.09664734 -0.03147358 0.18680228 -0.16234742 -0.07056328 0.12402984 -0.36655566 0.041798122 -0.34412313 0.17197756 0.11133134 0.10282483 -0.07400704 -0.17161897 0.17187667 -0.41487035
20 -0.18229292 -0.060914632 -0.12468568 0.30418396 -0.2162488 -0.10918913 -0.04033454 -0.0058323643 -0.40798834 -0.13267237 -0.18235767 -0.15735808 -0.15793253 -0.15751325 -0.04873783 0.33134976 -0.13896038 -0.13727637 0.16233248 -0.14840971 -0.04236156 0.24235114 -0.39974576 0.09346695 -0.339219 0.26772866 0.086895056 0.1152214 -0.1786329 -0.1376984 0.29632348 -0.44761568
104 -0.27673212 0.08485365 -0.11295191 0.1973827 -0.18167168 -0.23445867 0.0036246518 -0.07702223 -0.38594952 0.049888074 -0.27172357 -0.18120077 -0.026071832 -0.008171776 -0.03286973 0.39702243 -0.08789799 -0.07395806 0.27077955 -0.18233062 -0.0129324915 0.08400343 -0.42873597 0.00509931 -0.34637666 0.25213778 0.13277829 0.087347776 -0.09748359 -0.14557083 0.16878091 -0.30313155
48 -0.1522922 0.038751353 -0.018402029 0.23938885 -0.27171102 -0.25757912 -0.032410037 -0.049138315 -0.38681376 -0.014314582 -0.23133273 -0.07182086 -0.028122246 -0.043925636 -0.06620262 0.3247154 -0.16528468 -0.13763362 0.2889894 -0.14390597 -0.023524895 0.18748643 -0.40959832 0.049431358 -0.28007728 0.22412847 0.1525813 0.10234033 -0.14015502 -0.16785024 0.25071248 -0.45091563
7 -0.23881489 0.054722425 -0.17309712 0.26896244 -0.21046282 -0.2582108 -0.17188391 -0.08660838 -0.3481081 -0.00981855 -0.2738703 -0.09796789 0.062432837 -0.06564221 -0.06078703 0.36341003 -0.1002987 -0.0020544678 0.2631605 -0.15135129 -0.09601169 0.089834474 -0.3940223 0.02837682 -0.31603378 0.13495223 0.16444094 0.11373353 -0.064471446 -0.15591107 0.12278196 -0.4033463
13 -0.1876557 0.0074941567 -0.19357012 0.31574124 -0.17169835 -0.33542648 -0.23252824 -0.115561195 -0.36885116 -0.014935632 -0.26069722 -0.07188997 0.10173953 -0.03662196 0.02634844 0.38933706 -0.08274866 0.0091097 0.22010803 -0.15401846 -0.11168042 0.02961441 -0.32633358 0.0024598697 -0.33956704 0.10673358 0.22436644 0.106432095 -0.099169694 -0.19488554 0.13264687 -0.41431147
46 -0.26506478 0.07353956 -0.09951466 0.21289164 -0.1894114 -0.2684555 -0.014116166 -0.0940742 -0.38444158 0.02198126 -0.24859849 -0.1661461 0.05108293 0.046030737 -0.08243413 0.41616005 -0.10756636 -0.038675204 0.3257687 -0.15935473 -0.039129496 0.09393164 -0.4210402 0.011753606 -0.30115607 0.23195729 0.117420346 0.1767511 -0.14682691 -0.12713785 0.20089154 -0.29647675
77 -0.18935995 -0.041288834 -0.12740336 0.26391616 -0.27939805 -0.21011159 -0.12834333 -0.006651268 -0.3394491 -0.008551484 -0.24418394 -0.06508398 -0.08312277 -0.10946975 -0.070718095 0.29056484 -0.14379083 -0.09172411 0.149363 -0.17036074 -0.07969687 0.16357324 -0.37954774 0.039554477 -0.29612514 0.16766673 0.13558444 0.08647596 -0.1278372 -0.17895247 0.18552512 -0.50596565
122 -0.23103873 0.027971903 -0.15108094 0.31955096 -0.20003848 -0.26825437 -0.15644592 -0.08490921 -0.3104776 0.09678649 -0.32936957 -0.09817681 0.07547208 -0.051213127 0.0073833 0.38387373 -0.0895339 -0.019393109 0.1824297 -0.22865924 -0.11565092 0.03969036 -0.33845583 -0.03034797 -0.30966154 0.1430372 0.22597814 0.105338216 -0.095862575 -0.10783772 0.009150383 -0.39999455
36 -0.117765896 -0.10042015 -0.065903306 0.32701075 -0.24791369 -0.19255766 -0.05753712 -0.024260886 -0.3365392 -0.05941005 -0.19511972 -0.103870735 -0.11562838 -0.16058494 0.0036517335 0.23011135 -0.18467322 -0.14457954 0.10617782 -0.19550176 -0.047286738 0.235216 -0.29719248 0.060413733 -0.36958966 0.29935738 0.0326441 0.06773364 -0.15476705 -0.08913213 0.2459373 -0.56471384
81 -0.33007303 -0.14465123 -0.080224514 0.3785386 -0.17684 -0.34207118 -0.25899258 -0.14168578 -0.27627838 0.0987963 -0.39929548 -0.095292844 0.13936551 -0.098532036 0.0927684 0.23528305 -0.07682893 0.096155144 0.035240322 -0.34830433 -0.15283464 0.017188497 -0.20115183 -0.07947854 -0.37184218 0.0908594 -0.02215173 0.07066209 0.0021773824 -0.19357626 -0.07988489 -0.50910777
42 -0.27854404 -0.015227608 0.0125702275 0.26851824 -0.18701784 -0.23643656 -0.0054706694 -0.12561356 -0.34439012 0.03152545 -0.31350917 -0.16485782 0.0014971117 -0.024039455 -0.044675693 0.28756997 -0.11394319 -0.04242481 0.21499847 -0.24237858 -0.04949702 0.10577964 -0.38080528 -0.027777135 -0.329357 0.26154438 0.011121743 0.14840065 -0.12905096 -0.14801505 0.13319112 -0.4012748
80 -0.3232829 -0.062487848 0.009559607 0.39329 -0.16157418 -0.26536214 0.03224923 -0.12622362 -0.36741963 0.048779123 -0.34420174 -0.17722428 -0.00026537967 -0.061659712 -0.023886831 0.30012527 -0.07089796 -0.021913085 0.16414498 -0.25538212 -0.056253254 0.081231885 -0.31922296 -0.011422416 -0.3175894 0.24200454 0.0021859496 0.12893583 -0.12142685 -0.09528371 0.10392748 -0.3756335
98 -0.2178706 -0.09399452 -0.08539385 0.3262935 -0.2544012 -0.20226063 -0.079486445 0.0066279722 -0.3381944 -0.045815997 -0.2388108 -0.06720345 -0.0509527 -0.13549362 0.012654188 0.23309484 -0.13449004 -0.061405618 0.1357243 -0.2303472 -0.086853065 0.22703724 -0.3364102 0.042428344 -0.3172679 0.1881863 0.043789905 0.08770305 -0.14770664 -0.12286297 0.19044355 -0.5171003
69 -0.17426825 0.0679812 -0.16490436 0.2715939 -0.2552712 -0.3150935 -0.17379278 -0.093375646 -0.32672685 0.047401305 -0.320363 -0.07664091 0.05266802 -0.022947757 0.0010707623 0.4047328 -0.14820106 -0.07149921 0.25224444 -0.21860233 -0.06990388 0.10861977 -0.32744166 0.02641646 -0.25074413 0.12398975 0.2198032 0.13667744 -0.07628173 -0.12651375 0.084305555 -0.39450082
67 -0.28167263 -0.19419618 0.0037027025 0.51253545 -0.16249244 -0.30741465 -0.2542817 -0.16360375 -0.25507107 0.08439698 -0.3931408 -0.061721276 0.10160715 -0.19901639 0.13579477 0.17027397 -0.076933235 0.11303031 -0.04198546 -0.36361533 -0.209447 0.053872034 -0.20367546 -0.08284152 -0.3987343 0.12735952 -0.055181514 0.027237397 -0.018198265 -0.122079134 -0.10225164 -0.59451336
107 -0.28850532 -0.18996958 0.0046861684 0.47034892 -0.19336976 -0.28687406 -0.2543454 -0.10282186 -0.24600029 0.053965554 -0.34179476 -0.061093695 0.03192008 -0.20290683 0.07133283 0.13246807 -0.10286115 0.06852103 -0.09802742 -0.33817923 -0.19829005 0.08665839 -0.21193033 -0.056774 -0.42100564 0.14787686 -0.11802827 -0.016533341 0.010591652 -0.1637158 -0.03387616 -0.624109
85 -0.14069498 -0.0055036126 -0.032398544 0.26462612 -0.27846268 -0.17729923 0.0014848423 -0.009234829 -0.3634924 -0.052036818 -0.23255247 -0.08890383 -0.11662211 -0.116976544 -0.0486371 0.28527603 -0.17663282 -0.16515796 0.22655661 -0.14881738 -0.046092343 0.25992116 -0.349183 0.1030688 -0.2569009 0.26703164 0.12563999 0.13713026 -0.17769292 -0.09509949 0.28257957 -0.48572394
30 -0.31711212 0.06737148 -0.04352882 0.24328184 -0.13966651 -0.2577835 0.093065985 -0.1038623 -0.4041212 0.011956183 -0.20335358 -0.24592067 -0.0792836 0.011423548 -0.12210932 0.29148123 -0.10824606 0.024894582 0.2742408 -0.19771466 -0.021962363 0.08971539 -0.45910951 -0.022491973 -0.3835473 0.29406264 0.02092691 0.11031231 -0.120191224 -0.13200656 0.18768632 -0.29756692
89 -0.27775767 0.05901744 -0.06629135 0.21799925 -0.21367219 -0.23407835 0.06966197 -0.05888893 -0.39091596 0.04551288 -0.26334 -0.25706735 -0.03173007 -0.0073954547 -0.07586369 0.3773315 -0.10569567 -0.11138951 0.30765808 -0.16839711 0.018922452 0.16342339 -0.41477025 0.01706242 -0.31730348 0.30465642 0.07726892 0.120879 -0.14990148 -0.12360492 0.1884438 -0.3436995
95 -0.24246751 -0.13963291 0.008903522 0.41975883 -0.14055483 -0.24667361 -0.14019166 -0.11352307 -0.27381122 0.03666971 -0.31361502 -0.064805225 -0.047249388 -0.14293641 0.005650414 0.16690019 -0.085613355 0.031150106 -0.022730663 -0.355987 -0.20847061 0.13938364 -0.2747406 -0.04706731 -0.37251228 0.13050616 -0.11473254 0.07028224 -0.03544588 -0.18749337 0.0335475 -0.56636363
91 -0.30973732 -0.0007994885 0.09140548 0.26262194 -0.16908583 -0.23992075 0.16420056 -0.11739736 -0.3761327 0.060970724 -0.25113276 -0.201436 -0.11876547 0.0014945226 -0.11261322 0.32043427 -0.13282424 -0.08033657 0.26980343 -0.21757807 0.02295701 0.11454177 -0.3867063 0.009407736 -0.34115016 0.3530515 -0.056841172 0.15664753 -0.13784598 -0.10284451 0.22476973 -0.325775
115 -0.21310009 -0.046147875 -0.018735286 0.31522158 -0.24395119 -0.14640789 0.06283578 -0.05152865 -0.3551981 -0.06774754 -0.2029117 -0.14434586 -0.12267953 -0.16122279 -0.03658275 0.32489312 -0.16025941 -0.14347868 0.18692973 -0.14926572 -0.03236929 0.24741091 -0.39962003 0.061442994 -0.28845367 0.2758858 0.04030621 0.104415864 -0.17426169 -0.08489906 0.2607042 -0.48128518
118 -0.16339788 0.034461856 -0.15621991 0.35511357 -0.1985585 -0.35931355 -0.2763248 -0.1377271 -0.31907412 0.059225164 -0.30679893 -0.008628183 0.1573419 0.0033869492 0.02165974 0.36682898 -0.076177426 0.06813719 0.21419795 -0.23858705 -0.17149623 0.015731176 -0.31648672 -0.0037035593 -0.3059098 0.07333732 0.2147997 0.12137218 -0.036024336 -0.16444322 0.056907624 -0.40389848
34 -0.226157 0.081586204 -0.19259554 0.2951384 -0.20389663 -0.29445758 -0.15058693 -0.07839917 -0.34460604 0.04028363 -0.271017 -0.13390328 0.00064672803 -0.023743205 -0.06857592 0.3931269 -0.060450044 -0.036950458 0.25338092 -0.1641409 -0.09285592 0.08180727 -0.3959096 0.023035444 -0.33578336 0.15777685 0.2003215 0.110690355 -0.07363144 -0.15882587 0.10823893 -0.37418038
41 -0.15132996 -0.006529635 -0.08978455 0.26946905 -0.25737566 -0.15433946 -0.023678837 -0.004330009 -0.32080108 -0.054860577 -0.18047036 -0.08223539 -0.08987222 -0.11950651 -0.117754936 0.32036167 -0.14326598 -0.15041773 0.19677123 -0.16359806 -0.07988855 0.22359893 -0.40714562 0.08763369 -0.26661968 0.23028135 0.14789294 0.10981124 -0.19023435 -0.11971623 0.2462779 -0.5251408
22 -0.273467 -0.16108845 -0.02783733 0.4438864 -0.16244975 -0.31121665 -0.21816781 -0.12341392 -0.25295794 0.09137419 -0.3339749 0.0007081595 0.08568929 -0.13841213 0.06325288 0.225984 -0.08804154 0.07944745 0.027777907 -0.35867837 -0.2203661 0.06933904 -0.23313676 -0.08385905 -0.3535282 0.113865994 -0.034090545 0.05730626 -0.003564803 -0.13952768 -0.059101924 -0.523437
16 -0.33583295 0.06282679 -0.05074452 0.21875721 -0.18711607 -0.2049325 0.07508884 -0.03382238 -0.39484096 -0.00877069 -0.2195769 -0.25062984 -0.083655186 -0.009958483 -0.10390033 0.28286642 -0.06740661 0.001709003 0.24990733 -0.17198153 -0.026502067 0.15399602 -0.45172262 0.018215295 -0.35730177 0.23623921 0.03533524 0.05704461 -0.13616152 -0.17833158 0.18673556 -0.34383076
110 -0.1421916 -0.0031421029 -0.09181863 0.34520346 -0.30831715 -0.24190493 -0.15736267 -0.032555744 -0.31961444 0.010751461 -0.2668718 -0.016260747 -0.03502826 -0.088592604 -0.058408197 0.29757813 -0.116087206 -0.062240724 0.18202865 -0.19016404 -0.11437203 0.19770457 -0.31041422 0.067200266 -0.2550456 0.1265987 0.12680705 0.08836163 -0.09103593 -0.1547284 0.17561647 -0.51952344
68 -0.17121951 -0.008208207 -0.10145844 0.22936937 -0.2621799 -0.18387485 -0.013442689 0.01586123 -0.35424834 -0.054657027 -0.23608778 -0.14840825 -0.08735347 -0.11670542 -0.021818465 0.3105297 -0.17229828 -0.17054054 0.20388496 -0.15588738 -0.017681174 0.20755528 -0.40726086 0.07375667 -0.29284716 0.24071597 0.110056 0.09186766 -0.14932445 -0.14082153 0.23978864 -0.47766048
117 -0.17072482 0.037961505 -0.14505272 0.3130672 -0.24060366 -0.29661286 -0.17707616 -0.08798868 -0.31029135 0.06332464 -0.29757732 -0.01001676 0.052102547 0.018197337 -0.07059232 0.41181043 -0.07496431 -0.018169662 0.26773039 -0.20052077 -0.14373979 0.04782571 -0.34230164 0.04139026 -0.2923312 0.103006676 0.2233554 0.1347613 -0.11248038 -0.20417601 0.13839635 -0.38980186
17 -0.19175863 -0.048320275 -0.12269814 0.27247384 -0.30411136 -0.19345209 -0.106991835 -0.022360144 -0.35738778 -0.0330388 -0.23394312 -0.06167413 -0.093403704 -0.14744945 -0.051128764 0.2916881 -0.16703682 -0.11647665 0.16743536 -0.17537932 -0.060255338 0.21215384 -0.35144487 0.054762036 -0.26727548 0.20605265 0.10047204 0.10228479 -0.1252017 -0.14457843 0.19626682 -0.52172583
50 -0.2611094 -0.010480661 -0.03528479 0.29630604 -0.20785637 -0.26773554 -0.06408417 -0.10342636 -0.37103376 0.066974305 -0.32757148 -0.19642249 -0.02395366 -0.053413227 -0.03568299 0.25037435 -0.08786217 -0.027983574 0.16845483 -0.24934107 -0.047236595 0.10456702 -0.32535082 -0.03038801 -0.36943787 0.2338379 0.04680681 0.09965381 -0.08142113 -0.1669219 0.10984827 -0.43833283
11 -0.2722183 -0.19226661 0.025207447 0.47053993 -0.1910059 -0.29851732 -0.232882 -0.11460516 -0.30095217 -0.005808859 -0.3392351 0.0065180785 0.0744123 -0.16056564 0.061098725 0.1686714 -0.073098786 0.0819263 0.025445277 -0.31220403 -0.21990824 0.12603827 -0.20232221 -0.07356402 -0.3296133 0.09558222 -0.07662019 0.018748151 -0.047598287 -0.18909901 0.038273435 -0.608092
79 -0.23149696 -0.15548913 -0.09724128 0.41805843 -0.18673113 -0.30828023 -0.2898755 -0.105628066 -0.29602802 0.062401235 -0.33218774 -0.07842478 0.065620415 -0.17509785 0.094244115 0.20715366 -0.08738287 0.03955719 -0.023850784 -0.31305248 -0.18837209 0.062253777 -0.20960502 -0.018636342 -0.40768957 0.123299286 -0.0045254054 0.021179695 -0.030761292 -0.15572368 -0.042101197 -0.56322753
100 -0.15161286 0.14343712 -0.2078885 0.22183608 -0.17178363 -0.2851833 -0.13224663 -0.065267175 -0.39270076 -0.005754478 -0.23318337 -0.056894418 0.08088471 -0.0010000332 -0.02551515 0.48784065 -0.119741395 -0.0631352 0.340568 -0.1305913 -0.05821251 0.07347232 -0.43457535 0.0414526 -0.3235093 0.12865938 0.31474316 0.13639273 -0.14840715 -0.17774041 0.20681769 -0.33577603
127 -0.25627038 -0.09702908 -0.02601644 0.4152824 -0.1711272 -0.30562076 -0.20181994 -0.090931155 -0.2894773 0.041315235 -0.32355174 -0.09813838 0.072200015 -0.15430796 0.08312541 0.23304373 -0.097029544 0.041947346 0.061365772 -0.29279023 -0.16575769 0.07624445 -0.24881417 -0.039121483 -0.38259754 0.116874434 -0.010076246 0.016595794 -0.02920622 -0.14721027 -0.014112309 -0.51707464
32 -0.20094036 0.047218617 -0.20031928 0.25243717 -0.24550891 -0.19864185 -0.14202239 -0.086670876 -0.34272146 -0.012754926 -0.25245678 -0.09587007 0.010022965 -0.10351921 -0.015985116 0.41296777 -0.11213004 -0.106057554 0.24941264 -0.10589372 -0.07041468 0.11086958 -0.40965354 0.04321885 -0.2685577 0.1846443 0.15856804 0.13000666 -0.08454284 -0.15289453 0.19439873 -0.4438
1 -0.16018432 -0.04586551 -0.08963888 0.31051558 -0.25483733 -0.26842883 -0.18895845 -0.06386613 -0.33618835 -0.049470294 -0.28419483 -0.1015102 -0.019003123 -0.14232793 -0.03527926 0.21602224 -0.15361261 -0.04466433 0.076834835 -0.24123344 -0.101231255 0.13891317 -0.31612867 0.044317108 -0.33931968 0.15843573 0.026670538 0.098968826 -0.025947653 -0.18261704 0.13436472 -0.5365169
128 -0.32520425 0.09254722 -0.0105521465 0.25796854 -0.1780422 -0.2512851 0.09232933 -0.07851544 -0.3985376 0.04614057 -0.2751298 -0.2449682 -0.08585942 0.057459168 -0.08861322 0.30305356 -0.12009987 -0.03841911 0.26561043 -0.24970947 0.0020021622 0.11831291 -0.4375947 -0.022004893 -0.3358584 0.27021834 0.031151086 0.13470846 -0.12713337 -0.10058452 0.16508958 -0.29229832
65 -0.26173759 -0.0055910675 0.007735114 0.29919592 -0.16876972 -0.2247287 0.041348565 -0.14258236 -0.3737367 -0.0019855995 -0.2798738 -0.19480659 -0.040160734 -0.06478709 -0.06482495 0.2708562 -0.130478 -0.061512783 0.19012237 -0.1869266 -0.00088227255 0.11409103 -0.35138148 0.029062362 -0.396412 0.29401788 -0.044997737 0.12730427 -0.11026111 -0.11325571 0.18129973 -0.40346166
62 -0.2950756 0.118078135 -0.08030157 0.2129687 -0.21866961 -0.25208992 0.05190942 -0.08232412 -0.3901977 0.047937438 -0.24729091 -0.25052175 -0.056447078 0.028318299 -0.09206144 0.3479833 -0.0935878 -0.019494336 0.30806574 -0.19820184 -0.020425534 0.1379661 -0.44878045 0.03151707 -0.3403695 0.2555955 0.07542887 0.11691631 -0.101765424 -0.1387088 0.16445859 -0.29634464
99 -0.3390206 -0.16150184 -0.05399681 0.4420052 -0.16236012 -0.3128121 -0.24100965 -0.13435225 -0.22273858 0.08880273 -0.37082595 -0.06695525 0.11726602 -0.14416581 0.040740974 0.1884879 -0.101088494 0.12999718 -0.014090911 -0.3893283 -0.22572477 0.05140327 -0.25030345 -0.07860194 -0.3990371 0.10875826 -0.07017618 0.020113561 0.024124218 -0.19986999 -0.06437895 -0.558423
82 -0.10652854 -0.034439933 -0.16843382 0.262871 -0.27648282 -0.12254801 -0.116532564 0.039241396 -0.3457505 -0.11477585 -0.1445525 -0.01211902 -0.12217641 -0.18169357 -0.08382902 0.33046755 -0.17051737 -0.16438997 0.17458624 -0.14443046 -0.08989216 0.24962448 -0.39148965 0.14315352 -0.2712405 0.16529179 0.18415868 0.13875069 -0.17987834 -0.15203351 0.32568 -0.5466961
109 -0.13048154 -0.10507274 -0.013788247 0.31815183 -0.26152417 -0.2067728 -0.07989394 -0.024682872 -0.34645692 -0.088329405 -0.254507 -0.08305002 -0.0883613 -0.14055473 0.0058834385 0.24725085 -0.16679826 -0.17823195 0.1544782 -0.16825198 -0.05428697 0.23192397 -0.318516 0.08310972 -0.34445933 0.24242517 0.06332447 0.111076966 -0.17180428 -0.13360326 0.24802643 -0.55389464
83 -0.18837743 0.007183002 -0.1444765 0.21459709 -0.2765931 -0.14867741 -0.037047572 0.02135647 -0.38512436 -0.09748818 -0.18351325 -0.15263267 -0.10850236 -0.11891047 -0.06942341 0.38210183 -0.13500215 -0.19214725 0.2444183 -0.09745358 -0.0005056619 0.24184753 -0.4476325 0.09333162 -0.27787483 0.24605179 0.16046089 0.10367246 -0.17201428 -0.14023313 0.25880685 -0.46107072
56 -0.33473897 0.046603207 0.023090947 0.2591191 -0.11047442 -0.23831864 0.1646605 -0.13400169 -0.4025206 0.0062068566 -0.2319392 -0.27943784 -0.10615862 0.006880362 -0.11166791 0.32814965 -0.14281031 -0.034256443 0.26184368 -0.20230995 0.00060681545 0.14432247 -0.43442458 0.01590411 -0.37155554 0.33934635 -0.060877603 0.15562156 -0.12743373 -0.0891873 0.23287225 -0.30383235
64 -0.27014777 -0.025765989 -0.022588987 0.3252355 -0.18456024 -0.2855568 -0.116370164 -0.15879263 -0.3505557 0.033093117 -0.29894572 -0.10978167 0.06259221 -0.070522465 0.006989802 0.3004287 -0.11212518 0.01885779 0.16086438 -0.23133199 -0.06545617 0.035141207 -0.2876381 0.003421768 -0.35302612 0.16977116 0.053872846 0.096575595 -0.091040485 -0.10626873 0.12388813 -0.42690635
38 -0.2931911 -0.038655616 -0.08581666 0.32741797 -0.19752063 -0.30587342 -0.13638224 -0.08879052 -0.3145866 0.041496214 -0.3217315 -0.17274314 0.028146211 -0.056951463 0.0098071825 0.22587283 -0.115866706 -0.018952193 0.092973605 -0.25866425 -0.07626053 0.09785073 -0.28193185 -0.03041144 -0.38813242 0.20381096 0.020973686 0.047312446 -0.06638716 -0.17196777 0.022910856 -0.4220399
8 -0.26591557 0.07306087 -0.05141867 0.321876 -0.23921776 -0.24043979 -0.056655493 -0.11092873 -0.36454687 0.0123978555 -0.27664906 -0.11570992 0.014842592 -0.052850317 -0.055499192 0.3902486 -0.11907845 -0.027628213 0.3086481 -0.1424561 -0.071739934 0.123867005 -0.3685799 0.0726275 -0.26315096 0.20204526 0.07214564 0.15971051 -0.09414763 -0.09751594 0.20429821 -0.35079932
29 -0.1190492 -0.048889767 -0.19074583 0.29041982 -0.28624788 -0.15093523 -0.113985956 0.015916348 -0.31996804 -0.0622401 -0.22042096 -0.075793795 -0.1258917 -0.16468365 -0.045037244 0.27570418 -0.13141702 -0.14869848 0.09406588 -0.18654008 -0.10668586 0.23871769 -0.32138383 0.10745002 -0.30073422 0.21825093 0.14264588 0.05389415 -0.15369162 -0.123824365 0.24818723 -0.5596441
26 -0.26567024 0.048584227 0.012256398 0.28484055 -0.17001125 -0.24854979 0.08609125 -0.07929112 -0.38464567 0.047894686 -0.2738963 -0.2137852 -0.061104942 0.03128547 -0.09716405 0.32147038 -0.10343014 -0.030597452 0.2737768 -0.19946189 -0.0061391843 0.12206467 -0.40035388 0.011559773 -0.33940962 0.25935233 0.010306449 0.13024133 -0.106696635 -0.12456387 0.17729723 -0.35950738
76 -0.35318103 -0.05793243 0.07063172 0.37831402 -0.16249256 -0.2530903 0.033869304 -0.14809832 -0.33101994 0.10685609 -0.34444678 -0.1562609 0.0045829928 -0.030838462 -0.022687683 0.28881618 -0.06642685 0.038696263 0.22287795 -0.27188307 -0.10241754 0.08214086 -0.31127957 -0.044479437 -0.33451796 0.2462978 -0.029491134 0.1276312 -0.11735824 -0.09593017 0.04116538 -0.36566275
102 -0.20431177 0.027603872 -0.17357525 0.27660254 -0.21013214 -0.25894532 -0.16025546 -0.0460782 -0.31080052 0.023639968 -0.28735313 -0.09262953 0.017661635 -0.04639012 -0.033804182 0.4070073 -0.07002725 -0.045573544 0.24674039 -0.16779156 -0.10111572 0.082038514 -0.3734292 0.04137853 -0.30427667 0.117978334 0.20910044 0.10945769 -0.118561216 -0.16965139 0.113511264 -0.3996922
63 -0.20667148 -0.03389497 -0.13901003 0.29125628 -0.22187114 -0.20535095 -0.13623226 0.0027225662 -0.35505998 -0.09423164 -0.21229419 -0.061751228 -0.034080163 -0.11868926 -0.048204023 0.30257702 -0.09458159 -0.039285775 0.18992232 -0.16141374 -0.10102375 0.17108497 -0.4186483 0.06476477 -0.2999795 0.12142877 0.15651456 0.07919075 -0.12750855 -0.1845711 0.17748955 -0.4944281
25 -0.19947849 0.12260103 -0.15440086 0.23918945 -0.22342989 -0.29365528 -0.10797523 -0.036768563 -0.37263137 0.04623413 -0.2801488 -0.14154653 0.0124926595 0.013700618 -0.061501447 0.45048293 -0.10460472 -0.055751435 0.31291914 -0.15645227 -0.024624946 0.11431898 -0.3886419 0.051907536 -0.27742323 0.17848305 0.27199385 0.12984426 -0.13220136 -0.10407443 0.13648455 -0.30904078
101 -0.22583497 0.05090637 -0.124648415 0.26864776 -0.20349333 -0.34206253 -0.20102385 -0.17137848 -0.30666488 0.12375422 -0.344273 -0.041233286 0.15133795 0.020008419 -0.01622576 0.4257475 -0.1119464 0.014438336 0.22620913 -0.22345181 -0.117111824 -0.024030674 -0.3410692 -0.027874872 -0.27976504 0.09275141 0.18104663 0.11955778 -0.056075957 -0.16346495 0.05574789 -0.39623827
60 -0.14664243 -0.0072440924 -0.16410212 0.38757944 -0.18758123 -0.26804122 -0.26096588 -0.05791984 -0.3131035 0.005648534 -0.27673984 0.018036334 0.108011484 -0.09349621 0.03597423 0.36835092 -0.061956953 0.001587866 0.15568775 -0.21575123 -0.19619308 0.043521624 -0.3465282 0.010332746 -0.33242556 0.082615405 0.23212624 0.061322182 -0.118685365 -0.15367338 0.060089596 -0.4848295
40 -0.2729562 -0.14791922 0.0003087892 0.4489425 -0.21484803 -0.23840448 -0.12310716 -0.062181458 -0.3331057 0.026960015 -0.3245717 -0.06301294 -0.01827228 -0.17912266 0.050030954 0.19061251 -0.09261328 0.026760057 0.041704446 -0.26674274 -0.13571729 0.15207894 -0.25632942 -0.015319566 -0.3243445 0.17086715 -0.04745046 0.045075037 -0.088261835 -0.13137428 0.051223174 -0.52536875
70 -0.24061972 -0.1713948 -0.053528003 0.45085263 -0.20208909 -0.2963274 -0.25148845 -0.09355625 -0.22233915 0.06390073 -0.3103941 0.019571409 0.06687633 -0.192952 0.05557474 0.18952645 -0.09852162 0.05994917 -0.009212619 -0.32864085 -0.21295263 0.07535414 -0.22952548 -0.040355995 -0.39374083 0.13581663 0.027619397 0.011213803 -0.055950817 -0.14497434 -0.0036373246 -0.5940569
124 -0.20997034 -0.056158938 -0.028262768 0.25764936 -0.2522558 -0.10756499 0.05261598 0.006208004 -0.382303 -0.08926344 -0.17757943 -0.20257556 -0.20443891 -0.16688783 -0.099355906 0.28759518 -0.16124626 -0.15985747 0.16561711 -0.14132352 0.019206077 0.2483306 -0.38711378 0.10303345 -0.31182444 0.32052508 0.01491134 0.1172012 -0.18650928 -0.13120367 0.29663032 -0.51022786
84 -0.28454003 0.107756056 -0.09559166 0.21819709 -0.15281978 -0.24479389 0.06327648 -0.11184338 -0.40530065 0.020432226 -0.23645075 -0.24978344 -0.050928377 -0.0012554054 -0.068535924 0.39438787 -0.13217175 -0.06616792 0.31343448 -0.14895919 0.03499495 0.114342004 -0.45977333 0.017952697 -0.34172353 0.2675216 0.100584365 0.14775948 -0.13211969 -0.15006182 0.17508958 -0.31218478
43 -0.1360116 0.10788652 -0.11818367 0.26179317 -0.2797211 -0.29388884 -0.17027897 -0.0777247 -0.3606837 0.036701195 -0.2588725 -0.06493231 0.018953877 0.0008398895 -0.100859046 0.36967143 -0.18074638 -0.056537837 0.2695025 -0.2043625 -0.0931164 0.1179379 -0.3320451 0.05884779 -0.2535471 0.1267974 0.1688297 0.1712601 -0.07385541 -0.14284387 0.14707811 -0.38796988
114 -0.14154531 0.12355986 -0.17472558 0.17445046 -0.21584435 -0.32564285 -0.10229661 -0.0700481 -0.4088152 0.040522307 -0.26721048 -0.07779082 0.081535 0.061196327 -0.050651915 0.47261953 -0.13084345 -0.12437423 0.3439715 -0.11682562 -0.018768018 0.04412015 -0.42286387 0.028753849 -0.3125262 0.2055172 0.34921163 0.1366724 -0.14988394 -0.17247781 0.17037389 -0.28700316
73 -0.35796157 -0.13583513 0.038391605 0.42328987 -0.18048482 -0.3226529 -0.16207981 -0.14450909 -0.30892456 0.045120932 -0.36119425 -0.09141096 0.08948994 -0.11642184 0.022902576 0.20773834 -0.07457806 0.0950105 0.08475206 -0.26460752 -0.16179752 0.09717853 -0.20745423 -0.04331483 -0.34815514 0.116686665 -0.08274047 0.08584019 -0.019684527 -0.16703816 0.0022455691 -0.5034647
96 -0.22611044 -0.08497585 -0.002303652 0.40247735 -0.18064909 -0.3413016 -0.21857278 -0.1323598 -0.3042331 0.052354474 -0.33212999 -0.05924688 0.075696856 -0.09272829 0.046886735 0.1984652 -0.13192987 0.017574487 0.06987619 -0.2972683 -0.14432445 0.047944594 -0.2348646 -0.0073108627 -0.38083214 0.15590163 0.012403234 0.06498099 -0.068497345 -0.15862718 0.05910308 -0.5349513
45 -0.1569114 -0.04377413 -0.097580515 0.3318416 -0.18541105 -0.22517855 -0.09618089 -0.054490935 -0.33130345 -0.07551777 -0.21976154 -0.09417652 -0.073929384 -0.13818619 -0.04951018 0.24136505 -0.1470432 -0.10122548 0.09095945 -0.19108696 -0.07949983 0.16047569 -0.34587488 0.046860024 -0.3795555 0.19706 0.0208743 0.1104837 -0.069753535 -0.1823038 0.20603912 -0.54410934
97 -0.17031127 0.026437182 -0.1940087 0.24940786 -0.13063411 -0.27719957 -0.12856528 -0.06784178 -0.3260819 -0.034837715 -0.18575223 -0.081438795 0.051313814 -0.04940131 -0.00858749 0.40571094 -0.09932617 -0.028055845 0.24342893 -0.17267843 -0.117049046 0.10708066 -0.3751853 0.019629704 -0.37996206 0.16363487 0.18324758 0.09475165 -0.11107206 -0.20291552 0.21042405 -0.43321776
19 -0.23326534 0.05814379 -0.17731111 0.25931856 -0.22235861 -0.24868844 -0.1880157 -0.11768062 -0.340094 0.07466005 -0.32030216 -0.07317546 0.07353186 -0.06060032 -0.022259595 0.4425573 -0.1514482 -0.06732681 0.23165162 -0.18488969 -0.07898083 0.05996088 -0.38923782 0.0020632388 -0.25554284 0.14962915 0.19485103 0.12676346 -0.086313255 -0.15166268 0.09710104 -0.38712215
75 -0.17924371 -0.032873098 -0.1127492 0.29423025 -0.23914646 -0.17376801 -0.08370947 0.0028466058 -0.35042232 -0.062023327 -0.26789972 -0.08733701 -0.0078121116 -0.13959919 -0.014564188 0.31394154 -0.10006967 -0.1016499 0.19201398 -0.169838 -0.113768406 0.17710714 -0.36543965 0.07696987 -0.276399 0.16153114 0.16057597 0.09075703 -0.16052435 -0.14640357 0.17048548 -0.48350647
53 -0.36209905 0.05933411 0.015368473 0.2686461 -0.11999542 -0.23181856 0.11035612 -0.09057203 -0.36695516 0.013907093 -0.24288173 -0.24802883 -0.07610291 0.017193884 -0.13251899 0.3367353 -0.086268716 -0.0045021623 0.259767 -0.25560725 -0.079521686 0.11436966 -0.4581817 0.0007736608 -0.38466644 0.27914244 -0.04392198 0.13831195 -0.094533645 -0.16398144 0.18483649 -0.34646162
103 -0.25391856 -0.16935675 -0.08401291 0.4121509 -0.18372454 -0.31064868 -0.21792828 -0.05688344 -0.28122866 0.021443168 -0.32027826 -0.10505818 -0.0146533735 -0.16287944 0.07270927 0.122932404 -0.07669747 0.07883038 -0.047763217 -0.37524876 -0.18599913 0.11044801 -0.23776902 -0.044804305 -0.4443306 0.12278099 -0.0782375 0.019976866 0.017981276 -0.19339664 -0.031446006 -0.6009652
