128 32
72 -0.34870282 0.1622981 -0.13769636 -0.31796682 0.058463972 0.09617563 0.073681355 -0.13962398 0.2695092 0.25884208 0.01184106 0.0014627232 -0.06775166 -0.16717967 -0.15872179 -0.47564918 0.02804143 -0.077644 0.1990901 -0.25945592 0.1786319 -0.461502 0.15371454 0.11650645 -0.28974035 0.323025 0.034008965 -0.16644019 -0.22821076 0.37422714 -0.16957334 -0.237268
120 -0.26793304 0.16278371 0.04031278 -0.14532869 -0.087522395 0.063362055 0.04816185 -0.3837039 0.25156656 0.3017844 -0.20792665 -0.15151921 0.10686186 -0.1287088 -0.18934394 -0.4125372 -0.37860298 0.014810643 -0.05639349 -0.1949448 0.20245773 -0.31952006 0.30167788 0.19977346 -0.17059837 0.16164103 -0.033642296 -0.10247058 -0.30877826 0.20863391 -0.12699974 0.09152076
12 -0.282889 0.18673652 -0.05315781 -0.21519813 -0.12976433 -0.05625332 0.052053064 -0.24979837 0.26893106 0.15079157 -0.12925097 0.018269638 0.015532951 -0.1405967 -0.24471873 -0.36933157 -0.06268415 -0.04750167 0.13387388 -0.27545953 0.26665768 -0.3731478 0.21407625 0.21610196 -0.18555735 0.20334479 -0.026880575 -0.088156715 -0.30518582 0.39774245 -0.1663434 -0.19013938
105 -0.2750589 0.16389585 0.058152005 -0.18134585 -0.07779789 0.01636293 0.0193584 -0.40884596 0.24241593 0.25414518 -0.2018567 -0.117759235 0.116235755 -0.08283512 -0.19335206 -0.39924157 -0.37674475 0.013112469 -0.0327894 -0.17562373 0.18175569 -0.2544766 0.31180862 0.14757591 -0.13848023 0.111427404 -0.065891206 -0.091562554 -0.34830838 0.27243817 -0.11824626 0.06544558
8 -0.22712336 0.1654804 -0.10477691 -0.018694166 -0.1048674 0.13961327 -0.1275873 -0.25735804 0.32837507 0.3670484 -0.34115154 -0.007969424 0.2509102 -0.13573606 -0.15765275 -0.35734823 -0.35641134 0.1207598 0.018195627 -0.06972901 0.0774117 -0.34352368 0.3769129 0.29250816 -0.3659863 0.166393 -0.17185034 -0.027931273 -0.302997 0.0042280513 -0.31404278 0.20678705
96 -0.29554087 0.166634 -0.14851083 -0.14643653 0.018455317 0.13263176 -0.06824507 -0.17288515 0.2621333 0.28922996 -0.14649108 0.0052468847 0.14844316 -0.10333396 -0.1622152 -0.43747547 -0.14788483 0.005439208 0.10206429 -0.1457217 0.12810552 -0.4243257 0.30087915 0.20936047 -0.36822873 0.27118132 -0.083001256 -0.111662194 -0.2848307 0.15226404 -0.23914208 -0.04020384
81 -0.34127232 0.1428958 0.11743375 -0.17459776 -0.18671231 -0.17182527 0.04661181 -0.40651566 0.2640976 0.038094863 -0.27783272 0.07934012 0.11228575 -0.011369062 -0.30268347 -0.32875153 -0.21638933 -0.09651825 0.063955024 -0.27717134 0.28755146 -0.15221584 0.37340945 0.14764334 -0.06574276 0.02903843 -0.028713584 -0.04717247 -0.47213876 0.41819727 -0.013974265 -0.16241495
20 -0.257691 0.14561601 0.12138536 -0.17847258 -0.031160252 0.051615972 0.072882764 -0.44060126 0.2667986 0.27906394 -0.17916428 -0.1996929 0.08745149 -0.106161594 -0.19225147 -0.4224005 -0.46342805 -0.029707562 -0.05024291 -0.2053645 0.19855252 -0.28420365 0.32127982 0.09412142 -0.099602945 0.15421706 -0.06329017 -0.1723656 -0.36431074 0.2527883 -0.07855152 0.05663349
35 -0.23420653 0.14465813 0.08822346 -0.1747737 0.066549756 0.09834902 0.03947635 -0.4268256 0.26203725 0.31409913 -0.16721697 -0.23988432 0.14321448 -0.107064344 -0.12763752 -0.45150957 -0.48771957 -0.020657858 -0.033500925 -0.11879761 0.21801907 -0.337926 0.31342712 0.09050414 -0.18043154 0.21507819 -0.111886226 -0.18737268 -0.31110317 0.22233744 -0.09570743 0.09893911
61 -0.22927718 0.14325385 -0.012976153 -0.1880281 0.011848845 0.10208628 0.029997045 -0.2868852 0.2188622 0.3050771 -0.08323004 -0.16231464 0.07642833 -0.16837943 -0.16458 -0.45566982 -0.3074501 0.02748244 0.011155784 -0.19783083 0.18139294 -0.40439865 0.2687557 0.15644343 -0.20757176 0.23036169 -0.028219478 -0.17349079 -0.21777134 0.24614358 -0.1713744 0.017382782
125 -0.38395843 0.1473887 0.06169226 -0.17335631 -0.19008677 -0.19774267 0.02738828 -0.35517097 0.25907767 -0.027348878 -0.25445986 0.13694382 0.07306786 -0.033687145 -0.2604701 -0.2639477 -0.07436973 -0.17237544 0.15098122 -0.344841 0.32075572 -0.17462724 0.32423067 0.18614338 -0.11721521 0.05077387 0.04393208 0.0004209997 -0.5007784 0.5309968 -0.10453038 -0.2661841
22 -0.32655796 0.15043171 0.0009398062 -0.24912313 0.003094613 0.0699634 0.060957424 -0.3451881 0.2055241 0.2618532 -0.08233647 -0.13058415 0.008737957 -0.09461362 -0.15491948 -0.41424456 -0.3019405 -0.067164294 0.03531388 -0.1985202 0.15529115 -0.33599472 0.25983924 0.06399689 -0.16128989 0.21658587 -0.05624196 -0.17072235 -0.28465655 0.27903402 -0.10281363 -0.019750802
127 -0.36210844 0.13768184 0.046031278 -0.16691107 -0.110485785 -0.061459266 0.011541054 -0.34634933 0.2445382 0.1829465 -0.2171674 0.022298265 0.12777488 -0.063483685 -0.20252061 -0.34318632 -0.25091812 -0.07344188 0.049936015 -0.1690851 0.22721836 -0.2841183 0.3119693 0.22074305 -0.19481844 0.10587268 -0.07833528 -0.06929262 -0.38666266 0.3109455 -0.07439174 -0.109673485
117 -0.2943101 0.09510231 0.01184801 -0.13482584 -0.199064 -0.11047733 0.04039649 -0.35036522 0.24713442 0.09873093 -0.26867792 0.07361178 0.14550106 -0.10948861 -0.25615293 -0.2511839 -0.10430758 -0.07094421 0.069582 -0.2800753 0.2916661 -0.16508429 0.3613725 0.2281774 -0.13285707 0.111565724 0.027776761 0.045249235 -0.4250063 0.44688553 -0.12481203 -0.124510355
58 -0.37323028 0.18797043 -0.18464227 -0.26571116 -0.055688594 0.05537246 0.013041791 -0.028312396 0.2723219 0.15202142 -0.014639064 0.1580409 -0.011111938 -0.12104692 -0.20961383 -0.40648374 0.16577852 -0.06943044 0.26831514 -0.29145336 0.19608696 -0.49371353 0.17057323 0.2665793 -0.35627204 0.30056554 0.023091473 -0.12576473 -0.23908857 0.4240377 -0.19261386 -0.36295423
43 -0.32782832 0.15076116 -0.19809516 -0.24042243 0.058837444 0.19385661 -0.020128611 -0.109684065 0.3133727 0.31462255 -0.05891925 0.0012101703 0.045292664 -0.18726103 -0.13946165 -0.44921675 -0.018529458 -0.017692562 0.13867086 -0.15097357 0.10058937 -0.53321207 0.22339675 0.20375732 -0.37267765 0.39005384 -0.05797633 -0.16751796 -0.17729083 0.21933329 -0.2538253 -0.13140424
55 -0.30864486 0.09037182 -0.0036492418 -0.13337377 -0.17973746 -0.073597245 0.014301023 -0.33118254 0.28476262 0.17136751 -0.28206795 0.039411373 0.1107731 -0.11098627 -0.25780302 -0.27346268 -0.17119682 -0.035812676 0.02661143 -0.24558605 0.26243514 -0.24671493 0.32583666 0.23684584 -0.13956395 0.118562266 -0.024476979 0.0028739183 -0.378734 0.34109753 -0.13701083 -0.057778545
4 -0.28763357 0.14852944 0.09095055 -0.24573329 0.02113054 0.05821285 0.09653782 -0.43713468 0.22969346 0.2705172 -0.12538804 -0.23272504 0.10872582 -0.07370213 -0.17218535 -0.47385913 -0.46747097 -0.0575883 -0.037757345 -0.15772623 0.20890014 -0.33851975 0.27946255 0.023220208 -0.11521845 0.20762515 -0.07599755 -0.17836177 -0.30158803 0.2519146 -0.08617904 0.10503406
9 -0.24474955 0.12096364 0.15658759 -0.08863756 -0.085614875 -0.0045425612 0.033113375 -0.5023826 0.2597522 0.27914935 -0.31374213 -0.1853626 0.20458968 -0.081460185 -0.18655097 -0.4183695 -0.5521588 0.04719947 -0.09132628 -0.17047212 0.20279162 -0.17855597 0.40579626 0.11461045 -0.080331035 0.0879017 -0.085648954 -0.07882395 -0.39048958 0.1851691 -0.09566482 0.16692965
16 -0.3224861 0.1533632 -0.19009982 -0.29708937 0.07101954 0.116903394 0.06639038 -0.07068925 0.25191376 0.28855675 -0.00201524 0.023604838 -0.022628225 -0.1926529 -0.15551513 -0.47380447 0.046785537 -0.048949905 0.21043605 -0.25480127 0.163919 -0.49894467 0.21026684 0.16194376 -0.31645918 0.38976434 0.012718427 -0.14085762 -0.19383019 0.3446979 -0.24801773 -0.21687415
77 -0.26070568 0.11332669 -0.016540408 -0.2157233 0.032953646 0.081289925 0.020503014 -0.3393083 0.22322047 0.31368884 -0.09115353 -0.15925966 0.07751811 -0.15968043 -0.1516126 -0.5036075 -0.3085147 0.010121727 0.008056264 -0.1726759 0.18032098 -0.37078077 0.29079357 0.09843743 -0.1740749 0.23914525 -0.06431156 -0.16005139 -0.23732731 0.25051764 -0.1387226 0.0240293
116 -0.4067399 0.122518584 0.07367821 -0.113572605 -0.29774982 -0.2539387 0.043759827 -0.40327823 0.30219266 -0.093455456 -0.32926863 0.1910506 0.109724514 -0.041290767 -0.3369027 -0.2016236 -0.048785083 -0.16398706 0.11189712 -0.2980636 0.32349285 -0.12570262 0.36623487 0.25110734 -0.108007565 0.016553665 0.022669632 0.01568082 -0.52357215 0.5399212 -0.05570458 -0.26356363
93 -0.36518934 0.11294491 0.10430533 -0.1462833 -0.17759085 -0.16567855 0.023141634 -0.3728846 0.27299997 -0.012055889 -0.27997318 0.08711264 0.14709634 0.0048884638 -0.27586403 -0.26423883 -0.17949352 -0.1067482 0.07910622 -0.27251127 0.3257546 -0.17227598 0.38475904 0.20536226 -0.11167681 0.072204456 0.01642933 -0.029707123 -0.46346492 0.4416111 -0.041878738 -0.1682521
24 -0.23061308 0.14433996 -0.21624953 -0.08691184 -0.05166357 0.20890328 -0.08417047 -0.16949567 0.33268085 0.35749424 -0.22558466 0.02643393 0.18048222 -0.16838673 -0.17254099 -0.36315867 -0.19099177 0.07600991 0.0749484 -0.11728738 0.05632115 -0.43678603 0.3148046 0.27944082 -0.42232785 0.29583645 -0.119129546 -0.06404843 -0.20772277 0.033439606 -0.32038003 0.12499658
40 -0.28893608 0.15395467 0.06063251 -0.15700649 -0.13934466 -0.09887534 0.03820454 -0.3908089 0.26545024 0.11899313 -0.26305592 0.010934327 0.10656503 -0.030729521 -0.2278758 -0.27236807 -0.27503976 -0.08192478 0.045640755 -0.18449146 0.23125885 -0.21433082 0.329398 0.1591128 -0.1572754 0.096037045 -0.05989461 -0.06073429 -0.4632515 0.36494732 -0.08847068 -0.07164479
121 -0.19737944 0.14340627 -0.13424195 -0.031775672 -0.045302212 0.17745326 -0.11751286 -0.20503214 0.3138027 0.34517112 -0.28169745 -0.026423257 0.22568153 -0.14147536 -0.16684735 -0.39265034 -0.278194 0.11659153 0.03478048 -0.0890207 0.07949726 -0.395684 0.3603084 0.2665281 -0.41386533 0.2070837 -0.12554576 -0.08648134 -0.28940102 0.03566823 -0.29697523 0.16584373
124 -0.22018184 0.108856745 -0.017133897 -0.08526774 0.04685932 0.22201923 -0.04504919 -0.3604221 0.29556695 0.36767167 -0.21854824 -0.17243724 0.195989 -0.1195419 -0.11581597 -0.4918153 -0.48591772 0.1023365 -0.05439511 -0.09864052 0.056162365 -0.37222758 0.36723137 0.14724264 -0.29624453 0.23447214 -0.16329166 -0.12654044 -0.2961293 -0.03966999 -0.25720716 0.27760065
126 -0.23084703 0.16020952 -0.047245782 -0.14498019 -0.08434334 0.109991424 0.0084160855 -0.3737837 0.31029484 0.2590381 -0.2552365 -0.1457416 0.15150501 -0.06752823 -0.2222554 -0.3495866 -0.35097817 0.005751046 -0.015525096 -0.14901051 0.122032836 -0.2721862 0.35910338 0.15326382 -0.20507665 0.1857519 -0.05387548 -0.09335695 -0.36725333 0.14724728 -0.1456277 0.14554779
68 -0.2797152 0.18297434 0.068828724 -0.09801418 -0.2711624 -0.17170873 0.0033448418 -0.43525556 0.29901254 0.0041161613 -0.34086573 0.0649428 0.14840691 -0.034521952 -0.30914155 -0.20491752 -0.19424352 -0.08718458 0.04328946 -0.2910475 0.30562875 -0.1284501 0.32534453 0.21597818 -0.10947558 0.023901684 0.011583339 0.01668378 -0.48580322 0.40206215 -0.11168976 -0.08000147
38 -0.32521245 0.13550733 -0.15076381 -0.2590709 -0.023500407 0.06299768 0.04431225 -0.13291211 0.2755871 0.16933562 -0.08422452 0.042038858 -0.02299672 -0.16940086 -0.2061564 -0.40940183 0.10052959 -0.040324327 0.21120997 -0.2902394 0.1953288 -0.3907819 0.23928992 0.18029818 -0.27643198 0.34267056 0.025180914 -0.06423454 -0.27609524 0.3605997 -0.22971393 -0.23429675
123 -0.3351042 0.13521796 0.15221626 -0.14807713 -0.24308261 -0.20129165 0.060499243 -0.4677028 0.24889293 0.07104193 -0.27850252 -0.002676147 0.110338345 -0.052521776 -0.24540235 -0.25932997 -0.32282946 -0.07307347 0.00039927042 -0.23165087 0.3303784 -0.1429036 0.3193443 0.20404485 -0.040049504 0.016075658 -0.024552615 -0.018611353 -0.4544164 0.43112132 -0.01958628 -0.08322714
115 -0.38120756 0.15268295 0.09597491 -0.2487741 -0.14328375 -0.18039553 0.075250454 -0.3344939 0.22309819 0.015081844 -0.18947282 0.07233955 0.039561737 -0.022281088 -0.2703592 -0.33049288 -0.14466992 -0.14038289 0.1540469 -0.2988308 0.30856496 -0.23147772 0.29946977 0.13647704 -0.10225687 0.09644258 0.0043135667 -0.09364333 -0.3988401 0.49740028 -0.04401424 -0.25909892
91 -0.34902483 0.12346716 0.12511766 -0.15237226 -0.1872499 -0.16904597 0.05140705 -0.41991982 0.26972866 0.06538866 -0.29473367 0.0060954634 0.12901577 -0.033917658 -0.2432925 -0.32879922 -0.22889525 -0.046305332 0.07103806 -0.30213067 0.2984942 -0.11029795 0.36022434 0.17736802 -0.052688662 0.04434786 0.0033508732 0.0015701255 -0.4295728 0.4269287 -0.03399423 -0.09237802
111 -0.28795093 0.16348803 -0.049107913 -0.17379344 0.0074909925 0.14217933 0.0030259162 -0.30690315 0.26680738 0.2768687 -0.16120306 -0.14958593 0.07019595 -0.08951469 -0.12554802 -0.408575 -0.36249298 -0.0054226816 -0.006127728 -0.14352974 0.08034974 -0.39889425 0.3276006 0.103534386 -0.24782184 0.23931721 -0.089876086 -0.18511644 -0.30758741 0.093857236 -0.16426578 0.095537245
50 -0.27691218 0.16911237 0.11891742 -0.1458831 -0.118891165 -0.0073859226 0.04851731 -0.44212967 0.27529335 0.18800704 -0.23232178 -0.1113521 0.09258714 -0.07238532 -0.244293 -0.41971803 -0.3949741 -0.026367798 -0.032023106 -0.22439002 0.19968 -0.24178483 0.33570585 0.09617369 -0.14391604 0.10079896 -0.04728382 -0.13371904 -0.43716446 0.25833362 -0.11579121 0.037486646
87 -0.26284775 0.11176811 -0.12254463 0.034016296 -0.17355189 0.064442866 -0.15941612 -0.26881588 0.3573705 0.22915336 -0.4323806 0.09208443 0.28962237 -0.11070837 -0.20209013 -0.28421074 -0.22819322 0.08179593 0.04512481 -0.13690098 0.11882015 -0.28595933 0.44383997 0.36039203 -0.35886812 0.1426804 -0.09393585 0.036817443 -0.37210643 0.033143014 -0.32711005 0.17329504
48 -0.27054104 0.12041554 0.012231584 -0.20953055 0.08796061 0.11008503 0.042377517 -0.3298774 0.2699708 0.30013 -0.08797354 -0.20208764 0.023415247 -0.116494775 -0.14186515 -0.46701455 -0.39227176 -0.07749284 -0.0036662316 -0.14374314 0.15523237 -0.3887951 0.26572028 0.019764895 -0.18467548 0.24577972 -0.12839052 -0.22993301 -0.2866113 0.21216863 -0.13747808 0.00035416844
27 -0.19769752 0.18532835 0.08499343 -0.18159719 0.028622298 0.17150195 0.06686375 -0.49364454 0.25065392 0.3715798 -0.16835137 -0.3155443 0.13489136 -0.08099963 -0.16587497 -0.43517506 -0.5956566 -0.009295772 -0.12738654 -0.122831255 0.14368989 -0.32581764 0.30052117 0.054578606 -0.10412447 0.20837641 -0.099528536 -0.20906277 -0.33087564 0.11958609 -0.12834114 0.21942204
122 -0.28045812 0.11281671 -0.20267195 -0.11803636 -0.07355315 0.14051302 -0.08939927 -0.11816638 0.30296502 0.27251065 -0.21850549 0.060611732 0.119437814 -0.16684473 -0.18350075 -0.38889006 -0.05710932 0.05908367 0.14728177 -0.1963257 0.12920012 -0.4075458 0.35857722 0.27977255 -0.3742311 0.27764952 -0.05171607 -0.03695849 -0.27285275 0.16163109 -0.29254743 -0.017109295
63 -0.23457527 0.14638999 0.011206421 -0.23714006 0.07886779 0.13190907 0.06739209 -0.38053656 0.22911316 0.3518475 -0.09984042 -0.21955909 0.05515343 -0.12507723 -0.13472567 -0.5126391 -0.35231528 0.0060957996 -0.040776398 -0.18858875 0.19540352 -0.39173 0.24574779 0.045174886 -0.13623229 0.2535029 -0.026995068 -0.19191036 -0.26827213 0.21768847 -0.11880936 0.07326906
36 -0.25558782 0.16859534 0.08979888 -0.12447463 -0.13438185 -0.0051154904 0.019093493 -0.45273173 0.26133808 0.18584293 -0.26088902 -0.07553004 0.16857797 -0.029916635 -0.2220003 -0.38141534 -0.36724335 -0.02418225 -0.009511841 -0.17517658 0.21290632 -0.21931253 0.35635874 0.16017136 -0.13276453 0.06910363 -0.03839739 -0.09276653 -0.41927797 0.26214278 -0.08398915 0.027005762
101 -0.36470664 0.1726577 0.09454614 -0.1534341 -0.27520698 -0.21026301 0.031242067 -0.38527188 0.26483625 -0.07375054 -0.315113 0.1525658 0.118866034 -0.036292177 -0.31019488 -0.25710902 -0.08900102 -0.1561438 0.0970146 -0.3523274 0.3239801 -0.07264824 0.34595504 0.22421049 -0.08384494 0.031016607 0.03318356 0.05131802 -0.5220627 0.54698366 -0.09080232 -0.23661344
25 -0.23216495 0.15021047 -0.014812092 0.02006219 -0.017694475 0.15018117 -0.12032464 -0.2768943 0.30980113 0.3516255 -0.31486198 -0.07700035 0.29261896 -0.04749506 -0.14219563 -0.4514553 -0.46460065 0.11451506 -0.00020932402 -0.059479102 0.088389695 -0.3184704 0.40036085 0.27977422 -0.37133953 0.13492398 -0.109176524 -0.12591174 -0.301809 0.008736238 -0.26507738 0.22290918
3 -0.3122413 0.19625716 0.0074589658 -0.23856936 -0.11838238 -0.07922435 0.08448464 -0.26870254 0.27383122 0.09484884 -0.11936828 0.023131223 0.013213064 -0.07842451 -0.23574883 -0.3656076 -0.09925916 -0.11262139 0.12152425 -0.27376994 0.2685972 -0.3176467 0.21356209 0.1273257 -0.15190493 0.16575688 0.009789618 -0.12651563 -0.32713196 0.44255236 -0.09658427 -0.25340167
39 -0.25394005 0.15436314 0.08068292 -0.13755785 0.02918759 0.10226547 -0.0021596383 -0.44758362 0.24917123 0.34790874 -0.21737193 -0.25422412 0.16592833 -0.09694249 -0.097153686 -0.48892814 -0.5427044 0.0632213 -0.07698582 -0.123017274 0.18290299 -0.2938287 0.3429645 0.15034132 -0.17461504 0.20096028 -0.11336756 -0.16655816 -0.34844115 0.118720114 -0.15150352 0.18134098
113 -0.28513873 0.07670387 -0.23800313 -0.17097013 0.004327131 0.19090265 -0.06282267 -0.07084383 0.31768072 0.33955508 -0.1665761 -0.014950197 0.06356671 -0.18570733 -0.12379897 -0.42246324 -0.04256161 0.036445968 0.12404882 -0.14141786 0.08847 -0.49917722 0.3376574 0.23291147 -0.39405096 0.3747722 -0.07399318 -0.121858396 -0.2266892 0.12771362 -0.30598766 -0.028705059
23 -0.24133886 0.17582166 0.09274974 -0.1272124 -0.004966687 0.12723199 0.012499256 -0.48199233 0.2788837 0.32784176 -0.22852315 -0.22171812 0.19084784 -0.04640042 -0.14239694 -0.43869743 -0.59333414 0.030214379 -0.10729558 -0.12303252 0.15283446 -0.26518658 0.33068603 0.10043385 -0.13932271 0.10840082 -0.124741286 -0.17184082 -0.36641666 0.14074858 -0.11818151 0.22421117
84 -0.26063225 0.18630682 -0.21427695 -0.32025638 0.12458662 0.19467442 0.031422913 -0.034734372 0.2686856 0.35490477 0.04675865 -0.05956725 -0.028257797 -0.19275695 -0.12781633 -0.47676313 0.031311817 -0.04350015 0.22294013 -0.23067948 0.10891104 -0.55938184 0.18876676 0.14995894 -0.3853541 0.43646947 -0.007263562 -0.22639905 -0.11916899 0.3153434 -0.23026717 -0.17881532
92 -0.3411185 0.21823722 -0.24895908 -0.31627405 -0.014173343 0.0758186 0.023254616 -0.090653285 0.26213846 0.29813248 -0.041109316 0.03708817 -0.02466547 -0.14880963 -0.17122707 -0.39964393 0.03454413 -0.057990227 0.17397943 -0.23249792 0.14367248 -0.46811956 0.15045413 0.1893281 -0.29514548 0.31372613 -0.03620329 -0.11290934 -0.21792245 0.33484754 -0.17703241 -0.19426751
89 -0.34441784 0.13224658 -0.13991807 -0.13568123 0.02574336 0.13830172 -0.008761178 -0.15723728 0.2505034 0.23229386 -0.16575532 0.019300068 0.07535586 -0.09056612 -0.13473406 -0.43063053 -0.11461507 -0.018498885 0.1384902 -0.21237871 0.096321814 -0.41520327 0.31052172 0.18207012 -0.3169875 0.2913697 -0.08772052 -0.12228456 -0.26487282 0.17750359 -0.24498837 -0.05523687
54 -0.29183027 0.1379304 -0.15931496 -0.06836638 -0.107127406 0.091228604 -0.1194871 -0.21679553 0.3346736 0.27995324 -0.27701908 0.051792182 0.17537789 -0.19649293 -0.15753244 -0.3137817 -0.11084168 0.046244286 0.07682592 -0.15710467 0.12791146 -0.34886527 0.3301934 0.31014466 -0.36055607 0.21544571 -0.108967245 0.009951796 -0.30038512 0.07373183 -0.3172016 0.102107614
53 -0.30487695 0.21086605 -0.16068009 -0.33291152 0.011167099 0.061827146 0.1093105 -0.089044265 0.25243092 0.24935088 0.06140087 0.031741653 -0.08700553 -0.15439197 -0.21211243 -0.46017018 0.04688003 -0.093502715 0.19909075 -0.28026783 0.21541467 -0.5457492 0.10172181 0.12773198 -0.29485914 0.34042472 0.025479047 -0.18011254 -0.21617414 0.43327853 -0.15238954 -0.2874322
60 -0.27908367 0.12770496 -0.1707427 -0.013547708 -0.06767001 0.17140634 -0.12861055 -0.18006457 0.3280607 0.35528955 -0.28884163 0.03418557 0.2360337 -0.15885572 -0.11585157 -0.35637757 -0.21649337 0.11435415 0.05941742 -0.08939752 0.10488052 -0.4213494 0.36489213 0.36837918 -0.41349268 0.20833397 -0.11028668 -0.06674181 -0.23365492 0.021067744 -0.2663221 0.10547751
59 -0.30838275 0.20256035 -0.13463448 -0.2630404 0.026353678 0.06114385 0.016045628 -0.1448798 0.24977554 0.245869 -0.042494025 0.041926965 0.055836074 -0.16180506 -0.1564305 -0.41995704 -0.009105099 -0.09844541 0.1529106 -0.2501587 0.22738619 -0.4436431 0.17849782 0.19722624 -0.29446515 0.29651937 -0.026023297 -0.11272271 -0.25159305 0.39083418 -0.17812428 -0.21090624
82 -0.25847155 0.12272472 -0.065381445 -0.06277625 -0.12579148 0.080588125 -0.06369428 -0.28322878 0.3233267 0.28131106 -0.34335634 -0.027898286 0.21499218 -0.13709535 -0.16614729 -0.35335788 -0.26598048 0.06958441 0.02630205 -0.16309203 0.13014233 -0.25655726 0.38300425 0.27383795 -0.3108034 0.14944313 -0.087411866 -0.0124088535 -0.32635856 0.14088522 -0.23935919 0.10650167
28 -0.34315938 0.1302083 0.16964166 -0.131598 -0.26165736 -0.2289882 0.040215045 -0.46481195 0.24587719 -0.03039345 -0.3509402 0.08630523 0.13475597 -0.01403103 -0.31641555 -0.2435192 -0.2300157 -0.12488086 0.032940574 -0.32176003 0.33637986 -0.05901117 0.38276738 0.19633915 -0.026748758 -0.027317919 0.020869559 0.020665437 -0.5441029 0.48555773 -0.0460325 -0.14287633
99 -0.37633473 0.15906121 0.02520142 -0.17807007 -0.21968049 -0.18070346 0.047611646 -0.3326198 0.25420505 0.046575513 -0.24949434 0.12211779 0.07067645 -0.04147545 -0.27132168 -0.2647041 -0.078101344 -0.1271461 0.12381586 -0.29125756 0.3454748 -0.21694082 0.28788835 0.25073093 -0.13819349 0.06713779 -0.019898077 0.01636241 -0.42707026 0.5211834 -0.092640676 -0.20033081
37 -0.25438493 0.15718988 -0.12869594 -0.06257145 -0.1438955 0.065367736 -0.04466482 -0.26206604 0.32522225 0.20408191 -0.25067732 0.050412394 0.12927617 -0.12100764 -0.23065996 -0.3327047 -0.16514331 3.1077274e-05 0.10854058 -0.18114303 0.13558239 -0.35113955 0.24988034 0.24705307 -0.31289715 0.16059479 -0.0722697 -0.03842753 -0.2862553 0.18325007 -0.26517284 0.011076328
102 -0.2438383 0.17809464 -0.014111411 -0.061655 -0.070966244 0.03769649 -0.029446056 -0.33841306 0.29833186 0.22470962 -0.28753924 -0.040397625 0.1966938 -0.04460604 -0.17109637 -0.3368255 -0.31666085 0.0019782544 0.03168134 -0.16277054 0.19306645 -0.28605753 0.32285666 0.24168475 -0.26074457 0.14885524 -0.089622535 -0.053462014 -0.37847447 0.17778002 -0.19917654 0.06707887
108 -0.25515363 0.19699125 0.04038735 -0.19702555 -0.11334006 0.027076775 0.0759585 -0.39250943 0.29508162 0.27556843 -0.18278055 -0.1554748 0.08649106 -0.099219605 -0.18123342 -0.3987916 -0.420717 -0.020901246 -0.047010187 -0.16554847 0.19057357 -0.31228057 0.25718153 0.12886694 -0.12527595 0.13431214 -0.059475034 -0.16833211 -0.32357958 0.253741 -0.081702724 0.042683933
107 -0.32636973 0.19246992 -0.08963442 -0.29353905 0.038421564 0.07373469 0.06675362 -0.17323564 0.25106522 0.2472324 -0.0119296815 -0.012058511 0.003183158 -0.16470619 -0.13979171 -0.44464645 -0.04757704 -0.090343945 0.16712649 -0.25654748 0.19993919 -0.42920992 0.16502793 0.14016004 -0.25500983 0.34395218 -0.042587135 -0.13783932 -0.21958786 0.36055318 -0.17509097 -0.22346489
33 -0.39204887 0.2181302 -0.22066374 -0.36493596 0.06537703 0.057627626 0.045153562 -0.049464148 0.2536964 0.27356094 0.07272962 0.04548193 -0.06678811 -0.13668561 -0.15562475 -0.48244682 0.13348497 -0.100573726 0.26753655 -0.2769424 0.18083279 -0.55093455 0.105426945 0.17036754 -0.3447011 0.3594087 -0.001014955 -0.15945302 -0.17640817 0.4254585 -0.16174532 -0.30527785
45 -0.2985178 0.12793607 -0.14649579 -0.23623744 0.006851173 0.06175995 -0.0037842926 -0.16410986 0.2658288 0.21310203 -0.12478952 0.038905457 0.039020766 -0.13630137 -0.20312533 -0.42633262 0.0021001536 -0.033292085 0.14011294 -0.23895697 0.19835341 -0.37562567 0.24569908 0.17363524 -0.24795443 0.26328292 0.029760351 -0.09112818 -0.28592408 0.28883612 -0.19704826 -0.08398185
29 -0.2663004 0.16728814 0.08508696 -0.1379455 -0.130536 -0.013794224 0.0045512863 -0.4438737 0.28806078 0.16221346 -0.25095117 -0.08463504 0.11746308 -0.05791917 -0.23656729 -0.3666781 -0.35416263 -0.019751124 -0.019498803 -0.19696687 0.21119998 -0.24959539 0.29759842 0.13792497 -0.13298485 0.10313698 -0.06298145 -0.09067297 -0.4142327 0.24413535 -0.10998781 0.056432836
112 -0.27590367 0.11367951 -0.29148346 -0.13784301 -0.021996336 0.22732195 -0.108592294 -0.08121304 0.30066273 0.31595707 -0.16472694 0.027858578 0.12192894 -0.20100187 -0.1390541 -0.44572517 -0.030926147 0.061097063 0.15952423 -0.16676795 0.069036484 -0.51334643 0.29216462 0.28518477 -0.42805433 0.33383518 -0.064228214 -0.093423136 -0.20869187 0.040180795 -0.33647022 0.018039275
64 -0.2951531 0.0853532 -0.16296162 -0.14480011 0.028761089 0.12469401 -0.043459464 -0.14883983 0.27727848 0.30111024 -0.14657225 0.007985877 0.07379361 -0.17182939 -0.13656098 -0.4372537 -0.099011794 -0.029195873 0.11001967 -0.1662485 0.11269935 -0.46982804 0.3047021 0.23075017 -0.35833997 0.3314285 -0.114852026 -0.10630766 -0.22955267 0.15645184 -0.28555283 -0.04595783
51 -0.39558208 0.16900623 0.058687452 -0.19770844 -0.2172504 -0.1513314 0.07527294 -0.37031874 0.2678295 0.030582884 -0.23737723 0.102128714 0.0566617 -0.04974641 -0.30005604 -0.27165774 -0.06278628 -0.12935354 0.1310156 -0.3258048 0.30815327 -0.22581796 0.31831458 0.21044074 -0.1329046 0.064098746 0.011757838 -0.021346683 -0.43044567 0.52666306 -0.03133206 -0.2497519
47 -0.27227455 0.16780123 -0.01146244 -0.11550311 -0.20709355 -0.0138632655 -0.03583729 -0.26869157 0.25157267 0.1010453 -0.23909117 0.06273573 0.121062845 -0.058853794 -0.25766855 -0.3420247 -0.17347345 -0.050958302 0.08529594 -0.22743261 0.20004159 -0.310811 0.32817537 0.21958934 -0.23320921 0.08978596 0.018551549 -0.041517694 -0.37114742 0.31634706 -0.18456829 -0.080683276
11 -0.24118853 0.15576105 0.09046924 -0.045606814 -0.12876725 0.08059742 -0.043555327 -0.43134594 0.2802197 0.26793715 -0.335081 -0.13302916 0.20360067 -0.075689934 -0.20430946 -0.40959355 -0.47107428 0.067428246 -0.0805636 -0.15638892 0.13048601 -0.23248366 0.3930687 0.20936264 -0.19897915 0.07129118 -0.09141339 -0.06691194 -0.39686334 0.07312271 -0.15616377 0.21521457
88 -0.2943269 0.22146727 -0.22117761 -0.3289027 -0.0057823574 0.13920404 0.051794693 -0.0786275 0.25956497 0.24415857 0.0318115 0.005747582 -0.035638347 -0.19264129 -0.21010742 -0.45611027 0.075763665 -0.044002563 0.17756581 -0.22708029 0.18721794 -0.5201572 0.15597747 0.18132803 -0.32283196 0.40693232 0.0064254873 -0.16709854 -0.20491958 0.3788507 -0.22651441 -0.22528392
119 -0.37760124 0.15978086 -0.37017524 -0.33658224 0.01317002 0.15187524 0.03419 0.06151589 0.3124069 0.2815934 0.0018892377 0.10148806 -0.04379191 -0.2006462 -0.17804913 -0.4726959 0.2531162 -0.05388862 0.30699497 -0.24994972 0.1270251 -0.5650488 0.19738081 0.23267917 -0.42271277 0.44567457 0.05787208 -0.15451689 -0.16775015 0.36583334 -0.28920522 -0.27176526
6 -0.21617883 0.15234335 -0.04527983 -0.15694353 0.007448457 0.12977898 0.0024190522 -0.35189515 0.28234068 0.32331342 -0.18174984 -0.19473667 0.11209934 -0.13176784 -0.19542056 -0.37552035 -0.3732715 0.023434762 -0.050819132 -0.14374289 0.12539496 -0.30672032 0.3157743 0.13595477 -0.19202821 0.23731583 -0.070663616 -0.14201525 -0.31446907 0.1691285 -0.20055619 0.17163256
80 -0.27953508 0.1809048 -0.16703634 -0.22167629 -0.015984097 0.11899032 -0.013574981 -0.116068915 0.28883994 0.21889982 -0.06958046 0.028507117 0.03674522 -0.16986822 -0.18917814 -0.37493584 0.017751876 -0.039615374 0.16112527 -0.23385307 0.15397109 -0.45872837 0.2287342 0.18564323 -0.3625449 0.3239555 -0.0022285832 -0.12250832 -0.24559759 0.28293067 -0.23941265 -0.16417891
13 -0.21070638 0.1214243 -0.19480811 -0.12921225 -0.111262016 0.14585666 -0.031274244 -0.18943119 0.28425917 0.23851699 -0.20087318 -0.00096455804 0.14848366 -0.14305873 -0.21920317 -0.38448328 -0.08569461 0.03209154 0.08860663 -0.15996419 0.13722448 -0.3439437 0.34388474 0.20701048 -0.29460946 0.2406423 -0.010047444 -0.048007846 -0.29253685 0.18603888 -0.24364626 0.03199806
79 -0.41776326 0.13366567 0.121089496 -0.2105599 -0.219084 -0.26045194 0.060172696 -0.34031886 0.22707155 -0.09086515 -0.2366329 0.1562582 0.064815305 0.0042014387 -0.30645853 -0.29853097 -0.08957096 -0.21150142 0.12825136 -0.3075069 0.33846793 -0.1649927 0.31119826 0.12087604 -0.07853352 0.072011426 0.022555914 -0.031677302 -0.47560197 0.54532254 -0.019932507 -0.35451436
66 -0.3136355 0.16041039 -0.2299413 -0.30247325 0.057668664 0.11661441 0.022602879 -0.07593194 0.24969603 0.27809188 0.025342027 0.027645024 -0.012283945 -0.17566074 -0.14594321 -0.450444 0.0694339 -0.055213325 0.23545267 -0.2667065 0.15687098 -0.5679949 0.1762702 0.17140508 -0.37948447 0.41517767 -0.034562144 -0.17113462 -0.19018708 0.32171008 -0.23203264 -0.22519569
78 -0.39986902 0.09336277 0.13437818 -0.15296331 -0.26068297 -0.31597605 0.06885129 -0.43578196 0.24538143 -0.09243131 -0.32131836 0.18546784 0.089921005 -0.035181075 -0.29882818 -0.19470207 -0.053801537 -0.21192521 0.12828548 -0.34999678 0.35413665 -0.0870179 0.3660898 0.19972053 -0.05360193 -0.0013641634 0.046919085 0.06082941 -0.54724944 0.6268768 -0.03429639 -0.3020981
26 -0.24875171 0.15574716 0.08557 -0.10256566 -0.0047167633 0.097993106 0.030297201 -0.45183408 0.28210336 0.29162022 -0.22070368 -0.20184594 0.14972657 -0.067263015 -0.17259875 -0.40554392 -0.50106907 -0.007881947 -0.078961104 -0.11237892 0.18519975 -0.27797213 0.3332639 0.112126976 -0.13992782 0.16443448 -0.104107015 -0.1464426 -0.32963932 0.17809236 -0.1302242 0.17392837
15 -0.27057526 0.10323718 -0.10510592 0.023888856 -0.13027371 0.104848854 -0.17461835 -0.21196859 0.30627826 0.26544377 -0.36355314 0.072908364 0.24952063 -0.12374701 -0.16798586 -0.35488182 -0.21102954 0.10576478 0.037900075 -0.106364794 0.068187445 -0.32985467 0.41673788 0.3610402 -0.40024635 0.15072684 -0.12187001 0.00997239 -0.31696644 -0.006937911 -0.31910363 0.12863499
97 -0.25015086 0.1574057 -0.15176198 0.002292835 -0.17049916 0.057109576 -0.13128681 -0.22211686 0.3290643 0.23217416 -0.3790767 0.05943778 0.23194703 -0.12092154 -0.17283094 -0.3166579 -0.1554613 0.073202975 0.08122519 -0.13292459 0.13844302 -0.28649396 0.38271508 0.36716056 -0.34523356 0.16164823 -0.05643423 0.03652426 -0.3404331 0.09557164 -0.27842596 0.08718729
56 -0.27959856 0.13585553 -0.26812848 -0.24932982 0.10357659 0.16313289 -0.00094320974 -0.044786092 0.27219436 0.2953729 -0.044675667 0.0019116281 0.011377502 -0.24369371 -0.151121 -0.42051432 0.07486098 0.004849033 0.17825107 -0.24634841 0.12975669 -0.4610864 0.22813839 0.16189471 -0.33037934 0.40676984 -0.029585747 -0.12722716 -0.18787193 0.2543019 -0.30066127 -0.094460346
70 -0.31694654 0.18902856 -0.13338786 -0.05382265 -0.07695296 0.11828211 -0.10127271 -0.15355167 0.28320834 0.23632082 -0.29102218 0.05999053 0.22798283 -0.026999328 -0.12816173 -0.3873127 -0.23360822 0.020409137 0.07692749 -0.12992294 0.122924484 -0.34408417 0.35389575 0.3200019 -0.36788613 0.16797948 -0.070780754 -0.07045681 -0.32334107 0.08908281 -0.23128842 0.044761386
76 -0.19554761 0.12875865 -0.24745588 -0.038077094 -0.042767685 0.2972166 -0.17586045 -0.17501757 0.3492333 0.38606426 -0.28505132 -0.03992148 0.2228807 -0.21588564 -0.15791094 -0.383999 -0.21918325 0.12737307 0.051705405 -0.053357862 -0.008769796 -0.46760762 0.43314996 0.27666384 -0.45709786 0.3374298 -0.16089997 -0.06539133 -0.2407091 -0.08473759 -0.4297585 0.22966641
44 -0.24572027 0.15263315 -0.25459373 -0.070697814 -0.11859809 0.13060698 -0.11967624 -0.11432676 0.3580627 0.26553503 -0.28530368 0.09707763 0.19187449 -0.177729 -0.16854358 -0.2800165 -0.02623081 0.07602866 0.18625912 -0.16338253 0.11327312 -0.42402607 0.31134948 0.32793778 -0.40864906 0.19969134 -0.045466077 -0.03266735 -0.25452852 0.105713986 -0.30504605 0.036629073
104 -0.28919545 0.117779285 -0.13668695 -0.19578157 -0.02551308 0.07863104 -0.009792994 -0.16947418 0.24440138 0.27390522 -0.16394906 0.0033111437 0.09785776 -0.20035417 -0.15348957 -0.4367485 -0.05202856 -0.014968865 0.10718441 -0.24645622 0.19349623 -0.3706683 0.26042697 0.21649276 -0.2525752 0.3089694 -0.016706668 -0.055703018 -0.27804106 0.26026008 -0.25752327 -0.07329122
62 -0.2554179 0.120758325 -0.11404097 -0.21209243 -0.0077543054 0.06929431 -0.00027150166 -0.2273439 0.2398326 0.26431412 -0.087875545 -0.044698257 0.035448615 -0.17666502 -0.15917245 -0.395833 -0.08769753 -0.06739267 0.09409774 -0.20050694 0.17645656 -0.44017413 0.23293531 0.1463467 -0.25216958 0.31171483 -0.01262496 -0.13453408 -0.261642 0.33024496 -0.19213612 -0.10827173
14 -0.37459537 0.1534255 0.110017896 -0.16691211 -0.2133843 -0.17278987 0.01915724 -0.4215023 0.30644011 -0.045264043 -0.28417465 0.10960955 0.1274707 0.004358601 -0.29417005 -0.2814448 -0.20271185 -0.13598457 0.08477443 -0.2609826 0.28736332 -0.16149549 0.35541597 0.1751888 -0.124970324 0.05744873 -0.013191123 -0.031468138 -0.4872802 0.4280842 -0.055952337 -0.19003582
42 -0.3684031 0.15453388 -0.24934202 -0.36757627 0.08633839 0.091234505 0.05130346 -0.00159258 0.2617539 0.2258556 0.06282587 0.048439458 -0.04679409 -0.18398042 -0.16770025 -0.43223882 0.16088048 -0.11956782 0.2651016 -0.28436744 0.17193708 -0.55200857 0.14535908 0.14082116 -0.36479184 0.42159793 0.0056973016 -0.19321485 -0.2019341 0.4079148 -0.21403217 -0.32436952
114 -0.24831893 0.14330992 -0.18543474 -0.12353402 -0.016090723 0.18493153 -0.055722367 -0.23184809 0.28802615 0.32159096 -0.19584343 -0.058003575 0.11626394 -0.13087346 -0.18761097 -0.4137209 -0.24042457 0.049537648 0.037588023 -0.1293737 0.07330346 -0.4195898 0.32376826 0.20217478 -0.33856577 0.26790494 -0.07057227 -0.09222833 -0.2484996 0.10220006 -0.28382716 0.15487708
118 -0.2984872 0.17587245 -0.19757321 -0.047258608 -0.069499396 0.11545189 -0.14474355 -0.08738203 0.31657684 0.27253935 -0.30064872 0.088576734 0.22177872 -0.1598186 -0.14289267 -0.34778765 -0.084622 0.092486404 0.15558995 -0.14708336 0.085529014 -0.3574564 0.34696507 0.36948943 -0.43354344 0.20774004 -0.0993101 -0.0043343585 -0.29199538 0.09876939 -0.34512633 -0.0030262624
57 -0.2751498 0.15831412 -0.16568638 -0.27222866 0.018906392 0.10664416 0.011195927 -0.12611851 0.2324779 0.2761829 0.0037826635 -0.01227932 0.010826944 -0.21922109 -0.17054923 -0.42767322 0.026305329 -0.03288964 0.17529947 -0.24293461 0.17247991 -0.49082774 0.1766655 0.19784638 -0.34194976 0.36992922 -0.029867377 -0.14772026 -0.18921655 0.33925352 -0.2230649 -0.20979081
103 -0.30601272 0.12136311 0.1273652 -0.16563049 -0.023148099 0.026075779 0.07455509 -0.5155548 0.23549145 0.18078713 -0.19742313 -0.18242645 0.11990974 -0.08560081 -0.1741016 -0.37212956 -0.44712412 -0.07605037 -0.075773984 -0.20031926 0.21724653 -0.1984909 0.3144771 0.074883796 -0.06914785 0.13917206 -0.056915253 -0.14047846 -0.43399853 0.29261583 -0.09193865 0.06380393
90 -0.3664342 0.18906678 -0.23776363 -0.36685383 0.07344354 0.06680995 0.08583602 0.019251898 0.26633453 0.20726335 0.055648174 0.13274546 -0.079577945 -0.13875622 -0.20508981 -0.43682706 0.1814604 -0.15127704 0.33559188 -0.2858271 0.16139464 -0.55502105 0.13742815 0.11337099 -0.39072087 0.38925356 0.02247388 -0.19983818 -0.19432464 0.40195778 -0.21467978 -0.38709998
46 -0.23968124 0.16017702 0.15911941 -0.18661003 0.07739071 0.07514215 0.10960337 -0.5196284 0.24618928 0.34972584 -0.13898312 -0.31949633 0.093819045 -0.05622171 -0.14753851 -0.44805333 -0.64095014 -0.03716099 -0.13970612 -0.12061671 0.21918541 -0.32790205 0.28990677 0.044782903 -0.11505931 0.18181123 -0.07880361 -0.26058233 -0.33176586 0.19781975 -0.051373143 0.17992422
69 -0.31355938 0.1975833 -0.16178706 -0.07332314 -0.17502312 0.026458146 -0.09021277 -0.102145694 0.26579913 0.1801432 -0.30729085 0.16858833 0.20838392 -0.039540537 -0.21898626 -0.33240896 -0.042790614 0.025786368 0.1576291 -0.16714934 0.14933082 -0.29816288 0.3788872 0.36488092 -0.31601804 0.15865517 -0.013771589 0.0067449794 -0.34631738 0.22331123 -0.22873378 -0.11202762
73 -0.28147566 0.13703397 -0.0149236 -0.16574247 -0.15978265 -0.080869295 0.009414881 -0.3198295 0.27543616 0.13498299 -0.24038328 0.0588218 0.08647051 -0.07358918 -0.2648726 -0.31205982 -0.13449986 -0.0573482 0.06869697 -0.24163777 0.27166495 -0.23719922 0.30503508 0.22089377 -0.14073245 0.120802216 0.0030770178 -0.002811166 -0.3791292 0.36254558 -0.123804435 -0.057568125
109 -0.24839012 0.16860569 -0.1273852 -0.07339189 0.000435109 0.1954833 -0.076070905 -0.14605522 0.3409167 0.3250107 -0.22383378 -0.037006583 0.20052585 -0.1307897 -0.11824733 -0.3973525 -0.23504779 0.09319044 0.119840674 -0.09432899 0.09050492 -0.40414596 0.3317406 0.28725693 -0.41766948 0.2457987 -0.12206966 -0.10921248 -0.25337458 0.053190302 -0.26564014 0.07769122
83 -0.3074386 0.115981445 -0.2250787 -0.22006506 0.039160643 0.08446579 0.0036996843 -0.04177235 0.2638976 0.27598515 -0.07449622 0.06418763 0.007340609 -0.16793989 -0.17981699 -0.41149238 0.07265032 -0.05774214 0.20399325 -0.22657678 0.15709381 -0.46399012 0.24527761 0.2181526 -0.32419106 0.3292796 -0.008488328 -0.08495672 -0.22503933 0.2946283 -0.23307282 -0.1652629
19 -0.2464833 0.147672 -0.002983155 -0.15237167 -0.008619343 0.09544488 0.03209207 -0.33213058 0.25087723 0.2450758 -0.1672834 -0.13679272 0.089682564 -0.07022249 -0.16694923 -0.40825978 -0.3588132 -0.030785382 -0.01902846 -0.15367611 0.15574118 -0.36553016 0.31133062 0.1348907 -0.22484411 0.2047639 -0.08459923 -0.1731941 -0.34943545 0.21297084 -0.10645894 0.050598107
52 -0.34301677 0.1595555 0.053148538 -0.133881 -0.32759443 -0.20166554 0.041912638 -0.42042345 0.31411946 -0.014781699 -0.31913608 0.096557304 0.15158643 -0.033957224 -0.31367823 -0.2187626 -0.16180323 -0.108559616 0.05937659 -0.30213097 0.34276932 -0.16398178 0.35926256 0.22507893 -0.073070206 0.010080743 0.0112675335 0.008037518 -0.48600984 0.47043154 -0.08042387 -0.14635105
7 -0.2277374 0.18877678 -0.15189925 -0.030597266 -0.010196573 0.1943552 -0.114967816 -0.15007566 0.32123458 0.3954153 -0.3038319 -0.022418166 0.241543 -0.12268052 -0.1356326 -0.38611293 -0.3012135 0.08620681 0.051673237 -0.06765702 0.06742833 -0.38943812 0.38047868 0.34887367 -0.44239837 0.21501508 -0.12097369 -0.096605204 -0.26253587 -0.008986672 -0.30457243 0.16859779
31 -0.26937997 0.23858361 -0.15900972 -0.3090785 0.0030618594 0.093587026 0.035122264 -0.13580789 0.2575003 0.23535281 0.05856408 -0.007931551 -0.037099056 -0.18446052 -0.18448988 -0.4245834 0.032438707 -0.105057485 0.19084416 -0.27598727 0.19223246 -0.5289093 0.119629405 0.13708673 -0.2899281 0.35656542 -0.02314326 -0.1461586 -0.18864742 0.4336568 -0.19942476 -0.2672578
85 -0.22296607 0.17592455 0.15204209 -0.15296084 -0.10531558 -0.05468084 0.06845228 -0.51853335 0.2423704 0.17417505 -0.22933295 -0.16142859 0.10370378 -0.039122183 -0.21546075 -0.3933236 -0.47748652 -0.044598036 -0.07811307 -0.23024513 0.24523482 -0.20151408 0.30002588 0.066781506 -0.06407884 0.09643455 -0.0708583 -0.11337925 -0.41723433 0.3008936 -0.045386244 0.06544355
98 -0.27407277 0.116319805 -0.07986998 -0.10200205 -0.007838878 0.12040298 -0.038472805 -0.23402421 0.31026873 0.27523914 -0.21217516 0.021999922 0.13566951 -0.103895105 -0.16481031 -0.35758984 -0.20169371 -0.00079295534 0.09060414 -0.15780531 0.13996065 -0.39134365 0.30210456 0.22802976 -0.3471839 0.23117226 -0.106502265 -0.092565 -0.28067422 0.1704418 -0.2116312 0.035470273
10 -0.3296978 0.22420749 -0.25564313 -0.3218889 -0.0199996 0.10939626 0.05041091 -0.065939344 0.29494932 0.28101495 0.029945835 0.03752383 -0.008208065 -0.17296064 -0.1948079 -0.41643876 0.09472701 -0.08113675 0.2117657 -0.25705782 0.18040872 -0.53173476 0.12997144 0.17550406 -0.32442006 0.36202618 0.001427491 -0.16632162 -0.17829192 0.38055283 -0.2140811 -0.25906932
94 -0.42098677 0.15223338 0.000121235644 -0.1451905 -0.20202838 -0.18731016 0.0012463292 -0.3459919 0.29647788 -0.0087665785 -0.28383762 0.12717551 0.12718435 -0.027212732 -0.26672557 -0.24374594 -0.10501262 -0.15719609 0.16165058 -0.23890135 0.27634537 -0.21775298 0.33863667 0.1743081 -0.14010964 0.049554173 -0.053127676 -0.012114053 -0.45340592 0.4589213 -0.0797273 -0.20947298
30 -0.254552 0.15366878 -0.19671772 -0.019547652 -0.05849032 0.18710113 -0.1387599 -0.1413409 0.35199136 0.3533307 -0.3391327 0.0017584187 0.24610755 -0.11264357 -0.12739968 -0.39085 -0.23700413 0.13397445 0.11643258 -0.0896962 0.04758278 -0.40367264 0.41049087 0.36417335 -0.442375 0.22147165 -0.089448564 -0.081401214 -0.27867 0.018273884 -0.30387187 0.13675737
74 -0.31632316 0.10213076 0.031466592 -0.12822294 -0.22907573 -0.15444113 -0.012112294 -0.4295168 0.2847866 0.057066493 -0.33509585 0.03425291 0.13043287 -0.0510567 -0.25986418 -0.2637002 -0.1985769 -0.075764775 0.046826992 -0.18050621 0.24520539 -0.15248464 0.41015786 0.20340957 -0.0968319 0.04840093 -0.047262132 0.019955402 -0.46391428 0.35995045 -0.07928629 -0.048257843
100 -0.30995488 0.18049811 -0.09798088 -0.08475352 -0.05606356 0.09279493 -0.08659706 -0.15303698 0.25980183 0.21553116 -0.23699506 0.08408831 0.20612016 -0.04781162 -0.17107312 -0.39135978 -0.15865283 0.027178863 0.12874183 -0.17440183 0.13813059 -0.32708892 0.34030846 0.2581935 -0.32645062 0.20024973 -0.049438685 -0.049092364 -0.33178768 0.16037092 -0.23913856 -0.049515706
65 -0.34859592 0.17688581 -0.123312145 -0.24435058 -0.008480825 0.05761952 0.040880628 -0.13720039 0.26135558 0.13997824 -0.066179946 0.08355489 0.0082036825 -0.11909131 -0.19572216 -0.37278756 0.071647026 -0.11892472 0.2337537 -0.29004845 0.2175703 -0.44924384 0.20178472 0.14741115 -0.31303033 0.2971627 -0.0074218484 -0.1539477 -0.28527874 0.4124714 -0.16053285 -0.2902742
75 -0.28498742 0.16297841 -0.2522099 -0.30870607 0.059669755 0.179878 0.064272836 -0.05194148 0.27094784 0.35058892 0.038021117 -0.047338113 -0.04287372 -0.19662376 -0.17303772 -0.48173836 0.034485463 -0.014797968 0.19206496 -0.19283877 0.12060235 -0.5984624 0.18807334 0.16488388 -0.36571544 0.4080746 -0.0013333536 -0.20897888 -0.11952978 0.29430407 -0.2563857 -0.16890098
106 -0.38149214 0.13830467 -0.25167453 -0.26696506 0.010562879 0.11883425 0.026703285 -0.017734481 0.2941074 0.23367591 -0.056712072 0.10461637 -0.01712785 -0.14611639 -0.16290966 -0.4508575 0.12988639 -0.077581525 0.22167623 -0.27189746 0.14394532 -0.48251936 0.23932263 0.21692547 -0.3662579 0.36882147 0.015038719 -0.094138555 -0.24052674 0.27715552 -0.22175318 -0.24547614
41 -0.22412507 0.14048873 0.026009649 -0.15161009 -0.00717316 0.13737331 0.015909603 -0.4188381 0.2805239 0.33764443 -0.23254892 -0.22828138 0.11814361 -0.16585618 -0.12830527 -0.44516692 -0.43441385 0.06120793 -0.06395743 -0.17118157 0.1254607 -0.26975262 0.33091357 0.13149114 -0.14660266 0.2126541 -0.07833145 -0.097186424 -0.29107013 0.1387051 -0.17897236 0.18061511
1 -0.26954383 0.14295599 0.10281421 -0.19539009 -0.016229982 0.008170447 0.06251941 -0.44245335 0.25689816 0.27465552 -0.16320509 -0.18573204 0.10446255 -0.12931971 -0.14738147 -0.4197966 -0.4589188 -0.048968326 -0.041506063 -0.16793625 0.26378885 -0.27517593 0.26065126 0.117723964 -0.10004114 0.17335165 -0.07722159 -0.15692697 -0.32530403 0.2975362 -0.07364423 0.051329218
128 -0.31249064 0.13108288 -0.1545841 -0.30243862 0.043347705 0.093847476 0.052060567 -0.12733138 0.25119904 0.27325052 -0.024040567 -0.015672913 -0.0071567856 -0.1939846 -0.16475926 -0.4338322 0.0062441486 -0.03251281 0.14568831 -0.25156578 0.17749828 -0.44998482 0.18765035 0.1684379 -0.25880283 0.3927536 -0.019080777 -0.091514796 -0.21123494 0.34627357 -0.23228312 -0.14508244
32 -0.228456 0.1431812 -0.058694787 -0.08320884 -0.029557839 0.14758419 -0.051148392 -0.26850066 0.30787966 0.3515511 -0.22614788 -0.068484515 0.15842094 -0.11634414 -0.13861588 -0.3996165 -0.3130388 0.07040581 0.01447687 -0.15647575 0.13289848 -0.40643063 0.29301235 0.23352964 -0.3411463 0.21133773 -0.081205204 -0.10374185 -0.276689 0.08337246 -0.2372003 0.13156325
49 -0.2231329 0.15865888 -0.28177688 -0.25271824 0.060362957 0.23849763 0.0026407458 -0.009283797 0.3003376 0.3620554 -0.047743052 -0.026207 0.032165553 -0.21261452 -0.15316574 -0.4595823 0.022116087 0.018137837 0.2081558 -0.16966654 0.106782325 -0.5285925 0.25187725 0.21062218 -0.41827142 0.41654363 -0.012787035 -0.13316497 -0.14385737 0.22605279 -0.32874227 -0.10143291
71 -0.3655493 0.14919996 0.055768464 -0.107073836 -0.34322053 -0.2632708 0.014803868 -0.37615445 0.31683236 -0.07169631 -0.37906384 0.21558774 0.17198336 -0.016790958 -0.32801008 -0.20008768 -0.022748834 -0.123307146 0.14251207 -0.3581362 0.36317945 -0.093992956 0.37135565 0.29226217 -0.09251433 -0.026535572 0.047401603 0.06724024 -0.54811466 0.5327995 -0.053985614 -0.2463417
110 -0.24815537 0.137095 0.10870085 -0.13760453 -0.084043354 -0.01189347 0.008074344 -0.47852352 0.25710833 0.27489448 -0.256894 -0.15866064 0.16391481 -0.10012937 -0.10889507 -0.39901873 -0.52568895 -0.0069836625 -0.09606985 -0.13729286 0.23343152 -0.25968885 0.30672672 0.14646491 -0.13605143 0.11070683 -0.14537536 -0.124187775 -0.39011362 0.1975062 -0.10719638 0.13563208
17 -0.47292417 0.12613364 -0.05683126 -0.23664847 -0.17809746 -0.16062754 0.00833526 -0.20561704 0.25417665 -0.038013615 -0.16966802 0.23238815 0.039607614 -0.051046677 -0.29232964 -0.27655333 0.13145815 -0.21718429 0.22808687 -0.31470293 0.27665007 -0.28949827 0.26819074 0.19680151 -0.20711596 0.13124713 -0.005170231 -0.04618026 -0.42962837 0.5378686 -0.07760787 -0.38114017
2 -0.22936375 0.18057452 0.054719303 -0.13905866 -0.027268555 0.06677161 0.0034980879 -0.4482883 0.24439415 0.25731418 -0.22320797 -0.19717892 0.13562281 -0.006037445 -0.21700022 -0.41213527 -0.4691365 -0.046340425 -0.071542844 -0.14853172 0.17758574 -0.27696726 0.3244401 0.074346386 -0.1521836 0.1193033 -0.07062196 -0.18727194 -0.37444177 0.15764524 -0.13450356 0.15197891
5 -0.30831593 0.13955335 0.058390327 -0.049196623 -0.32597885 -0.15096204 0.0005550627 -0.41666403 0.35544038 -0.005329207 -0.37906045 0.11158746 0.15623797 -0.0731823 -0.30433726 -0.19049548 -0.13111563 -0.04464956 0.096166514 -0.31803778 0.29421252 -0.13347359 0.30336455 0.27320743 -0.15015 -0.020196576 0.0063738357 0.04870608 -0.4666368 0.3834673 -0.13884267 -0.08374251
95 -0.35748652 0.11586106 0.053819582 -0.116129905 -0.3175303 -0.2609674 0.007903206 -0.43299577 0.32849523 -0.048592523 -0.37819946 0.17060062 0.1370046 -0.04592191 -0.3223356 -0.19015327 -0.024239827 -0.14240915 0.12715892 -0.32407877 0.34999955 -0.094377 0.34809178 0.20666572 -0.059089053 -0.039096043 0.021403495 0.05889614 -0.57010597 0.5408679 -0.07357099 -0.22895212
34 -0.3099207 0.21719734 -0.11228138 -0.25719827 -0.031104373 0.052284542 -0.020269016 -0.15823622 0.2660947 0.19702613 -0.0705978 0.04165212 0.086733624 -0.17679818 -0.21489696 -0.37393415 0.009860903 -0.06619368 0.15890554 -0.26780072 0.20016879 -0.3998136 0.21335213 0.21122925 -0.29819986 0.31464094 -0.037529062 -0.08377447 -0.2586984 0.36467943 -0.21404536 -0.22360355
18 -0.27882817 0.19305906 -0.073860034 0.004722164 -0.1320793 0.08254527 -0.11926009 -0.2550269 0.3093035 0.2608656 -0.3847216 -0.016333872 0.2820276 -0.046196878 -0.16613257 -0.3753715 -0.37404352 0.117183365 0.03459337 -0.124804586 0.109777234 -0.2190139 0.44348818 0.3315322 -0.28719622 0.09714247 -0.07045874 -0.04689879 -0.36321726 0.064423375 -0.23084621 0.13464944
21 -0.33419222 0.11278932 0.12856993 -0.1587637 -0.22299455 -0.21985479 0.08761488 -0.45825538 0.29801646 -0.04349634 -0.31163216 0.10278808 0.12979503 -0.059910905 -0.2841284 -0.23098965 -0.11418237 -0.15078864 0.07000641 -0.38606 0.38503727 -0.07774435 0.3302732 0.14967628 -0.040889163 0.022268828 0.046729904 0.0064247116 -0.5503215 0.6060515 -0.028355027 -0.24737161
67 -0.43857366 0.14554852 -0.040820982 -0.2817726 -0.08852717 -0.12490217 0.061472792 -0.19120237 0.22445793 -0.0015460454 -0.095791884 0.1636511 0.011734023 -0.037142463 -0.26540604 -0.34389013 0.0393872 -0.19505073 0.2595321 -0.28749952 0.23046204 -0.33938563 0.27548423 0.13688596 -0.20051041 0.21597824 0.011473611 -0.13473415 -0.36612657 0.51336354 -0.122371584 -0.39165202
86 -0.42607012 0.08997906 -0.24099642 -0.19463164 0.021487271 0.10377278 -0.023564281 -0.04135348 0.29975998 0.16497456 -0.080597155 0.11453673 -0.01401172 -0.12248775 -0.17623115 -0.37106168 0.109833285 -0.06945731 0.25547355 -0.2414232 0.09962256 -0.49626783 0.32412237 0.18825507 -0.37584984 0.36824468 -0.06495615 -0.13527365 -0.24809633 0.22869423 -0.26693398 -0.18445665
