128 32
40 -0.32148653 0.026908433 -0.05154471 0.09506712 0.1384297 0.21463832 0.14366847 -0.17537884 -0.23305812 0.2280108 -0.035848 -0.06974669 0.028310778 -0.31520438 0.5378933 0.12616777 -0.1429324 -0.2186208 -0.1803248 -0.17506109 0.3667407 0.2885846 0.075059205 -0.30389202 -0.09377077 -0.10062609 -0.13558517 -0.032303147 0.11236501 -0.21398434 -0.12158969 -0.20884842
29 -0.37261808 -0.24720104 -0.053484835 0.07192945 0.11337029 0.24101101 0.09114098 -0.02225967 -0.017468287 0.19187288 0.06705584 0.0058669993 -0.07313598 -0.19462825 0.52962613 0.1300897 -0.09659166 -0.19916639 -0.2207847 -0.12779571 0.33065397 0.32290334 0.035284474 -0.4095878 -0.09937298 -0.15969525 -0.20241985 0.016895521 0.073910445 -0.04822962 -0.13676296 -0.1949744
77 -0.38016948 -0.23900335 -0.11737692 -0.025434658 -0.0064023556 0.39246747 0.14025962 -0.029430956 0.04333589 0.16847992 0.099884346 -0.059668135 -0.16378851 -0.19525509 0.47816747 0.19681025 -0.08726546 -0.14444362 -0.17201751 -0.16924249 0.34482318 0.33493897 0.090634935 -0.30698875 -0.091634706 -0.2207184 -0.21300136 -0.030728284 0.124545254 0.023954451 -0.09428804 -0.16547254
65 -0.33190113 -0.15837218 -0.13319 0.073411256 0.06477679 0.3657718 0.25942305 -0.11180772 -0.11144374 0.13536549 0.09916596 -0.089768745 -0.14788672 -0.24863589 0.37551266 0.16769 -0.124810226 -0.24903122 -0.06331209 -0.1798081 0.31652343 0.368456 0.027452165 -0.22634423 -0.3057042 -0.13152333 -0.26585665 0.014820318 0.16617806 -0.09083182 0.00031578087 -0.20986858
128 -0.40356934 -0.39418647 -0.12899283 -0.050148413 -0.027080083 0.2925204 0.041398887 -0.008586625 0.100495204 0.21564247 0.04665854 -0.08607507 -0.17382066 -0.10439114 0.5245088 0.13886862 -0.11790312 -0.12527646 -0.22238193 -0.09014206 0.3392956 0.2920789 0.22466248 -0.42553604 0.08228201 -0.34580955 -0.27079862 -0.013966204 0.15887508 0.15176797 -0.21243283 -0.1320469
84 -0.3479931 -0.07605046 -0.062237523 0.023442177 -0.0033996403 0.35043022 0.16824004 -0.13468404 -0.0820105 0.16092703 0.041585144 -0.09382368 -0.070399106 -0.30420753 0.4703518 0.19767836 -0.0742905 -0.19949111 -0.10291898 -0.20191076 0.3760536 0.28785017 0.0984655 -0.2441673 -0.17766376 -0.16536523 -0.2312436 -0.037590235 0.1280876 -0.12243109 -0.05573232 -0.18583429
22 -0.38830495 -0.32329705 -0.11569852 0.0703996 0.060120095 0.3210641 0.16718514 -0.00720436 0.066218756 0.19990267 0.112486556 -0.035657298 -0.16141215 -0.18744649 0.488504 0.16845548 -0.09851255 -0.19249548 -0.20197023 -0.09927483 0.296672 0.3579318 0.05830347 -0.37195075 -0.11847081 -0.2105099 -0.19742435 0.014718087 0.10325517 0.043114256 -0.1387381 -0.14397305
126 -0.3509478 -0.068730585 -0.03493005 0.1462733 0.2582491 0.13096133 0.054284215 -0.108823545 -0.17590035 0.31941903 -0.030510742 -0.04794657 0.009173087 -0.19694233 0.5991083 0.03854365 -0.13302124 -0.2318102 -0.19933192 -0.09075898 0.33190313 0.26413453 0.16092874 -0.4517794 0.001013628 -0.13576843 -0.106894046 0.024567466 0.0531129 -0.13760696 -0.2719172 -0.15307371
44 -0.31614098 0.030202445 -0.14670326 -0.029526757 -0.15217662 0.3286259 0.149228 -0.2785802 -0.16467862 0.13967025 0.0051052696 -0.1556139 -0.09311911 -0.3527195 0.4134721 0.2347605 -0.10440501 -0.13751344 0.0056451065 -0.24137107 0.4607188 0.17909987 0.17952259 -0.15969068 -0.08211856 -0.2528493 -0.21936129 -0.09005977 0.2740579 -0.20995869 0.062969014 -0.21706632
123 -0.33361003 0.015755849 -0.009960575 0.20721883 0.34423113 0.12675811 0.15662494 -0.13130453 -0.2674414 0.24800387 -0.05529881 0.046293177 0.04789206 -0.2660738 0.5575655 0.04808433 -0.14627668 -0.29648355 -0.22191678 -0.10749418 0.3110758 0.3756975 -0.01902646 -0.41049057 -0.1658033 0.013138801 -0.11929986 0.012938281 -0.0037939018 -0.2528918 -0.21441253 -0.21830446
124 -0.35359067 -0.23164952 -0.12913293 -0.041095402 -0.033826318 0.343667 0.093797855 -0.12224975 0.00053577934 0.19222234 0.09525187 -0.1188092 -0.13409914 -0.22132164 0.4779653 0.14332534 -0.10557355 -0.16259778 -0.14592746 -0.19417009 0.31400785 0.30851197 0.1660478 -0.30376023 -0.044294942 -0.27852955 -0.24946445 0.020549774 0.14867964 -0.018207287 -0.07011521 -0.1693637
67 -0.2823789 0.047867935 -0.093849495 -0.034308873 -0.083562545 0.27626792 0.12053698 -0.2570764 -0.23192425 0.2043431 -0.025209473 -0.15501137 -0.02213526 -0.29895502 0.5020241 0.15556462 -0.11198413 -0.16216214 -0.022816611 -0.22252592 0.43654126 0.13294256 0.27951115 -0.19376524 -0.039041717 -0.29232022 -0.22611211 -0.039452285 0.24850848 -0.18549497 -0.033724055 -0.19160543
75 -0.32897905 -0.27940986 -0.046535827 0.05554826 0.051961407 0.36654702 0.31952146 -0.045232072 -0.052935816 0.11485878 0.11146636 0.0053924257 -0.21526599 -0.22817618 0.3978058 0.16097848 -0.0872007 -0.24082386 -0.15307671 -0.14426374 0.28944 0.4445408 -0.020392649 -0.2597798 -0.3654851 -0.11428973 -0.29466668 -0.017849691 0.14711349 -0.06794762 0.015471911 -0.22788401
113 -0.32875326 -0.19554837 -0.03705589 0.055013444 0.08689625 0.33937022 0.30482432 -0.08418894 -0.0589557 0.12370181 0.09578276 -0.013131952 -0.18552649 -0.25543663 0.42251202 0.21546784 -0.10832873 -0.2410197 -0.14484122 -0.17821047 0.3083435 0.36340034 -0.017660886 -0.27109262 -0.32579994 -0.062176697 -0.24592297 -0.0352102 0.11476308 -0.11493208 0.02495457 -0.17428945
15 -0.32857952 0.052617077 -0.09557011 -0.08896308 -0.110699244 0.31281018 0.11619125 -0.26275256 -0.15201376 0.18211997 -0.06197579 -0.18438801 -0.067096144 -0.33120722 0.4408597 0.19255754 -0.12404938 -0.14715053 -0.04801869 -0.2616728 0.46377718 0.14699155 0.23391968 -0.2125353 0.011667354 -0.28076106 -0.19978055 -0.11292665 0.27187222 -0.19463632 -0.033622943 -0.18276633
43 -0.31746182 0.021754075 -0.15409054 -0.058537368 -0.05463047 0.27999792 0.054186553 -0.23852502 -0.20839281 0.23228727 0.006195809 -0.19624293 -0.0081672 -0.2828848 0.48121932 0.18116103 -0.13546121 -0.15266863 -0.05397606 -0.2470137 0.44783288 0.1647665 0.24121533 -0.22259499 -0.021085234 -0.29072964 -0.27117667 -0.030298578 0.20331778 -0.14492056 -0.024696456 -0.19302893
9 -0.35101515 -0.23281306 -0.09030467 0.06489228 0.07305802 0.37773633 0.3467152 -0.07733607 -0.0385294 0.11662957 0.17829117 -0.028294578 -0.23905464 -0.19476163 0.38749555 0.21149571 -0.102416545 -0.1828488 -0.11868265 -0.17497015 0.32808656 0.44975317 -0.026006656 -0.22586928 -0.39079344 -0.035110284 -0.31032336 -0.0068564867 0.12749414 -0.12137252 0.058612358 -0.226039
94 -0.29539642 0.095189124 -0.084499694 -0.022785038 -0.086008936 0.3195874 0.17116822 -0.25558344 -0.16246502 0.18872447 -0.04560492 -0.1603055 -0.06276989 -0.35813114 0.41275644 0.2377576 -0.11427782 -0.16151226 -0.0695199 -0.2635955 0.49107483 0.17765345 0.11965084 -0.17856932 -0.06607544 -0.17058404 -0.20779282 -0.11831812 0.23953897 -0.2586879 -0.009563923 -0.24055758
106 -0.3292346 -0.10499414 -0.13830654 0.011025209 -0.06289167 0.41424093 0.31401438 -0.18360423 -0.10341273 0.11860124 0.109814525 -0.11328301 -0.2001024 -0.2687755 0.3848711 0.286948 -0.0995687 -0.17565466 -0.03337939 -0.24123158 0.37595317 0.28741318 0.018085781 -0.15880123 -0.2639818 -0.14206067 -0.27893403 -0.05397053 0.19670084 -0.15153551 0.080321305 -0.21747021
107 -0.315155 -0.12231888 -0.05269573 0.07220585 0.078912295 0.3561292 0.29869604 -0.12975967 -0.12118082 0.09290126 0.061081257 -0.042256057 -0.20181029 -0.25711125 0.39545402 0.19421697 -0.08822697 -0.1984866 -0.12704062 -0.17046058 0.358244 0.3566549 -0.035010714 -0.2785494 -0.28319007 -0.09476796 -0.25830108 -0.053351115 0.16663124 -0.11485329 0.04064691 -0.22594167
72 -0.31750396 -0.27093458 -0.06076037 0.083887674 0.086705185 0.3898587 0.31792575 -0.08501419 0.0036588863 0.0923447 0.15460421 -0.016307946 -0.24098893 -0.19301458 0.44049913 0.21817812 -0.08661036 -0.21439897 -0.102816276 -0.14714721 0.30810082 0.35135117 0.010072822 -0.2781282 -0.33190107 -0.14198707 -0.25731677 -0.055341396 0.20540367 -0.109698504 0.043022905 -0.17985299
80 -0.28843215 -0.10598465 -0.10334085 0.10971881 0.09272609 0.39659554 0.3359899 -0.15201059 -0.098785184 0.112564296 0.09166337 -0.053717263 -0.16938615 -0.26832533 0.39985994 0.25579074 -0.11749134 -0.18796656 -0.04609631 -0.21132372 0.3165004 0.38774896 -0.035675213 -0.2022011 -0.38722917 -0.012238526 -0.23990634 -0.03181668 0.1861299 -0.22666965 0.096385375 -0.21406373
81 -0.331522 0.06370185 -0.030915197 0.12355115 0.23229375 0.22403681 0.14397928 -0.12936765 -0.23795536 0.23628387 -0.011109767 -0.07196166 0.0015297628 -0.2948595 0.53713566 0.09468789 -0.13243118 -0.26135713 -0.15467061 -0.16442351 0.34060055 0.30383104 0.04129532 -0.32552123 -0.165565 -0.05203583 -0.1486248 0.010392226 0.04083572 -0.20025033 -0.15242268 -0.18976538
41 -0.38467607 -0.23138781 -0.10769813 -0.0060194056 -0.025547968 0.28391927 0.08245558 -0.09727235 0.0027966616 0.20778932 0.072741844 -0.097631015 -0.10004904 -0.18650715 0.5184324 0.13369146 -0.10518041 -0.16327283 -0.14323251 -0.1542555 0.33635256 0.2728956 0.23295 -0.32183006 -0.010117793 -0.34796497 -0.22706358 0.021378532 0.17391197 0.04173779 -0.1430348 -0.15578927
60 -0.3389626 -0.08761843 -0.09448599 0.051694833 0.106091216 0.23457971 0.16620521 -0.16972336 -0.118547104 0.20339791 -0.0069949417 -0.033589426 -0.09689078 -0.2458381 0.499127 0.12155229 -0.093320526 -0.21255168 -0.1228608 -0.14942352 0.34665033 0.3044243 0.07490082 -0.283591 -0.11631004 -0.17265236 -0.20091619 -0.0547293 0.17138728 -0.1331366 -0.08553961 -0.17312324
90 -0.34005705 -0.15873088 -0.069231465 0.050194334 0.052670367 0.29602915 0.16492361 -0.07316784 -0.07439688 0.17927788 0.07798623 -0.05615966 -0.10991884 -0.21963291 0.46697396 0.18492189 -0.08367776 -0.19718024 -0.14746079 -0.12853286 0.37009922 0.3120383 0.062501825 -0.334509 -0.14565617 -0.17735441 -0.22591704 -0.022857016 0.13011162 -0.08986321 -0.079061896 -0.19162157
30 -0.34574288 -0.25002 -0.09623511 0.034287363 0.028233247 0.28861025 0.11407275 -0.09426074 -0.03677802 0.20796163 0.04101877 -0.058047336 -0.12661107 -0.20357554 0.47535166 0.14414017 -0.11789493 -0.19094819 -0.14446427 -0.12926449 0.35250032 0.30639422 0.15395743 -0.34061348 -0.04726031 -0.25022778 -0.24988301 0.012101501 0.13946693 0.0018579314 -0.1152113 -0.16170211
13 -0.34023216 0.05868567 -0.07297829 -0.030030794 -0.05426807 0.2697645 0.089790896 -0.2686692 -0.22814119 0.22832489 -0.007033296 -0.18503863 0.013920565 -0.30452338 0.48915786 0.1358786 -0.12523201 -0.19215712 -0.07274763 -0.22586371 0.4227245 0.15432104 0.29827803 -0.19489832 -0.024184361 -0.3212915 -0.19184987 -0.052062623 0.19548866 -0.19259939 -0.06825994 -0.15692142
76 -0.3914497 -0.22491029 -0.110981666 -0.062321335 -0.08116417 0.27423552 0.08847631 -0.08514668 -0.036881045 0.23023789 -0.0010330784 -0.08973998 -0.13703597 -0.18575785 0.48219356 0.17472084 -0.10408792 -0.15897389 -0.15183654 -0.13902816 0.38847813 0.24241804 0.2301643 -0.35868183 0.031909455 -0.35136768 -0.25886372 -0.049940713 0.19029033 0.050080597 -0.14530633 -0.13961805
125 -0.3532132 -0.20615207 -0.056686852 0.0751037 0.033637818 0.34827664 0.37309915 -0.1265589 -0.09608029 0.07882352 0.11614778 -0.018168755 -0.22651619 -0.19591478 0.38953775 0.26105142 -0.06768445 -0.16324277 -0.05520001 -0.14344181 0.38632503 0.3714202 0.008730279 -0.2333344 -0.34269103 -0.10698636 -0.3024803 -0.104538724 0.22883752 -0.15707825 0.0969744 -0.19606982
89 -0.29307252 -0.25343427 -0.09305605 0.079233654 0.05446368 0.37297773 0.29637712 -0.10761968 -0.09129205 0.10570637 0.11313202 -0.008386747 -0.21477057 -0.24701066 0.4217882 0.15722188 -0.10677194 -0.2548229 -0.07715948 -0.17190483 0.28658864 0.39500582 0.01940477 -0.23762852 -0.32260782 -0.13288824 -0.2740605 -0.008233584 0.17694695 -0.057590913 0.06327657 -0.19249003
105 -0.38466695 -0.3549237 -0.06498222 -0.04517988 -0.029066823 0.30210626 0.08913015 -0.030644145 0.02519118 0.19087428 0.10112026 -0.054814197 -0.17221719 -0.15281425 0.49188602 0.14165449 -0.10581727 -0.148996 -0.14619324 -0.1179932 0.35795668 0.30838752 0.24034505 -0.3771648 -0.017125467 -0.3296943 -0.28805125 0.021715406 0.17850623 0.083201624 -0.094057135 -0.1290717
8 -0.29610056 0.001595869 -0.10969611 -0.015796982 -0.08234178 0.25799114 0.051422954 -0.22865064 -0.1435483 0.23997773 -0.016116377 -0.14896245 -0.041132774 -0.31504646 0.5314034 0.16680534 -0.13890667 -0.17296514 -0.084004976 -0.21514899 0.45298254 0.14491275 0.27248478 -0.24866445 0.07003048 -0.31330156 -0.19441175 -0.06031834 0.23969562 -0.13745153 -0.06747027 -0.17724119
114 -0.31694466 0.055496406 -0.11955107 -0.02360645 -0.09932849 0.33006474 0.14553529 -0.2557594 -0.19607057 0.18821573 -0.038712565 -0.17325531 -0.048019525 -0.32980397 0.4402483 0.1854676 -0.0970523 -0.13292992 -0.012050355 -0.25455114 0.46407917 0.18266639 0.20382899 -0.17641284 -0.0804702 -0.26333648 -0.19958907 -0.09143464 0.26397836 -0.19742638 -0.010027787 -0.20728986
95 -0.32571858 -0.22324988 -0.08867977 0.040781315 -0.06867937 0.3745721 0.2863084 -0.14719447 -0.049443446 0.09178991 0.11840906 -0.07994224 -0.20935123 -0.23872939 0.4172478 0.22684485 -0.087333396 -0.16657743 -0.04800545 -0.17717959 0.35709617 0.31097776 0.12858826 -0.19414766 -0.26324537 -0.2351006 -0.28779098 -0.04669738 0.25609273 -0.09110621 0.09236181 -0.1603407
5 -0.35109127 -0.045947235 0.004244416 0.19277342 0.3679755 0.15214632 0.08476078 -0.04349895 -0.21101382 0.3720796 -0.03218297 -0.0053239935 0.09112319 -0.22610699 0.6057994 -0.011981866 -0.14869243 -0.3124293 -0.26393414 -0.04130155 0.25194666 0.36343446 0.030084023 -0.47966683 -0.14138223 -0.037128605 -0.06702865 0.082608804 -0.058758993 -0.18087296 -0.31140405 -0.21311149
28 -0.32516837 0.0062880595 0.027587337 0.10847721 0.27876148 0.14912486 0.09608702 -0.13051373 -0.20332116 0.31241602 -0.041842494 0.012324721 0.024965378 -0.23921096 0.61276865 0.034739424 -0.13674417 -0.24233723 -0.20786792 -0.109255835 0.34880865 0.29855376 0.041063186 -0.40310958 -0.06655356 -0.02159486 -0.10834927 -0.00929792 0.042831905 -0.25665912 -0.23534498 -0.23184295
122 -0.3074311 -0.034726296 -0.06421424 0.044351142 0.07654317 0.2778636 0.09002264 -0.18549967 -0.14898248 0.24889119 0.008676988 -0.08685255 -0.0437749 -0.24596427 0.4941371 0.114457816 -0.10714185 -0.21552777 -0.141514 -0.19805676 0.35602248 0.20844111 0.18335931 -0.3029505 -0.07097817 -0.20563017 -0.2041333 -0.0006445251 0.15113957 -0.111973815 -0.10646602 -0.18870643
120 -0.37050852 -0.2632411 -0.11328408 -0.009095531 0.012703996 0.29502466 0.0872567 -0.038491815 0.008545345 0.23381169 0.037551202 -0.053094506 -0.12793037 -0.15840311 0.50431085 0.12985824 -0.118229315 -0.1615921 -0.20680568 -0.13894138 0.35048798 0.3084885 0.1881864 -0.38940233 0.025709087 -0.28398123 -0.24099171 0.0024795409 0.12602806 0.058064897 -0.14842919 -0.15121235
16 -0.37176117 -0.26844662 -0.10154602 0.07948705 0.011920229 0.40606272 0.42969242 -0.13636455 -0.046270754 0.037005886 0.1536296 0.027976211 -0.31176057 -0.18705942 0.32471463 0.2624447 -0.097001 -0.16122024 -0.05884687 -0.1712942 0.32786515 0.4410381 -0.07817813 -0.2435705 -0.39089936 -0.051821653 -0.3020167 -0.07752107 0.23855111 -0.14020558 0.14966704 -0.19505262
11 -0.4007565 -0.3277979 -0.086546905 0.0058244537 0.041339625 0.29211718 0.10836358 -8.668842e-05 0.042287946 0.21233357 0.0907638 -0.04144803 -0.1773659 -0.13017459 0.5169709 0.14798714 -0.12514907 -0.154513 -0.22833185 -0.092537604 0.32565627 0.3270919 0.13005863 -0.4129042 -0.0046518287 -0.30176523 -0.27406496 -0.005078379 0.14673564 0.05783247 -0.16910961 -0.123607755
85 -0.39100915 -0.27491403 -0.07344734 0.04754952 0.08935013 0.2666766 0.083397254 -0.0031911193 0.0054661892 0.24438763 0.06254822 -0.064303495 -0.09816026 -0.17587005 0.5116126 0.14885181 -0.103718735 -0.17904034 -0.21046998 -0.10855696 0.33658916 0.31426838 0.123756856 -0.41790044 -0.04167626 -0.226696 -0.22261886 0.014705819 0.13152513 0.018333482 -0.21446317 -0.16741547
4 -0.3401268 -0.21075466 -0.05901802 0.032699764 0.082304984 0.26357663 0.053322725 -0.10390151 -0.06577363 0.27120844 0.07936884 -0.056290455 -0.07291263 -0.15131418 0.5593538 0.09835665 -0.107176736 -0.20402524 -0.17828263 -0.13211878 0.3151281 0.2685398 0.23457244 -0.3820496 -0.0039970726 -0.26717606 -0.22206178 0.035530787 0.09295941 0.0110104615 -0.15906057 -0.15131071
66 -0.31956175 0.0850037 -0.08449388 -0.05663664 -0.08570298 0.2670211 0.10444371 -0.217219 -0.18265577 0.2124455 -0.07254115 -0.1646324 -0.007175297 -0.33996788 0.51354146 0.18228196 -0.11861654 -0.1614861 -0.07861897 -0.23353028 0.4417565 0.143859 0.22051947 -0.203111 0.0154989995 -0.28111568 -0.14726798 -0.057931848 0.19868265 -0.21933073 -0.07852974 -0.21837829
47 -0.32141256 0.029172156 -0.1404456 -0.014076082 -0.03913079 0.28010496 0.041843615 -0.221371 -0.20295432 0.24969594 -0.0105028665 -0.17722557 0.03177659 -0.2687517 0.53911936 0.1469567 -0.111761376 -0.17933156 -0.06860328 -0.19205914 0.42153612 0.15206535 0.25158128 -0.24843723 0.007368591 -0.28056154 -0.18684681 -0.027187007 0.1683067 -0.1359415 -0.11942068 -0.17158818
53 -0.29427847 -0.17918545 -0.048404057 0.11599835 0.093378894 0.33929005 0.3373576 -0.072599195 -0.083597206 0.11836298 0.08264302 -0.026051924 -0.23949467 -0.21871425 0.44184375 0.23094074 -0.08584146 -0.20142847 -0.10747155 -0.14628577 0.3471754 0.3961881 -0.021139087 -0.24653065 -0.3108731 -0.03171876 -0.27493283 -0.068613194 0.17184427 -0.16000713 0.012652293 -0.1953457
2 -0.37154067 -0.06296059 0.005747368 0.09506681 0.2559031 0.14474447 0.04140129 -0.112606406 -0.24357817 0.30266115 -0.04030152 -0.025695432 0.05617459 -0.17834641 0.59536976 0.01881162 -0.12293984 -0.22987285 -0.19061688 -0.08652013 0.33746395 0.29013556 0.14309251 -0.44127467 -0.066148415 -0.117407456 -0.14998168 0.03067615 0.029075222 -0.12927696 -0.2521259 -0.21810444
31 -0.3514332 -0.28671962 -0.11173866 -0.044390276 -0.06997802 0.30731586 0.01936855 -0.10186268 0.042440586 0.25580668 0.08801783 -0.10180969 -0.1264267 -0.1758888 0.53633785 0.11845192 -0.13317007 -0.15377447 -0.2066674 -0.12759717 0.3494718 0.2690756 0.2989519 -0.34539342 0.088416494 -0.37335125 -0.26784208 0.025076032 0.1498972 0.0944113 -0.14838432 -0.15523607
10 -0.3663708 -0.24149238 -0.08186138 0.053828508 0.0789109 0.35763156 0.23876408 -0.092161804 -0.06942384 0.16459659 0.0736036 -0.053184487 -0.13242918 -0.14940287 0.46243516 0.177817 -0.08525521 -0.16381583 -0.122745775 -0.12807277 0.3583993 0.3449645 0.08217805 -0.30729556 -0.17564072 -0.17104228 -0.22553983 -0.008861028 0.14078219 -0.05050138 -0.08623903 -0.19234847
63 -0.4054691 -0.1977722 -0.04519698 0.0118305115 0.055927895 0.29706186 0.15189785 -0.038894214 -0.026939416 0.219368 0.005074785 -0.029227555 -0.10976205 -0.20672217 0.4759147 0.12583058 -0.12554432 -0.16791472 -0.22444652 -0.147345 0.34391925 0.32733086 0.05456095 -0.4061714 -0.06870628 -0.1822429 -0.20142436 -0.030408852 0.08187576 -0.0070067854 -0.17491513 -0.18936053
38 -0.34607908 -0.22269517 -0.07323949 0.07042646 0.06960343 0.33733118 0.23489319 -0.06605938 -0.012268759 0.16516994 0.11370429 -0.024373824 -0.15094349 -0.25895542 0.4476908 0.19926405 -0.09276087 -0.21163893 -0.12161315 -0.14000064 0.30447364 0.35758698 0.019418232 -0.30004972 -0.25442475 -0.121892564 -0.21880662 0.0073297564 0.17558484 -0.11042347 -0.0174704 -0.20058095
37 -0.32846013 -0.05021141 -0.11561947 -0.048697013 -0.13006304 0.32914248 0.20251042 -0.16802014 -0.121638864 0.19574812 0.0051353076 -0.15608889 -0.14409629 -0.24981098 0.46555796 0.24073482 -0.085481964 -0.10512032 -0.04335536 -0.20527245 0.4715132 0.19096959 0.21756528 -0.18751818 -0.07769007 -0.30694294 -0.24820606 -0.07804936 0.2512758 -0.14072348 -0.0120457485 -0.17005612
55 -0.31536135 0.014919946 -0.072957635 0.054310355 0.105762884 0.2615119 0.08360369 -0.1750338 -0.22381876 0.27435988 -0.047018398 -0.08692436 -0.01437923 -0.2705581 0.5000447 0.10756308 -0.13039458 -0.2411079 -0.09782172 -0.18260555 0.356626 0.22387065 0.17950879 -0.31285697 -0.079293564 -0.19418646 -0.16976956 0.018583262 0.13148826 -0.15142235 -0.15750898 -0.19313598
64 -0.36513713 -0.10601271 -0.1070842 -0.06023765 -0.08839953 0.3782508 0.18131834 -0.22395645 -0.091958016 0.15695502 0.059554547 -0.148461 -0.14390473 -0.21655564 0.43512437 0.2109029 -0.0814389 -0.11535141 -0.05669795 -0.18779114 0.42376977 0.22957845 0.24644518 -0.20123391 -0.037100606 -0.31600362 -0.23772466 -0.06676103 0.28099146 -0.09936528 -0.017123258 -0.16809556
79 -0.36230406 -0.14224553 -0.0063323244 0.099401064 0.2744942 0.17782927 0.1354337 -0.07710296 -0.20430264 0.3029327 0.020964835 -0.0028500138 -0.011044712 -0.19441158 0.5379288 -0.007453814 -0.13649787 -0.29605132 -0.24062438 -0.0988522 0.28072965 0.38010904 0.05660077 -0.44623455 -0.11216104 -0.07427245 -0.1718537 0.073681496 0.005367117 -0.0779937 -0.21278013 -0.19904697
127 -0.27215812 -0.0010695527 -0.0038821865 0.12359527 0.17611237 0.26525602 0.19402337 -0.16882706 -0.26225033 0.21832916 0.018989619 -0.06854546 -0.0023844603 -0.2717266 0.4823305 0.09031889 -0.12722582 -0.24576035 -0.1283405 -0.15475512 0.34732363 0.25690702 0.10277461 -0.31141236 -0.20084748 -0.107694626 -0.18316591 -0.010044378 0.11663264 -0.14076465 -0.10021301 -0.20515497
87 -0.32096693 -0.05470566 -0.020221315 0.005052264 0.05774279 0.28584772 0.111503795 -0.20060353 -0.13959087 0.18176737 0.034509804 -0.09127611 -0.04445805 -0.2930052 0.5215245 0.11281594 -0.10017535 -0.20521177 -0.11675707 -0.1958926 0.3774884 0.27795258 0.20752524 -0.26201695 -0.06199354 -0.20728987 -0.1830123 -0.039604507 0.15690577 -0.13808195 -0.06641741 -0.18272577
48 -0.34959534 -0.23282623 -0.08285621 0.1098727 0.066380136 0.3482051 0.34820375 -0.0771331 -0.035819 0.0963672 0.10993391 -0.026598684 -0.24109079 -0.2326651 0.39802805 0.20913716 -0.07198719 -0.20407315 -0.1314196 -0.13689217 0.31440067 0.4132259 -0.049076147 -0.26114792 -0.3178661 -0.07807075 -0.2676288 -0.043755002 0.17133932 -0.13062553 0.03360695 -0.21179022
34 -0.3303584 0.0059580295 -0.029969098 0.13490848 0.22027192 0.18467046 0.11167713 -0.13407496 -0.21679097 0.27082068 -0.02660685 -0.003475998 0.053419694 -0.30260104 0.56695104 0.035449926 -0.13194415 -0.30390763 -0.18359636 -0.11645277 0.27467534 0.31028298 0.013022599 -0.363561 -0.16089073 -0.06446697 -0.14800926 0.037057932 0.0042032544 -0.16681606 -0.19242239 -0.18904798
45 -0.2945914 -0.071494065 -0.05720388 0.10480216 0.06741625 0.33512494 0.27777472 -0.12224628 -0.15281764 0.10752048 0.081266984 -0.04139638 -0.1215428 -0.32995832 0.41903442 0.20388591 -0.10263454 -0.23214166 -0.10059569 -0.18441744 0.36199406 0.33774465 -0.03656525 -0.24406932 -0.30555177 -0.061119404 -0.22430675 -0.034819618 0.16681336 -0.18798791 0.051652104 -0.24356411
104 -0.3527599 0.023677219 -0.099959314 -0.024818134 -0.02574651 0.26058415 0.045439195 -0.23889704 -0.19904746 0.2372795 -0.0096588945 -0.1728986 0.01385096 -0.2647693 0.48981887 0.15996301 -0.13182321 -0.13169049 -0.07944805 -0.22336224 0.46634525 0.18082485 0.24864924 -0.2801099 0.022401325 -0.27396566 -0.18017054 -0.015240208 0.18959054 -0.13307445 -0.11107242 -0.18251602
102 -0.34108865 -0.1531724 -0.09446165 0.06955084 0.0646482 0.3785107 0.31888098 -0.17949772 -0.088730834 0.092070095 0.11525557 -0.045480534 -0.2192869 -0.229284 0.3843492 0.21062529 -0.0955057 -0.15670328 -0.06204165 -0.20808044 0.3756634 0.37361005 -0.008254569 -0.2174228 -0.31708702 -0.09513905 -0.26533473 -0.04757823 0.20869699 -0.14082727 0.075503476 -0.20188858
49 -0.34164712 -0.12557152 -0.020355541 0.089095876 0.10677272 0.31166926 0.35892588 -0.10563348 -0.10069723 0.080537975 0.06381777 -0.0064895703 -0.23743063 -0.2177888 0.40110913 0.22574624 -0.05982786 -0.20194252 -0.12547792 -0.14761078 0.38489434 0.3398546 -0.044725906 -0.26703212 -0.31900632 -0.052978598 -0.23986554 -0.09241744 0.21205439 -0.21681148 0.014843773 -0.18163559
91 -0.29727834 0.07408179 0.030069642 0.12394743 0.2924535 0.17994134 0.088167675 -0.16476631 -0.29668555 0.29428566 -0.04909039 -0.011370078 0.078136325 -0.2905098 0.59468085 -0.006260559 -0.155312 -0.29367244 -0.1764656 -0.1632752 0.3141615 0.27278817 0.12335931 -0.38906676 -0.13573083 -0.052420296 -0.123884946 0.07640605 0.008976911 -0.186185 -0.21855006 -0.22681656
26 -0.3396853 -0.28406516 -0.08176502 0.046170812 0.07010454 0.30539376 0.1382741 -0.006353852 0.024084957 0.19888055 0.13615593 -0.025313871 -0.13405105 -0.1696862 0.5237099 0.149426 -0.12489445 -0.19910094 -0.20494857 -0.12957294 0.30505157 0.34627074 0.09992347 -0.36032924 -0.092921846 -0.19109881 -0.24935593 0.018271925 0.10364978 0.01939514 -0.13817373 -0.17013465
83 -0.35327947 -0.12902102 -0.088838324 0.103548095 0.07044775 0.36249724 0.30417472 -0.11597716 -0.12567966 0.09803851 0.0970969 -0.06202271 -0.13385709 -0.29191196 0.40110213 0.19195454 -0.100071274 -0.22081302 -0.11938127 -0.18513012 0.3184004 0.35955766 -0.050831582 -0.24755657 -0.2912105 -0.10081648 -0.25414273 -0.006801918 0.16124222 -0.13416423 0.04699134 -0.24752969
36 -0.35237187 -0.22022785 -0.096700944 0.02833346 0.07368306 0.32534787 0.05502099 -0.07315528 0.029670449 0.24463081 0.09772664 -0.10170539 -0.1164155 -0.17112908 0.51891136 0.119688846 -0.1108461 -0.16499063 -0.20733444 -0.11107512 0.3392471 0.3172729 0.20196137 -0.36438558 -0.0112364525 -0.25323308 -0.21641153 0.022724383 0.1328391 0.042186692 -0.16902538 -0.15752968
18 -0.3673995 -0.111387074 -0.1234866 -0.037077516 -0.048650835 0.29375687 0.11308173 -0.18334809 -0.0654801 0.22687523 0.008701329 -0.15557735 -0.106163315 -0.22429457 0.47382542 0.19499066 -0.076330364 -0.12975906 -0.0776664 -0.14219202 0.4407344 0.21097374 0.2366142 -0.26482537 0.007450828 -0.27917334 -0.18636209 -0.06752555 0.22698286 -0.10123857 -0.11844409 -0.14711975
62 -0.3133347 0.11127722 -0.03686179 0.08383146 0.17636135 0.21683058 0.11821692 -0.18537201 -0.25985017 0.24645002 -0.016667644 -0.08006494 0.09293555 -0.34211636 0.54451644 0.09302724 -0.15248166 -0.2545945 -0.17534603 -0.2094304 0.34315234 0.25898468 0.051077534 -0.27353615 -0.13268203 -0.10196671 -0.14801885 0.03645288 0.02483314 -0.18521821 -0.16361304 -0.21333174
12 -0.31770754 -0.03434552 -0.045523684 0.06345228 0.11228446 0.2323769 0.1706421 -0.17042764 -0.1364521 0.17307846 0.016624223 -0.014729548 -0.032575592 -0.28647983 0.5215771 0.13324793 -0.11672895 -0.21998091 -0.16128 -0.15174311 0.3406957 0.32492065 0.038286805 -0.2703512 -0.18009274 -0.08324972 -0.22186843 -0.051052988 0.09617723 -0.17261307 -0.086987905 -0.2376077
59 -0.322629 -0.0521844 -0.08190075 0.052070823 0.06975168 0.33531848 0.23962577 -0.15518709 -0.1610729 0.16203074 0.05773561 -0.07449762 -0.110633075 -0.30062878 0.42078045 0.18431506 -0.08572339 -0.22939344 -0.13027838 -0.1934596 0.36453775 0.35330737 -0.005828074 -0.2586953 -0.21926516 -0.06717993 -0.21222301 -0.018233994 0.10709071 -0.15966591 0.008282796 -0.21478269
98 -0.32656008 -0.052729774 -0.14794861 -0.12947604 -0.2487593 0.31101227 0.09171098 -0.25300327 -0.10045567 0.20427667 -0.020764427 -0.1878715 -0.13363864 -0.3070937 0.4666401 0.22937861 -0.119020455 -0.105976894 -0.021353807 -0.2516325 0.51295763 0.11221416 0.332499 -0.17620754 0.112924635 -0.4404174 -0.253241 -0.108036354 0.31265077 -0.09562541 -0.03058607 -0.14466119
56 -0.34265622 -0.12500246 -0.11176537 0.045791764 0.04705661 0.37364975 0.38234097 -0.1371087 -0.081847906 0.08098109 0.038948547 -0.056380354 -0.27328768 -0.2831757 0.34198034 0.2206867 -0.06492007 -0.1621038 -0.05287779 -0.20305519 0.39568755 0.37341705 -0.09972385 -0.19955884 -0.2927326 -0.059217166 -0.24967462 -0.11653248 0.22683804 -0.23983657 0.11496139 -0.23975874
51 -0.3252024 -0.10144914 -0.08830329 0.05496846 0.07695892 0.30388632 0.09412621 -0.07423017 -0.07021139 0.23925392 0.03187021 -0.09741017 -0.060729172 -0.24401261 0.5379541 0.104399025 -0.119701065 -0.23431677 -0.16480881 -0.1371833 0.32704785 0.30892664 0.1092736 -0.34626794 -0.089770176 -0.1942193 -0.15881535 0.024538325 0.062016595 -0.095874816 -0.17768511 -0.16208129
70 -0.33168498 -0.21652518 -0.13765231 0.13541827 0.120913126 0.36834276 0.40917966 -0.09513594 -0.057069436 0.055464953 0.15185265 -0.040820673 -0.26959386 -0.24291743 0.36801872 0.24082707 -0.10282608 -0.1806116 -0.089661285 -0.1310543 0.31845564 0.4394415 -0.08662255 -0.23144288 -0.39987144 -0.048617255 -0.26948985 -0.032559384 0.17301807 -0.16165595 0.068328835 -0.20998013
52 -0.3319651 0.1386787 0.004797382 0.1625606 0.3635734 0.11736569 0.06493086 -0.13914546 -0.27795386 0.38231042 -0.11520816 -0.050972577 0.16633905 -0.29739013 0.6569586 -0.00076583994 -0.12591697 -0.29408705 -0.23671682 -0.12000309 0.31223777 0.27230254 0.04950219 -0.4002592 -0.04942404 -0.042370405 -0.016924705 0.051572114 -0.06534582 -0.2646662 -0.31761724 -0.23550588
110 -0.35138363 -0.22384901 -0.09874298 -0.0040885033 -0.02588446 0.33448616 0.13635506 -0.048254754 -0.010316679 0.20121385 0.055329468 -0.116477445 -0.17396781 -0.19160807 0.49674407 0.19319363 -0.108331375 -0.18259275 -0.12760551 -0.14064261 0.4040835 0.23477827 0.19747257 -0.3063582 -0.051246736 -0.28800887 -0.22233741 -0.05171018 0.20735793 -0.009043815 -0.109066814 -0.13961883
100 -0.31170428 -0.06188448 -0.13165167 0.011051087 -0.021116931 0.25183392 0.039742175 -0.22951758 -0.17316347 0.25361356 0.009574654 -0.14354302 -0.009289971 -0.23433441 0.51286054 0.09700348 -0.13632143 -0.18538807 -0.11079953 -0.182682 0.38154468 0.20507991 0.30265352 -0.28707427 0.022453293 -0.33256263 -0.21435924 0.039083134 0.17933883 -0.04301287 -0.13181002 -0.18603429
1 -0.3536947 -0.23337461 -0.07364436 -0.027558086 0.0045171864 0.27794024 0.05993084 -0.02939808 0.011533704 0.24372211 0.0021959054 -0.11497108 -0.14526708 -0.17915055 0.4986298 0.11226505 -0.1127507 -0.16535427 -0.21461494 -0.10295608 0.37175456 0.28821555 0.2051918 -0.4295825 0.09375188 -0.30734476 -0.20833926 -0.017146587 0.118965365 0.045488283 -0.2228664 -0.16267519
17 -0.2820388 0.08745503 0.055426087 0.20953819 0.35418254 0.1653483 0.21217947 -0.12985194 -0.23950484 0.24079798 -0.02544743 0.05166256 0.03856777 -0.37620816 0.5738877 0.052152444 -0.15293495 -0.3039927 -0.19835673 -0.13563588 0.28894186 0.35724467 -0.13304764 -0.35686547 -0.31210506 0.11535961 -0.10749349 0.020938529 -0.01416229 -0.34590232 -0.09321712 -0.24545647
6 -0.30791396 0.054423627 -0.13507676 -0.13147412 -0.20812821 0.32033128 0.15801752 -0.27057642 -0.17413615 0.2052538 -0.028822904 -0.22796035 -0.11887749 -0.3205227 0.43744653 0.2426512 -0.10041988 -0.11142683 0.004298007 -0.25353807 0.53827727 0.07146099 0.26680562 -0.11346099 0.0060221176 -0.3708369 -0.24778293 -0.15006423 0.357564 -0.21254335 0.03759712 -0.16686097
3 -0.33229536 -0.029848281 0.02469043 0.12578234 0.23199421 0.22395399 0.1668436 -0.103256635 -0.17821401 0.22651474 -0.0021042936 -0.0058333282 0.011946456 -0.31560874 0.5390075 0.07554005 -0.12845951 -0.2833265 -0.18522441 -0.14239508 0.30150583 0.32875052 0.03481937 -0.34994355 -0.18622784 -0.027825687 -0.11942157 -0.0007337718 0.024554871 -0.20304047 -0.12934034 -0.2010006
61 -0.36570436 -0.26579112 -0.12151532 -0.026075657 -0.003549541 0.27806565 0.05120371 -0.086469784 -0.056215536 0.23584302 0.09177039 -0.100135766 -0.13085754 -0.12187227 0.48886746 0.095789835 -0.11419507 -0.19841178 -0.17126703 -0.14192756 0.34886494 0.2833058 0.25099903 -0.35831147 0.021815224 -0.29785547 -0.27307647 0.07521793 0.12904963 0.08631939 -0.14761534 -0.1937533
46 -0.2878564 0.06743767 0.04076659 0.1340471 0.2636489 0.16330937 0.092939235 -0.12411474 -0.23399755 0.29456306 -0.03964346 -0.02666673 0.05996024 -0.3436815 0.59311825 0.04736574 -0.14511448 -0.29375505 -0.21451522 -0.1407116 0.33021477 0.28927213 0.059374437 -0.39219594 -0.10397986 -0.012324234 -0.0783291 0.052916937 -0.0289773 -0.21564482 -0.2069212 -0.22063036
25 -0.33178318 -0.029680742 -0.076995015 -0.030620541 -0.049068917 0.28050053 0.09645911 -0.19362307 -0.11797775 0.2118118 0.00563816 -0.09437623 -0.05869684 -0.29994205 0.46181062 0.1552715 -0.13620837 -0.16800123 -0.09865667 -0.2350635 0.43342012 0.19136237 0.15161341 -0.25792053 -0.048015475 -0.2244506 -0.20506878 -0.042537246 0.1784774 -0.18916626 -0.022356324 -0.19390051
32 -0.3494514 -0.10227331 -0.091164604 -0.05883696 -0.108697 0.28536165 0.0700537 -0.20769317 -0.10077701 0.19476417 0.036482282 -0.1556265 -0.09351479 -0.2489826 0.475514 0.19649604 -0.099160425 -0.117027245 -0.07540906 -0.20887648 0.45685253 0.19116822 0.22474574 -0.24318688 -0.01272037 -0.26347265 -0.24007517 -0.08765846 0.23017617 -0.1378386 -0.03232213 -0.17990306
86 -0.32611278 -0.23147099 -0.051163957 0.092609316 0.0433207 0.39075956 0.36775663 -0.05956251 -0.044872638 0.07156061 0.14675276 -0.0068498775 -0.23819417 -0.27247924 0.38053307 0.23418288 -0.117778406 -0.21813779 -0.098391056 -0.1641842 0.30922207 0.4157167 -0.051326036 -0.22278133 -0.39184082 -0.088137776 -0.29446766 -0.04206034 0.19341056 -0.12817582 0.0771201 -0.19828832
33 -0.36306694 -0.10229227 -0.016831052 0.16267371 0.28547037 0.15135463 0.12666965 -0.081033416 -0.19982637 0.28646037 -0.012593032 -0.0040947893 0.028828757 -0.20481661 0.5681295 0.047008637 -0.10836954 -0.2812907 -0.2407923 -0.059103437 0.32040545 0.3558649 0.026060242 -0.44671392 -0.13352259 -0.032136396 -0.12738754 0.027712459 0.005060882 -0.16513978 -0.24461548 -0.19813336
103 -0.2822329 0.053462524 -0.09719995 -0.057787485 -0.11085826 0.3090635 0.1449573 -0.32083464 -0.21690464 0.20118855 -0.014898834 -0.13980116 -0.08571937 -0.30794802 0.43940035 0.21489346 -0.10802627 -0.16192558 0.0016229346 -0.26398274 0.47566712 0.12030333 0.23378702 -0.16551495 -0.046307594 -0.2485825 -0.2156613 -0.11664902 0.27910066 -0.26922688 0.015112285 -0.20383823
82 -0.3023189 -0.076317996 -0.119437784 -0.06622825 -0.14718154 0.34742188 0.22394401 -0.20857386 -0.088563815 0.13754728 0.04994796 -0.17060181 -0.21125315 -0.29967943 0.39773726 0.29599777 -0.111831434 -0.11481936 -0.004206731 -0.23887493 0.4909785 0.1926638 0.22545806 -0.13294423 -0.09277041 -0.26375785 -0.27067354 -0.12828106 0.30937803 -0.16529673 0.042425703 -0.18235579
116 -0.3692026 -0.19187151 -0.09812575 0.010276043 0.003124329 0.22254269 0.040094756 -0.10207662 -0.038145877 0.25551337 0.02885772 -0.05039726 -0.06294898 -0.19755362 0.5732702 0.12081023 -0.13238023 -0.20013155 -0.22117707 -0.14834565 0.3531344 0.24963365 0.22264712 -0.34934205 0.069218665 -0.28208447 -0.2483976 0.013098338 0.108453855 0.008654643 -0.18105991 -0.1809589
101 -0.339625 -0.033567864 -0.025190955 0.102929726 0.21253183 0.25897765 0.17097665 -0.067316025 -0.14150177 0.2390497 0.0026015728 -0.04817351 0.02334245 -0.30588353 0.56781775 0.12932758 -0.13314617 -0.2592278 -0.21480775 -0.14702687 0.26034665 0.33649752 -0.011355051 -0.35181212 -0.19087648 -0.04512728 -0.13665153 0.052210808 -0.012569579 -0.15490173 -0.15375195 -0.24167497
54 -0.32907492 0.09066211 -0.0167286 0.13846311 0.27615628 0.18711637 0.08705796 -0.15659171 -0.24749292 0.2997169 -0.056788452 -0.07528153 0.11832458 -0.31400794 0.6050172 0.08831603 -0.11131159 -0.29567778 -0.20340526 -0.16603695 0.31597984 0.26747942 0.017904954 -0.35237116 -0.16267103 -0.016632937 -0.07752363 0.045779124 -0.030219996 -0.22906618 -0.20468013 -0.21500255
96 -0.27895355 0.16885856 -0.1322198 -0.01075436 0.0005714233 0.27407542 0.11774635 -0.30189338 -0.27263752 0.21664853 -0.022877354 -0.1841595 0.031805284 -0.3039544 0.51935875 0.19998729 -0.113044776 -0.17702661 -0.01528878 -0.25972426 0.4468791 0.15005079 0.20836234 -0.18241256 -0.018933592 -0.21936533 -0.16320011 -0.08333704 0.19447249 -0.26768583 -0.03262093 -0.1906862
58 -0.32127774 -0.12261756 -0.076945245 0.062792525 0.05684448 0.3823927 0.32383043 -0.13569368 -0.09853641 0.097608775 0.09459528 -0.029497692 -0.18145707 -0.26222128 0.39839312 0.22990726 -0.10451523 -0.18909645 -0.054139376 -0.182587 0.34217003 0.31478179 0.018505773 -0.22393313 -0.31396306 -0.10738936 -0.25095254 -0.06918392 0.20410384 -0.18148762 0.073295385 -0.196527
118 -0.3271473 -0.02787652 -0.10149522 0.031983092 0.027864277 0.2767584 0.121665195 -0.2069969 -0.16077891 0.24361938 -0.026798457 -0.09962563 -0.029314764 -0.28371075 0.49887872 0.1545539 -0.10217505 -0.16580568 -0.117799684 -0.20760024 0.3927393 0.22349037 0.12940791 -0.2812158 -0.0049296566 -0.16483364 -0.15769339 -0.03474235 0.15994756 -0.16520528 -0.082415044 -0.1964948
71 -0.31932017 -0.24560322 -0.10265048 -0.069939785 -0.098167546 0.37705866 0.2137952 -0.14838582 -0.029317422 0.15593943 0.09018517 -0.1151567 -0.22782767 -0.21753049 0.43745655 0.22056167 -0.106580436 -0.12534092 -0.075388394 -0.18384242 0.39928997 0.2856804 0.22809276 -0.22721766 -0.077544235 -0.2855621 -0.30589983 -0.038406108 0.22451651 -0.029995935 0.0025351415 -0.16358118
69 -0.29735678 0.08543902 -0.11982586 -0.07540141 -0.1414141 0.2895025 0.10795677 -0.27944654 -0.1923571 0.2144919 -0.058596566 -0.20796132 -0.074435644 -0.3386585 0.436077 0.20656802 -0.11702719 -0.15887071 -0.032457467 -0.25946972 0.51113296 0.14044383 0.2916454 -0.16311237 0.025131708 -0.30927238 -0.23842624 -0.094732754 0.2797807 -0.18457133 -0.031448755 -0.1961403
14 -0.3086514 0.12840885 -0.044816922 0.10007945 0.16481844 0.2082208 0.07256114 -0.20575748 -0.2819927 0.29063645 -0.060271602 -0.12209108 0.09296525 -0.29742464 0.59033066 0.10361326 -0.09840056 -0.23551926 -0.14250728 -0.19290204 0.39445385 0.18835282 0.1465482 -0.31255832 -0.07282258 -0.09773386 -0.11920693 0.018507494 0.081150174 -0.22304653 -0.15597235 -0.18445283
117 -0.31065583 0.1261217 -0.018309621 0.11116294 0.21159904 0.17368732 0.09878337 -0.15626046 -0.2748579 0.29913998 -0.051069636 -0.073942654 0.13818173 -0.3618823 0.6230443 0.055282738 -0.14973746 -0.28147683 -0.19735266 -0.16224821 0.32739937 0.25396922 0.045822237 -0.33065096 -0.103256665 -0.08764123 -0.08746225 0.026895529 0.0043179914 -0.2111907 -0.19206595 -0.25008163
99 -0.37368855 -0.24172218 -0.15066975 -0.036129016 -0.037358537 0.32017475 0.13888913 -0.061937537 -0.006355423 0.1809595 0.016334273 -0.11408931 -0.1973044 -0.20485407 0.42260572 0.16693765 -0.10940617 -0.15886126 -0.16149938 -0.16975994 0.35488445 0.28666073 0.15169007 -0.29760787 0.013473107 -0.28195903 -0.25618064 -0.04854228 0.17937315 0.033937953 -0.09805146 -0.18304816
112 -0.335006 -0.033151876 -0.075383514 -0.0030029025 -0.009387627 0.30235696 0.11583749 -0.20004933 -0.16631185 0.2335032 0.01494085 -0.13806395 -0.066937596 -0.26099497 0.48536706 0.15260313 -0.11371755 -0.13488422 -0.09185368 -0.1850765 0.4455734 0.18943284 0.23325282 -0.28422558 -0.0036511775 -0.2232621 -0.21507405 -0.030422527 0.18621062 -0.13246828 -0.108010754 -0.15352707
88 -0.3098581 0.03688966 -0.012025199 0.09830598 0.14408419 0.22531971 0.19967704 -0.14095359 -0.18282725 0.17926048 -0.023769293 -0.038864423 -0.029332818 -0.38249594 0.48387903 0.15540607 -0.13491048 -0.27312118 -0.1555646 -0.21997668 0.30765542 0.29758286 -0.039101537 -0.2765768 -0.23287003 -0.039047204 -0.14014499 -0.011799736 0.07580192 -0.24828339 -0.046951167 -0.2755493
78 -0.29167518 0.05440041 -0.05699153 0.01611259 0.006788773 0.25465006 0.115104355 -0.20826203 -0.1531532 0.18806298 -0.004333265 -0.10469468 -0.019891819 -0.32668275 0.5218486 0.18184644 -0.14299805 -0.19226591 -0.09347785 -0.22080062 0.43368325 0.19836402 0.15940204 -0.19714573 -0.07220146 -0.18171805 -0.19724514 -0.036084436 0.19030204 -0.22801992 -0.041059345 -0.23223242
20 -0.2906587 -0.087426536 -0.084022954 -0.009626863 -0.11026536 0.35309115 0.16388057 -0.19186367 -0.055983912 0.17328839 0.02602531 -0.13325733 -0.13709109 -0.3103982 0.47167152 0.19281313 -0.098804995 -0.12837179 -0.051408757 -0.20274079 0.44826195 0.25598323 0.22301863 -0.2170726 -0.062862016 -0.26628387 -0.22688954 -0.061135743 0.2185407 -0.11277618 -0.028681427 -0.13870314
35 -0.34832987 -0.2642586 -0.102141716 0.013146958 0.002837653 0.34133944 0.19938305 -0.088600986 0.022045953 0.1234225 0.123070344 -0.03959294 -0.1976161 -0.17449161 0.45725232 0.19390897 -0.12642595 -0.15544541 -0.119830266 -0.13942868 0.33422405 0.347417 0.12230598 -0.32032216 -0.15539782 -0.19207717 -0.27301764 -0.02691814 0.19769055 0.01786081 -0.048812475 -0.1800156
109 -0.32509926 0.03099941 0.048677005 0.13165085 0.27343225 0.1638207 0.065440826 -0.18272002 -0.23921369 0.29198143 -0.04147414 -0.022422016 0.042868212 -0.27531788 0.56724167 0.0135534825 -0.12592657 -0.2596699 -0.16398351 -0.13736 0.3636296 0.27549234 0.14075406 -0.40000382 -0.07308565 -0.08600963 -0.12814008 0.042370282 0.04237471 -0.1902493 -0.21143551 -0.17583473
50 -0.34977734 -0.11183057 -0.08203163 0.025156138 0.102408364 0.28282613 0.085030034 -0.06173674 -0.07450414 0.26481763 0.028466528 -0.07060016 -0.013308851 -0.24797663 0.5261097 0.11181483 -0.118838154 -0.17858429 -0.18199362 -0.14350599 0.34992072 0.27250716 0.0744282 -0.3606455 -0.048035324 -0.2213509 -0.18495968 0.025574876 0.07850541 -0.050312154 -0.18276665 -0.19489184
21 -0.35995457 0.018611219 -0.0195226 0.12239141 0.25510553 0.16541094 0.11949734 -0.0739432 -0.16204348 0.2823363 -0.0340866 -0.038054872 0.08501233 -0.30223894 0.6405605 0.089269035 -0.12634595 -0.25209397 -0.24983358 -0.11330727 0.28606576 0.28346217 0.0011315385 -0.39961046 -0.09136188 -0.038778245 -0.057894118 0.05643101 -0.020550752 -0.21614546 -0.20171241 -0.24188478
74 -0.30533716 -0.09773098 -0.036168866 0.123760544 0.2582648 0.23531078 0.18690985 -0.097288914 -0.119436756 0.27771688 0.011421933 -0.034830797 -0.05088231 -0.2582519 0.5272569 0.0891646 -0.121123195 -0.22493912 -0.21578193 -0.1536213 0.3303725 0.37520608 0.03231106 -0.36715004 -0.1308862 -0.03519727 -0.1606774 0.01049597 0.041788213 -0.13887857 -0.19477634 -0.22055008
119 -0.34705806 -0.18577051 -0.10461572 0.021776738 0.016141027 0.33190784 0.16597602 -0.12991145 -0.119728394 0.18860403 0.07538571 -0.12721889 -0.10427073 -0.16510335 0.47627637 0.17065006 -0.10463205 -0.13148642 -0.11716782 -0.15421638 0.36211622 0.2597735 0.18444087 -0.26935136 -0.11074826 -0.23793404 -0.2150904 -0.02921559 0.18938221 -0.041304827 -0.080406 -0.15771383
42 -0.30559975 -0.22975935 -0.050984044 0.08695384 0.14699845 0.30640122 0.28265235 -0.08279087 -0.05112142 0.14858116 0.13838843 0.01754119 -0.2061109 -0.16213474 0.4780167 0.1878778 -0.12682898 -0.20876081 -0.18585172 -0.12049637 0.27726385 0.42212376 0.004220465 -0.29943937 -0.29309002 -0.031940397 -0.28935125 0.017135546 0.10012741 -0.12671578 -0.02845344 -0.23288412
73 -0.3595874 0.0020581537 0.0032679683 0.17037424 0.37874407 0.16382511 0.15743202 -0.061576758 -0.2140505 0.3066751 -0.04974946 0.006220055 0.0025384228 -0.2621181 0.5608828 0.03961695 -0.12351079 -0.25973114 -0.27113742 -0.07461682 0.30137873 0.37601322 -0.048959006 -0.46545494 -0.17609881 0.04311219 -0.078321956 0.031849083 -0.038769443 -0.22894408 -0.24493907 -0.24529488
19 -0.39129007 -0.31453726 -0.10629704 0.00022296922 -0.004192367 0.32860956 0.12458402 -0.049899116 0.0038317933 0.19590025 0.07464993 -0.11001133 -0.1625337 -0.1088983 0.48705724 0.1768203 -0.104666464 -0.121569045 -0.15044637 -0.09514247 0.36106756 0.30367756 0.16825572 -0.35848275 -0.041159935 -0.28962547 -0.3034216 -0.017222727 0.1578895 0.023226134 -0.10488336 -0.14693622
97 -0.31838372 0.017686175 -0.11955169 -0.10456436 -0.1560288 0.3380091 0.116578534 -0.29059783 -0.19530185 0.21299131 -0.043114275 -0.19631135 -0.04446327 -0.32015824 0.43637645 0.21327108 -0.10095943 -0.12376374 -0.014197131 -0.28505245 0.48204947 0.13253315 0.25672206 -0.18531135 0.0013350535 -0.34226882 -0.23469828 -0.08761443 0.2754907 -0.17791691 -0.0033004158 -0.18833153
57 -0.32883498 -0.11955672 -0.06938493 0.099365145 0.1100932 0.3380536 0.3351554 -0.16008943 -0.17495385 0.107992895 0.046415877 -0.04648292 -0.1784708 -0.25844014 0.3508345 0.15823896 -0.08493787 -0.24102053 -0.0885822 -0.19914924 0.32142478 0.3990993 -0.06317127 -0.21857303 -0.31772307 -0.035204396 -0.23924764 -0.019264156 0.119715944 -0.17012653 0.060693048 -0.24655598
121 -0.34742248 -0.18453431 -0.115775056 -0.07295766 -0.095532395 0.2633815 0.038200323 -0.14956646 -0.021332007 0.25354818 0.019287128 -0.15266964 -0.12713368 -0.19977064 0.4967788 0.18561782 -0.115482256 -0.14439628 -0.10010015 -0.16061029 0.40024152 0.19592273 0.30723703 -0.28819996 0.0860246 -0.36504078 -0.26543546 -0.05386678 0.20755605 -0.010131052 -0.09477649 -0.14429821
7 -0.25998843 0.022620114 -0.105978385 -0.11084069 -0.16154605 0.30764365 0.03145581 -0.26657254 -0.11787221 0.23560108 -0.015714686 -0.18392995 -0.07368204 -0.3369815 0.5098853 0.17741993 -0.14572467 -0.17199336 -0.05833845 -0.23139502 0.43695185 0.1553766 0.34955654 -0.19333075 0.07356389 -0.36054093 -0.22735676 -0.032826178 0.24984054 -0.08731008 -0.089209735 -0.1790275
24 -0.35353053 -0.05491311 -0.059787974 0.0017822735 -0.0070952335 0.2764324 0.105117396 -0.14300631 -0.11202387 0.19795197 -0.020874685 -0.10315931 -0.07789162 -0.27101448 0.486123 0.17555499 -0.09620392 -0.14108753 -0.1177827 -0.20567495 0.42982507 0.2363202 0.17407236 -0.3019507 -0.004202786 -0.2178331 -0.21199802 -0.05046985 0.13890322 -0.14673996 -0.08947029 -0.16735569
111 -0.38695022 -0.3502253 -0.10532434 -0.02342842 -0.020782243 0.32547876 0.1434478 -0.023346487 0.071799986 0.19339897 0.112249725 -0.029266063 -0.20492953 -0.16202676 0.4562208 0.16172598 -0.08150118 -0.1636388 -0.19716842 -0.12631547 0.3705842 0.35253888 0.1122234 -0.34626198 -0.038033567 -0.255798 -0.30014762 -0.02458238 0.16330633 0.057263304 -0.07999591 -0.15422146
68 -0.3052105 0.10404512 0.013898407 0.05055288 0.17875291 0.20739761 0.11530462 -0.16071947 -0.20626283 0.2709328 -0.06486476 -0.077604614 0.024921088 -0.36281514 0.5432271 0.08751198 -0.12780401 -0.22498588 -0.1750474 -0.20766822 0.34292918 0.2703828 0.025459092 -0.34440514 -0.10696676 -0.052002624 -0.08548867 -0.013416398 0.041188728 -0.23768836 -0.14539614 -0.21342912
27 -0.36441347 -0.33694604 -0.12566778 0.022497311 0.0011625261 0.278559 0.07770374 -0.04445875 0.016990233 0.21464898 0.1182353 -0.07545149 -0.13881463 -0.13564314 0.51143986 0.1550552 -0.117614 -0.19382173 -0.22031875 -0.08250534 0.3135833 0.2860632 0.22608934 -0.37462446 -0.005317816 -0.31799448 -0.30276483 0.019037182 0.16406177 0.06266272 -0.14928484 -0.14092267
108 -0.3348727 -0.17318873 -0.02238936 0.04591097 0.159417 0.25434592 0.080487415 -0.06655894 -0.047166646 0.27020907 0.025826149 0.00040024632 -0.07724796 -0.21881521 0.53077585 0.07957424 -0.13154417 -0.19378552 -0.171067 -0.09919624 0.3522839 0.2887878 0.09231067 -0.41371688 -0.07503721 -0.16949092 -0.17706549 0.026485505 0.10533393 -0.08990662 -0.19918716 -0.15001108
115 -0.330877 -0.24826637 -0.078499205 -0.012906649 -0.1242885 0.42213482 0.28044882 -0.17882659 -0.070683844 0.07095287 0.13194022 -0.064524725 -0.22367772 -0.256749 0.35866472 0.2241623 -0.123849936 -0.1710369 -0.04593451 -0.20711514 0.340468 0.3296055 0.13419807 -0.18601072 -0.25620344 -0.258779 -0.31181902 -0.04524741 0.27948833 -0.08145151 0.108124584 -0.17128447
92 -0.3420835 -0.069939874 -0.04487859 0.13007416 0.15324081 0.25590268 0.22613172 -0.13728642 -0.17367856 0.20197973 0.017932875 -0.027206864 -0.07464739 -0.21724616 0.503317 0.12909879 -0.118932106 -0.23130164 -0.13275275 -0.11516056 0.37767068 0.29105875 0.0346767 -0.30958647 -0.2113433 -0.08949821 -0.2041073 -0.044772524 0.13667941 -0.20675288 -0.104196995 -0.18120447
93 -0.3868326 -0.1686669 0.03642721 0.17101817 0.3607923 0.113723055 0.07714136 -0.033408105 -0.12330712 0.32469553 -0.011081067 0.08461623 0.029065745 -0.17008331 0.6422739 -0.011562925 -0.1322532 -0.24654604 -0.2867761 -0.053577546 0.3110608 0.36331937 0.07030077 -0.5262044 -0.07256432 -0.08484778 -0.11366602 0.029107423 -0.022747394 -0.08028887 -0.33351472 -0.19919284
39 -0.34524202 -0.22919488 -0.11263734 0.032376338 -0.025804894 0.3920172 0.40103933 -0.12654938 -0.03264915 0.079586565 0.158233 -0.04536651 -0.27408385 -0.22161727 0.3499174 0.32213503 -0.09566851 -0.17316984 -0.048671428 -0.21530078 0.35869688 0.37620986 0.011742218 -0.14887197 -0.35156792 -0.081583396 -0.30774832 -0.080151446 0.2639285 -0.16112901 0.107580595 -0.21283431
23 -0.37169605 -0.27263224 -0.090217434 0.00328167 -0.016493239 0.354711 0.13714851 0.023713108 0.054374088 0.15755144 0.06812439 -0.060303953 -0.14639719 -0.2096181 0.47959858 0.17349352 -0.07813763 -0.17978872 -0.1826189 -0.09994901 0.3316165 0.33784536 0.049635295 -0.3688221 -0.13116115 -0.25899383 -0.2537251 -0.008576192 0.1386612 0.023107558 -0.11006231 -0.13473326
