128 32
35 0.06476506 -0.17005472 -0.025522672 0.3793383 -0.12375286 -0.08858231 -0.09659912 -0.12096476 0.10084028 0.19401436 0.10926385 -0.15376206 -0.045284268 0.27933276 -0.5412854 0.03188632 -0.12492074 -0.29964176 0.12796347 0.14666282 -0.026884243 0.14983928 0.055013373 -0.1409224 -0.17201726 0.057780176 -0.43565932 0.14767975 -0.14847697 -0.48175764 -0.10789561 -0.020116847
24 -0.14512998 -0.21340004 0.03451683 0.32104978 -0.14273028 0.14669552 -0.09361451 -0.25991306 0.12984145 0.07409474 0.1137863 -0.08569043 -0.004781282 0.15646991 -0.35451773 -0.0034418555 -0.026918972 -0.12634596 0.25763762 -0.11679951 -0.06874995 0.08830421 0.017112155 -0.16334282 -0.19264628 0.11916472 -0.30573863 0.15863304 -0.33696935 -0.68478614 -0.21442467 0.070245124
28 -0.17402358 -0.12929705 0.13208048 0.29954115 -0.054462865 0.076628886 0.030187627 -0.29162487 0.15107086 0.27075437 0.079017565 0.080453604 0.03355368 0.24852768 -0.2450593 -0.07636958 0.039712094 0.18708116 0.3046736 0.007924382 -0.29149258 0.2705356 -0.10421809 -0.4691137 -0.22289434 -0.04398527 -0.52382654 0.05750535 -0.15136927 -0.46689045 0.080431096 0.1440925
68 -0.0736609 -0.13856319 0.11497623 0.32449377 -0.03138007 0.012096116 -0.04054026 -0.2836671 0.12607238 0.2686897 0.054231174 0.09866049 -0.008825814 0.27978268 -0.31385452 0.0008870817 -0.0025215503 0.0792487 0.30470765 0.08855095 -0.27516526 0.22729477 -0.069140226 -0.44347358 -0.25034553 -0.027292239 -0.4999235 0.070062675 -0.19032174 -0.41704744 0.07952073 0.06705958
29 0.011884295 -0.16090114 -0.024569113 0.4119941 -0.18507586 -0.09076288 -0.042646483 -0.09403995 0.077339634 0.21407309 0.16873764 -0.1715516 -0.035806872 0.3211376 -0.4746736 0.015754482 -0.08273399 -0.32589328 0.13382353 0.124029 -0.056697395 0.1779045 0.0631341 -0.13282199 -0.15159538 0.07862858 -0.432549 0.07099311 -0.12550737 -0.5123051 -0.1506448 0.009045229
69 -0.1614455 -0.21016714 0.055312455 0.3045874 -0.113843925 0.038087495 -0.088481456 -0.22419144 0.11548582 0.116012186 0.11693761 -0.14085884 -0.060530186 0.1391258 -0.3803772 0.06566654 0.020044286 -0.24600723 0.23701428 -0.0056558107 -0.08771768 0.18083547 0.013421166 -0.08809115 -0.21152022 0.18355154 -0.40235612 0.10171795 -0.28291327 -0.6016673 -0.21931311 0.021375356
47 -0.10692978 -0.17274646 0.036183503 0.349413 -0.096604265 0.092179395 -0.018760553 -0.20511402 0.1210257 0.16058281 0.08935784 -0.0998501 -0.065657966 0.17748012 -0.37604308 -0.0141910175 -0.015921317 -0.17040673 0.22423832 -0.008501999 -0.09203976 0.15452822 0.020224558 -0.22368029 -0.19743712 0.050109394 -0.3505973 0.09043287 -0.25185353 -0.6201062 -0.18099554 0.05351483
97 -0.08323527 -0.21092372 -0.023458699 0.3226584 -0.15878654 0.02709231 -0.12343629 -0.2209578 0.0876906 0.077697486 0.117685124 -0.13555665 0.018752595 0.24875252 -0.4834814 -0.026467048 -0.05871429 -0.26817134 0.17317455 -0.009050542 -0.030719541 0.110344894 0.06723097 -0.05530097 -0.2148945 0.11979828 -0.33185157 0.21924664 -0.36053142 -0.6572061 -0.21547337 0.02584889
53 0.034934927 -0.03947329 0.10573728 0.44907466 -0.010745333 -0.02695523 0.036160283 -0.17388226 0.08114792 0.34617862 0.12865207 0.067774214 -0.08088624 0.30949637 -0.36476874 -0.057961296 -0.05181499 -0.06473211 0.24276388 0.09029904 -0.23934665 0.31153917 -0.017056962 -0.38000405 -0.1417586 -0.08321436 -0.5545558 -0.0021102803 -0.04131264 -0.34342518 0.04826443 0.10381179
60 -0.13724436 -0.1935775 0.05693119 0.26814124 -0.074682884 0.074871875 -0.094687924 -0.27280945 0.11123056 0.11612145 0.080174744 -0.0074824835 0.0026628785 0.15573695 -0.32112786 -0.013892088 -0.0017213415 -0.118688494 0.29177302 -0.060009323 -0.12771721 0.16278824 -0.004389041 -0.18437795 -0.19316041 0.09853366 -0.38747674 0.16695806 -0.3345063 -0.6037087 -0.14470175 0.03255631
81 -0.1494935 -0.12572128 0.06888654 0.32593936 -0.055964384 0.13160978 0.027042095 -0.3340793 0.12640586 0.18054946 0.056945555 0.08329258 0.08585108 0.20876515 -0.29435328 -0.080997765 -0.01857284 0.19191556 0.32585868 -0.057087783 -0.22601107 0.19375864 -0.06406597 -0.43202826 -0.25825143 -0.038280323 -0.47053376 0.16633362 -0.20544462 -0.5263509 0.03691738 0.13096642
7 -0.13657415 -0.13324419 0.08265053 0.31349435 -0.063072264 0.055560008 -0.04637443 -0.31227323 0.10358398 0.19576694 0.015168713 0.0721117 0.09812569 0.23280773 -0.34200808 -0.074179016 -0.022605866 0.1478554 0.28832415 -0.023404354 -0.22836445 0.16763406 -0.02276271 -0.44027042 -0.27805308 -0.041513477 -0.4235995 0.19706243 -0.23073569 -0.48221597 0.0330695 0.102047205
4 0.004862409 -0.17064776 0.00813843 0.38861758 -0.1460459 -0.18354887 -0.0937067 -0.10963857 0.10419288 0.24457075 0.14730543 -0.15571609 0.005625876 0.35650417 -0.5028965 0.0042123003 -0.13075629 -0.30978924 0.101218045 0.14476202 -0.07920777 0.16460665 0.0761215 -0.10204544 -0.21088958 0.016002672 -0.44221762 0.112262666 -0.16296558 -0.4545261 -0.091625944 0.05125769
62 -0.021267923 -0.17993611 0.019740127 0.34017923 -0.1084469 -0.11244491 -0.074517034 -0.17831326 0.12261159 0.20854828 0.08693413 -0.07483379 0.013830405 0.31902662 -0.45575035 -0.0055257096 -0.06375692 -0.2303876 0.16723187 0.17037266 -0.095945165 0.16930953 0.05238496 -0.1962156 -0.26851872 0.025023011 -0.42178616 0.1409752 -0.20011772 -0.45162636 -0.05541103 -0.011854279
74 -0.07921703 -0.1515745 0.023619533 0.34025642 -0.07580292 0.09297422 -0.05367394 -0.17578895 0.09296699 0.1622291 0.12266468 -0.07814316 -0.096587 0.1911194 -0.36274943 -0.005470834 -0.025005333 -0.22609277 0.23171209 0.008885801 -0.11296492 0.21388257 0.017230876 -0.15587892 -0.19214386 0.07308477 -0.38703597 0.0596741 -0.27496958 -0.59851307 -0.14631768 0.02173552
15 0.071932174 -0.0060324348 0.047641438 0.45561615 0.009799551 -0.047093235 0.021349624 -0.11879553 0.076181985 0.3253883 0.13767304 0.01837382 -0.094341226 0.34693435 -0.40770358 -0.015880758 -0.083130814 -0.1989616 0.19768779 0.09618285 -0.20669286 0.28199643 -0.004012803 -0.33249196 -0.16369203 -0.07364954 -0.5086227 -0.031821772 -0.067340225 -0.3667422 0.002180241 0.051301185
92 0.018124724 -0.07779173 0.05687274 0.44091582 -0.065284155 -0.029813807 0.03303734 -0.100468725 0.0763596 0.30414012 0.1787764 -0.10662908 -0.14167948 0.30294973 -0.4212271 0.0105366465 -0.06920634 -0.25948295 0.17754687 0.102242105 -0.17381042 0.28295302 0.0068370206 -0.2450576 -0.14957537 0.001964942 -0.48023784 -0.069402 -0.08981529 -0.4145195 -0.09856118 0.059244674
58 0.004924375 -0.06261965 0.07908518 0.40751898 -0.061100084 -0.081767075 0.017163673 -0.1084976 0.081170075 0.31774324 0.15404809 -0.04300413 -0.0859445 0.3203506 -0.4385769 -0.014584236 -0.051741254 -0.23449668 0.17244115 0.08860236 -0.21222429 0.2769908 0.031577274 -0.2542346 -0.1897383 0.008450028 -0.48553872 -0.006338143 -0.119006194 -0.41322264 -0.065831244 0.039781045
42 0.036647342 -0.02061345 0.08309278 0.43713057 -0.028236922 0.0015509662 0.08076429 -0.20453116 0.048991922 0.26447403 0.16335878 0.09438084 -0.087674476 0.30587795 -0.37974778 0.00085635344 -0.020904275 -0.07876635 0.24680255 0.03198216 -0.23142649 0.28457728 -0.040140014 -0.42486143 -0.12215879 -0.07272541 -0.51717794 -0.019862609 0.0043020146 -0.37000754 -0.020497981 0.06812896
34 -0.13453391 -0.11698982 0.088015676 0.32775536 -0.03121839 0.09854935 0.008263398 -0.3023476 0.13627224 0.22995217 0.09514904 0.08654189 0.02310783 0.21931438 -0.28538978 -0.058827985 0.00995287 0.1600787 0.30782792 0.007977761 -0.26853836 0.21690963 -0.07976922 -0.47420967 -0.19892724 -0.04570466 -0.46587113 0.08259108 -0.16417335 -0.4637579 0.063549206 0.106759675
38 -0.18187426 -0.124839395 0.072060004 0.2943592 -0.09916418 0.13489008 0.025373483 -0.32838675 0.12812108 0.21505016 0.024883132 0.056106713 0.052929692 0.19000389 -0.32458276 -0.09745128 -0.012393163 0.20043823 0.29283687 0.030855441 -0.23999196 0.21600522 -0.08053165 -0.47367826 -0.24437961 -0.04040841 -0.4161044 0.16522588 -0.23082574 -0.51408076 0.0626948 0.1437747
44 -0.06045734 -0.121354006 0.061647438 0.43123406 -0.10541333 0.0955045 -0.031064745 -0.1281684 0.11126602 0.18810475 0.16142339 -0.12929791 -0.11218519 0.23076147 -0.3861777 0.0074689053 0.0042264867 -0.28230152 0.18723118 -0.010081276 -0.06807124 0.19542648 0.04208608 -0.15124369 -0.16672614 0.07927404 -0.3418443 -0.033939134 -0.19253613 -0.5934274 -0.20870475 0.053722527
56 -0.0880012 -0.14137341 0.097255565 0.32469788 -0.038746398 0.042442564 -0.0008769104 -0.32989842 0.12950274 0.21533832 0.048158206 0.13097246 0.043909352 0.21173975 -0.2996463 -0.032028895 -0.052586306 0.120685674 0.29169467 -0.03440574 -0.23686016 0.21131125 -0.07534597 -0.43240765 -0.23279461 -0.060025062 -0.5015161 0.16673076 -0.22234525 -0.42011902 0.046234723 0.12094987
49 0.067641556 -0.047816314 0.06807789 0.42255437 -0.08813305 -0.084366485 0.036982484 -0.06317888 0.022274768 0.32128784 0.2187011 -0.07202853 -0.1528116 0.3240381 -0.4261807 0.06431369 -0.071404375 -0.36961603 0.1533096 0.12912712 -0.14758693 0.25869268 0.061039012 -0.16989397 -0.1349801 0.04439549 -0.50527346 -0.06715305 -0.09761406 -0.4321718 -0.15333374 0.06556598
37 -0.080449 -0.14579965 0.0263255 0.33361292 -0.11024511 0.027422182 -0.035060123 -0.19526175 0.10106596 0.16008656 0.12350063 -0.1140243 -0.04843833 0.22949725 -0.42107475 -0.039808158 -0.043567102 -0.23787172 0.20307437 0.041957412 -0.13015677 0.17483337 0.03329126 -0.14589804 -0.21566603 0.08542168 -0.39901134 0.09294037 -0.2314838 -0.53348 -0.14358844 0.04281786
45 -0.052033912 -0.15958042 0.010427637 0.37750882 -0.08058134 0.0031636348 -0.042653408 -0.15589346 0.11199077 0.16186644 0.1469344 -0.10317879 -0.094693184 0.19346035 -0.41203 0.021475375 -0.037594713 -0.26454273 0.22431761 0.038994815 -0.13121179 0.20447707 0.03701454 -0.15036915 -0.19580646 0.07421608 -0.40844113 0.10054665 -0.23015954 -0.5721895 -0.18276 -0.0017144136
118 -0.07529754 -0.12952158 0.041947797 0.33008084 -0.12556522 0.11030834 -0.005354568 -0.19956857 0.08881211 0.15428288 0.19525307 -0.10120727 -0.082572676 0.18141177 -0.3738692 0.062707864 -0.042299073 -0.14696033 0.2557477 -0.0062303604 -0.096980646 0.19343077 -0.00017095052 -0.23243804 -0.13418242 0.07551033 -0.3905312 0.03787868 -0.16892916 -0.58915335 -0.22029944 0.048260964
13 -0.13036591 -0.1720745 0.11147536 0.2996795 -0.14866698 -0.012085433 -0.016965255 -0.16813415 0.12781948 0.19021134 0.13197838 -0.10164873 -0.066179544 0.19113137 -0.37439105 0.02028601 0.012031218 -0.26489314 0.17496702 0.03976456 -0.11783102 0.23420717 0.014867549 -0.13669933 -0.20323156 0.073250726 -0.41625768 0.055311013 -0.24580374 -0.5891634 -0.16302544 0.062734
122 -0.10898539 -0.22572596 0.016976457 0.29671016 -0.085495114 0.0070884237 -0.09266082 -0.2692519 0.13201158 0.16028701 0.044468366 0.008650808 0.10954698 0.27261105 -0.37389147 -0.031317115 -0.03369152 0.03966212 0.2518797 0.048327923 -0.20706424 0.15386772 0.008424196 -0.33741415 -0.22709936 0.0027976155 -0.4300562 0.18883318 -0.22953011 -0.4828072 0.009637579 0.06754699
33 -0.1457785 -0.22490773 0.13800316 0.32121736 -0.084224835 0.04554877 -0.056852184 -0.31787795 0.11116526 0.19293764 0.07541905 0.10787373 0.039964605 0.21235427 -0.24992494 -0.015132593 0.02545442 0.13271543 0.31606913 -0.00274591 -0.23149122 0.20618652 -0.02844433 -0.3824244 -0.24850054 6.512311e-05 -0.4903995 0.15629219 -0.23691548 -0.4636998 0.028900975 0.034365464
104 -0.06273199 -0.16976401 -0.0005223894 0.36245424 -0.13738951 -0.05220481 -0.070859455 -0.13377212 0.14961691 0.16754688 0.14705108 -0.22435655 -0.021313684 0.27092502 -0.45931143 -0.015397993 -0.07741158 -0.34536043 0.13080773 0.070034325 -0.06440131 0.16577964 0.06286574 -0.07827882 -0.18781283 0.10216977 -0.37290737 0.10509435 -0.19106516 -0.59074533 -0.21836531 0.0043453444
115 0.013750135 0.03488374 0.050400186 0.41489062 -0.095285 -0.058580257 0.116348535 -0.13964213 0.04892598 0.38075006 0.144849 -0.07506433 -0.14349605 0.31270558 -0.43124974 0.028520633 -0.029270858 -0.22708938 0.19276598 0.11625662 -0.21226503 0.28325126 -0.0012840009 -0.3856033 -0.11749925 -0.0379113 -0.47571075 -0.11180802 0.0320701 -0.41834906 -0.059016973 0.09487961
12 -0.11575201 -0.17269793 0.14771259 0.32257313 -0.036169875 0.09240898 -0.030501263 -0.281037 0.11664726 0.1898149 0.06798134 0.024924442 -0.012243451 0.1771151 -0.27967715 -0.00091150904 0.052670155 0.0009841594 0.28091002 -0.027243325 -0.22942542 0.21730395 -0.052167222 -0.35213596 -0.2470441 0.031708404 -0.4780442 0.070746355 -0.2711726 -0.47609738 -0.029991906 0.020656578
43 -0.097662166 -0.18722616 0.03877537 0.3437048 -0.12587924 0.053806443 -0.09410529 -0.18597089 0.13100567 0.13022766 0.14531618 -0.11353795 -0.097445294 0.20411646 -0.412756 0.013875411 -0.010483606 -0.3150063 0.22367384 0.006757203 -0.08964424 0.16092579 0.075843476 -0.10161679 -0.21706457 0.12548172 -0.394137 0.08319417 -0.2992506 -0.598948 -0.24499047 -0.002914206
85 -0.08831792 -0.13963336 -0.011903698 0.35098928 -0.07624082 0.06482368 -0.06163695 -0.18031336 0.098913416 0.13646631 0.052486237 -0.097586736 -2.8431386e-05 0.25618467 -0.44262382 -0.04435984 -0.041256838 -0.14105104 0.22623947 0.035174303 -0.08556275 0.14213894 0.019396039 -0.20798224 -0.21154097 0.05213233 -0.35728976 0.15092479 -0.22337793 -0.6148516 -0.1281173 0.033280138
8 -0.036683545 -0.22876127 0.020129062 0.317591 -0.12861574 0.023878872 -0.12943554 -0.16789164 0.12798606 0.11602018 0.09702348 -0.16656426 0.020014765 0.22515003 -0.46804082 0.021213133 -0.038947683 -0.29625243 0.1630623 0.039473508 -0.04800075 0.14855336 0.06265278 -0.06497759 -0.209279 0.12805887 -0.36536774 0.16879201 -0.2615732 -0.5807322 -0.22344084 0.015714131
23 -0.06960282 0.025075221 0.0994488 0.3945331 -0.06634199 0.12552738 0.14072126 -0.24757792 0.09545981 0.29237282 0.14521527 0.06299921 -0.11145288 0.2570954 -0.34321597 -0.057300158 -0.013256422 0.060483042 0.27850828 0.0044896943 -0.25413215 0.31010064 -0.105597205 -0.5179009 -0.102170855 -0.11651199 -0.4797832 -0.10869809 -0.045393564 -0.45127785 0.009102471 0.16157173
91 -0.08352467 -0.09879299 0.05532689 0.33715793 -0.07945818 0.14105114 0.0018706035 -0.32112348 0.08817166 0.154156 0.09318178 0.10368087 0.05695733 0.23528136 -0.31809756 -0.09124299 -0.044351917 0.10867373 0.2952535 -0.096890025 -0.19399826 0.17895295 -0.044784535 -0.41779828 -0.21135011 -0.05105907 -0.4451101 0.14217378 -0.23771906 -0.5593534 -0.008080753 0.16311204
111 -0.038282715 -0.22874711 0.025505092 0.34827647 -0.14181708 -0.14634062 -0.13339813 -0.15831074 0.11989904 0.18033165 0.036580965 -0.13047886 0.079474784 0.32427463 -0.45680186 -0.024502963 -0.05828338 -0.26763275 0.15009813 0.1203273 -0.09475467 0.11395433 0.08227349 -0.11506065 -0.2807048 0.04464455 -0.406859 0.17328338 -0.2265845 -0.5006234 -0.08161895 0.006911457
36 -0.10911522 -0.1866343 0.1146019 0.3058779 -0.033411957 0.03912908 -0.015657369 -0.27647933 0.12973085 0.2258161 0.07535349 0.089023046 0.067614645 0.21436188 -0.23613185 -0.029211216 0.015885463 0.06885332 0.27661222 -0.01747054 -0.29118523 0.22742161 -0.05990976 -0.38149196 -0.23042631 -0.028296458 -0.4914737 0.1200142 -0.22213632 -0.45760822 0.03604678 0.08148322
90 -0.041085366 -0.21530876 0.009997018 0.35315943 -0.14422481 -0.071400054 -0.109152146 -0.12894274 0.1502196 0.14709058 0.13590798 -0.19815443 -0.055424675 0.25189433 -0.49155846 -0.00027712266 -0.0661262 -0.4152501 0.13452412 0.077488005 -0.022563297 0.15358876 0.088847205 0.0018809035 -0.2137267 0.080383144 -0.38900286 0.15590839 -0.23086776 -0.58638376 -0.19691755 -0.028923305
48 0.007671007 -0.07330149 0.06206429 0.3602904 -0.09564049 -0.04879538 -0.0076535367 -0.2267942 0.06536485 0.29835808 0.10738856 0.036853112 0.027952991 0.33115107 -0.39744815 -0.050305277 -0.041693553 -0.023494951 0.21061252 0.09872037 -0.26422608 0.26129097 -0.015744587 -0.40599492 -0.19609194 -0.026326999 -0.492998 0.08588574 -0.06769979 -0.35978338 0.05118617 0.09827321
64 -0.14506614 -0.16975519 -0.0046789083 0.3259352 -0.112875395 0.13625199 -0.026706727 -0.23600622 0.087448925 0.09684257 0.11010858 -0.07562547 -0.068139896 0.1319992 -0.3694836 -0.03290469 -0.04822094 -0.14683852 0.2533904 -0.07270507 -0.09894033 0.16555074 -0.0065310122 -0.14951599 -0.13540602 0.08386086 -0.35454214 0.13799194 -0.33124357 -0.66776776 -0.19405931 0.08726531
32 -0.092565164 -0.12610656 0.080292925 0.32606795 -0.07219028 0.1289463 0.026772479 -0.28469422 0.06982232 0.18086714 0.12759669 0.08249403 0.015997095 0.24439682 -0.2940668 -0.02674219 -0.017631445 0.11417606 0.32070023 -0.018865753 -0.22483337 0.21335666 -0.035598032 -0.43120813 -0.17401549 -0.011563726 -0.4594868 0.099821866 -0.1722402 -0.4895257 -0.01644331 0.06804221
93 -0.16099443 -0.21926178 0.101727575 0.28133234 -0.08531685 0.15174317 -0.04031142 -0.36944205 0.13210373 0.1561773 0.02881642 0.12744847 0.14328724 0.22991997 -0.27030498 -0.052024767 0.022348605 0.2647167 0.34361228 -0.036043603 -0.23176315 0.18982859 -0.061888337 -0.45825702 -0.27062204 -0.021130994 -0.450936 0.19609873 -0.27447256 -0.47782353 0.07267956 0.08266333
126 -0.16845098 -0.10310731 0.1394421 0.28366897 -0.058019053 0.13741027 0.05167246 -0.36176953 0.098955214 0.22227435 0.06604031 0.16668926 0.04916705 0.23044832 -0.23567843 -0.101983435 0.006201957 0.2501482 0.34044304 -0.006261944 -0.2910793 0.23324467 -0.103941746 -0.5525419 -0.2116027 -0.09742 -0.48992395 0.07647434 -0.1912984 -0.46727014 0.13050918 0.16369037
70 0.00445914 -0.06364031 0.06831374 0.39183512 -0.08874518 -0.047961995 0.047300596 -0.17550315 0.08208105 0.2986503 0.12948117 -0.048666522 -0.07819917 0.32691187 -0.45824587 0.034186076 -0.051870994 -0.14732262 0.1941929 0.13241418 -0.17266756 0.24176842 0.010233392 -0.31861764 -0.18422389 -0.028752247 -0.45861092 -0.00852671 -0.037907798 -0.46808857 -0.0629229 0.047328327
88 0.059693396 -0.024962557 0.059966594 0.4202028 -0.08803425 -0.085401714 0.08329995 -0.1390331 0.058897424 0.3166755 0.19683053 0.015120754 -0.07089645 0.34287342 -0.38712782 -0.014572365 -0.042079333 -0.14623572 0.19263561 0.07095283 -0.21148448 0.29531443 -0.013403154 -0.3778029 -0.1522876 -0.08733633 -0.5183753 -0.02956901 0.031866025 -0.34852743 0.00029124104 0.094802655
59 0.016267113 -0.023655841 0.04799144 0.41972744 -0.03347597 -0.07203853 0.035571933 -0.123467065 0.08980623 0.30013776 0.15557316 -0.08139527 -0.09431715 0.33169705 -0.44523817 -0.0073074107 -0.05727154 -0.2821656 0.15694146 0.08982171 -0.16876255 0.27118585 0.0036683432 -0.25930983 -0.1454301 -0.01419533 -0.49615178 -0.059421286 -0.05190318 -0.4377169 -0.07481751 0.10544001
72 -0.016949078 -0.07143321 0.08397665 0.38538533 -0.10279835 -0.00018543082 0.062403854 -0.17272009 0.0656526 0.29801694 0.18700643 -0.035641342 -0.084793635 0.283273 -0.37946722 -0.0046249377 -0.031565364 -0.22619486 0.19028948 0.06661807 -0.17519562 0.28551605 0.0016966171 -0.2972308 -0.14204666 -0.01739798 -0.48554975 -0.008213621 -0.09963478 -0.4923565 -0.09085145 0.09913567
117 -0.078702286 -0.06433523 0.07798984 0.32615688 0.015101709 0.055855617 -0.0155315595 -0.26654983 0.12058079 0.282183 0.10085239 0.1323582 0.00023601588 0.2513529 -0.28491533 0.0146084 -0.0218136 0.129311 0.3144827 0.0019552447 -0.3163279 0.21689591 -0.07555215 -0.48609912 -0.20298252 -0.012957876 -0.50280005 0.07909518 -0.17510265 -0.41423312 0.03869815 0.07121025
14 -0.0025898998 -0.17503342 0.04180598 0.3841928 -0.10504842 -0.07710436 -0.063148946 -0.13439232 0.1208222 0.2142189 0.054061882 -0.13946764 -0.047051452 0.27533966 -0.51257795 -0.014999767 -0.10215106 -0.29436693 0.17424254 0.14323127 -0.03762369 0.1983301 0.053059857 -0.13553654 -0.21679427 0.017675243 -0.39210418 0.14754269 -0.174662 -0.5345999 -0.12699823 -0.013993171
3 -0.067974016 -0.11786003 0.051752888 0.40228 -0.10649905 0.062236384 -0.048251912 -0.15002929 0.08394424 0.14104922 0.16284752 -0.09602499 -0.085568205 0.2164275 -0.3894018 -0.00782364 -0.037341364 -0.30075648 0.17971332 -0.051769465 -0.09625857 0.16667159 0.035196513 -0.10283381 -0.14968191 0.10881169 -0.35252017 0.039847307 -0.25588083 -0.63606733 -0.23849617 0.04764859
41 0.008879028 -0.20984457 0.022765024 0.32093686 -0.121218875 -0.10095546 -0.13706517 -0.13921121 0.10885018 0.16095312 0.042346954 -0.1312933 -0.03242033 0.25696668 -0.4998531 -0.021627964 -0.07699049 -0.31518513 0.13996936 0.10098123 -0.041511428 0.1484613 0.04898243 -0.085211955 -0.25135064 0.0525696 -0.40448028 0.15702789 -0.2532639 -0.5238584 -0.12546593 -0.017931174
20 -0.07789062 -0.1448709 0.034909863 0.3502855 -0.14725192 0.041940458 -0.05917919 -0.14987235 0.08989793 0.17239179 0.18361768 -0.12708242 -0.08398729 0.23865162 -0.371114 -0.030710978 0.0016695618 -0.28001758 0.18185118 -0.026762616 -0.10242926 0.18356645 0.056372307 -0.09742856 -0.1848996 0.08817359 -0.365122 0.065201156 -0.1809546 -0.60244113 -0.20230371 0.043608412
19 -0.0019387123 -0.2100947 0.05591567 0.33752653 -0.14036962 -0.13420752 -0.13051891 -0.15955101 0.10732179 0.17573869 0.09284044 -0.12432054 -0.006446644 0.31318143 -0.46158358 -0.0012941527 -0.04026746 -0.2841135 0.13554105 0.1208668 -0.07924325 0.16548914 0.077137195 -0.13249856 -0.24837223 0.06973134 -0.41272098 0.11543919 -0.23071614 -0.51519704 -0.11634575 -0.019381596
2 -0.07909123 -0.071149625 0.078899816 0.3554303 -0.033586137 0.04129652 0.0035023906 -0.25112846 0.093246326 0.29308066 0.09176001 0.081939794 -0.008710611 0.2998209 -0.33371866 -0.06828773 0.0064433385 0.12110314 0.30238926 0.049389802 -0.26639792 0.2490596 -0.025900723 -0.473202 -0.22841217 -0.08723252 -0.48075655 0.06884527 -0.119684115 -0.4276208 0.08265079 0.107113786
57 -0.02798927 -0.16963826 0.040626053 0.37593308 -0.122046776 0.022100918 -0.103415176 -0.12240573 0.12962729 0.1311039 0.14919168 -0.1730098 -0.1412747 0.2148181 -0.46303937 0.034716967 -0.032098 -0.3610052 0.16065975 0.018014591 -0.022672761 0.14807448 0.06783241 -0.088824205 -0.21088383 0.120033704 -0.32403147 0.043246116 -0.236156 -0.66848457 -0.26245442 -0.009361033
63 -0.07253709 -0.1219553 0.037757818 0.35512716 -0.08517343 0.08693111 -0.0018327872 -0.20424831 0.090470165 0.13986799 0.14216791 -0.05866403 -0.0885554 0.20105094 -0.4008246 -0.031244015 -0.03268805 -0.20968294 0.22141087 -0.04083886 -0.08790859 0.20212014 0.027271144 -0.18671127 -0.13206874 0.009605799 -0.35637933 0.0745996 -0.21398014 -0.5902047 -0.18156753 0.07478924
26 0.041262634 -0.11685321 0.013547705 0.34003145 -0.05961709 -0.08963022 -0.09360793 -0.13437779 0.10457525 0.22988948 0.11174229 -0.09130539 -0.06853682 0.2704914 -0.48680487 0.010267101 -0.07944336 -0.29064056 0.18269792 0.12175737 -0.092691936 0.16784318 0.05082953 -0.1674451 -0.21889393 0.048148822 -0.46472606 0.117183596 -0.15927526 -0.49512014 -0.12498898 -0.017991072
27 0.032074112 -0.15825951 0.055735763 0.3669797 -0.09106452 -0.12382238 -0.08203135 -0.10711501 0.11230992 0.23468792 0.13152789 -0.1092919 -0.019800806 0.3092407 -0.444333 0.035154566 -0.048303843 -0.36135295 0.13816431 0.16676323 -0.08769752 0.20422395 0.076465026 -0.10733105 -0.2213709 0.03243285 -0.4716545 0.06608363 -0.18023859 -0.478774 -0.14972046 -0.018380078
39 -0.0003500572 -0.039820448 0.044549942 0.3703821 -0.07966511 0.04129948 0.033158988 -0.1908644 0.08716001 0.25434285 0.17171854 -0.033521175 -0.08249201 0.283218 -0.41592485 -0.046434358 -0.028838411 -0.18013172 0.21298718 0.046373416 -0.18300591 0.2338159 -0.02281293 -0.28567404 -0.13687848 -0.0054963953 -0.4541154 -0.00011502887 -0.075891055 -0.4502409 -0.06726522 0.07643668
61 -0.00096539495 -0.2410616 0.028892975 0.3202728 -0.1151427 -0.046646044 -0.13204814 -0.15590997 0.09906184 0.13750373 0.09273952 -0.07703928 0.032907743 0.32113695 -0.46274805 -0.020210095 -0.08613465 -0.2507725 0.18366712 0.07330094 -0.056772158 0.13244957 0.09257013 -0.11567834 -0.24090856 0.09016987 -0.40123427 0.19902214 -0.23634286 -0.5342971 -0.12754849 -0.022520056
110 -0.013365538 -0.20639198 0.03993309 0.38392478 -0.12392909 -0.10485507 -0.10149428 -0.1441853 0.13200286 0.15143962 0.11973927 -0.13220893 0.015453911 0.30255023 -0.44607648 -0.03613023 -0.06578738 -0.32995725 0.12634781 0.14475107 -0.05731924 0.14435533 0.08638659 -0.08536649 -0.26292 0.069392234 -0.42350835 0.14605351 -0.23695311 -0.54382765 -0.1502249 -0.01663143
10 -0.058185905 -0.013205005 0.07188747 0.4078573 -0.08122989 0.018202838 0.103393205 -0.19846128 0.08165523 0.28950715 0.11120141 -0.04724312 -0.045444664 0.29178104 -0.40207884 -0.04287047 -0.061368644 -0.08709344 0.18059996 0.11133293 -0.1747149 0.23865469 -0.029814156 -0.38331643 -0.1494133 -0.10571204 -0.4538681 -0.03226412 -0.08201776 -0.45517367 -0.03194144 0.11856404
75 0.07070626 -0.007971417 0.08757757 0.51601803 -0.080235146 -0.11401938 0.11971706 -0.10683415 0.03987799 0.3223898 0.22287385 -0.061580285 -0.16572335 0.3522341 -0.48713252 0.052997686 -0.08934005 -0.30984932 0.114559725 0.11792738 -0.14595672 0.31022173 0.014694001 -0.28255215 -0.083269045 -0.022595793 -0.50767136 -0.12855104 0.04001902 -0.4088476 -0.09914358 0.080804616
99 -0.16274644 -0.21496427 0.13779497 0.28182366 -0.055051636 0.038049795 -0.06775481 -0.30869144 0.13603696 0.1545488 -0.008855973 0.05254864 0.062971145 0.16944589 -0.26704794 -0.03526448 0.00804257 0.103297815 0.31922668 0.06853162 -0.2179615 0.21623969 -0.06583588 -0.39233956 -0.27572826 -0.02398171 -0.4975622 0.15062308 -0.2821062 -0.4833076 0.06409868 0.04915572
116 -0.0103253685 -0.15067558 -0.05734256 0.35818803 -0.14171647 -0.1224713 -0.054688226 -0.12189986 0.078498185 0.19894396 0.14905381 -0.18155749 -0.055171244 0.27064118 -0.53637075 0.011374515 -0.11187712 -0.45576268 0.109173074 0.09345986 -0.0707326 0.18352346 0.06734674 -0.0028398167 -0.1706223 0.094293706 -0.39126873 0.16386023 -0.20041871 -0.53635263 -0.228651 0.0068664956
96 -0.14559525 -0.22523901 0.06838818 0.35289198 -0.09549445 0.021048628 -0.06979925 -0.21331073 0.1236263 0.15348463 0.12850603 -0.086016685 -0.016362423 0.19581571 -0.33528405 -0.013142793 0.0215765 -0.1997288 0.18720227 -0.02008828 -0.16350381 0.18847106 0.03320637 -0.13357247 -0.20775455 0.11623888 -0.39872754 0.066970505 -0.28295758 -0.564246 -0.162962 0.0142909875
100 -0.12896177 -0.1318194 0.16158985 0.33049378 -0.022626689 0.10255601 0.00022760917 -0.32829162 0.11919996 0.24551982 0.04691853 0.13957424 0.026057696 0.23332262 -0.25099218 -0.05361976 0.027316265 0.24214108 0.37380493 -0.011797071 -0.31210932 0.25502172 -0.11157194 -0.5159284 -0.26135436 -0.044041142 -0.5540619 0.09587089 -0.17272663 -0.47052434 0.12731989 0.08837272
89 -0.11039323 -0.07426754 0.0773003 0.31691408 -0.17313908 0.036825538 0.03229164 -0.18793571 0.08263749 0.21303089 0.123256564 -0.11951488 -0.146732 0.13398471 -0.40645224 0.05619198 -0.053004045 -0.22370583 0.23371178 0.061915927 -0.13005757 0.25354478 0.027106507 -0.1838238 -0.14833838 0.08896565 -0.40652022 0.035227004 -0.19989137 -0.5826263 -0.19707192 0.085541435
25 -0.094906054 -0.1931928 0.0758633 0.34462082 -0.108809605 0.07302399 -0.060505882 -0.2200959 0.12227334 0.17645144 0.13940166 -0.055637915 -0.036416292 0.12691692 -0.31848004 0.06423035 0.007254341 -0.10401739 0.2937574 0.016193427 -0.19153404 0.2107934 0.02111673 -0.22778568 -0.181272 0.09699457 -0.42160085 0.08910431 -0.24773867 -0.5715195 -0.17728901 0.006760008
108 0.010374735 -0.025292804 -0.006272043 0.37267956 -0.057122506 0.13279675 0.04483063 -0.21830098 0.03122877 0.20225179 0.14595008 0.041578513 -0.006769444 0.28027564 -0.4289031 -0.015202884 -0.066641055 -0.06168669 0.23176259 -0.01092214 -0.14817594 0.22562519 -0.020479368 -0.34370512 -0.10676567 -0.022455588 -0.4311012 0.08273391 -0.104547985 -0.5106323 -0.0969474 0.12095371
65 0.00041059183 -0.0005916547 0.021556824 0.3710154 -0.09904206 0.06404339 0.117497854 -0.1745165 0.06614509 0.267377 0.19206028 -0.05752467 -0.14762686 0.22810476 -0.37756136 -0.006611505 -0.055739354 -0.15562026 0.21809681 0.0001202902 -0.19413452 0.27611098 -0.0027423438 -0.3451072 -0.09984113 -0.01068461 -0.4023781 -0.05063465 -0.07126398 -0.50303125 -0.11045115 0.1318882
18 -0.12844805 -0.18305683 -0.021605188 0.31710786 -0.081737965 0.099807166 -0.10377841 -0.23208942 0.08728016 0.08409422 0.1717445 -0.057333022 -0.024422072 0.18602487 -0.33948314 0.008873011 -0.048600446 -0.22126208 0.25948128 -0.081533276 -0.10719731 0.14705516 0.02015099 -0.11122782 -0.14705317 0.15385689 -0.36989346 0.15330082 -0.3602162 -0.6946835 -0.22951426 0.043671243
94 -0.043205936 -0.19276953 0.059709672 0.3668041 -0.056341708 0.007658532 -0.074200094 -0.17774338 0.14048612 0.137118 0.1422204 -0.107626535 -0.102738775 0.19730765 -0.37452996 0.02421012 0.01403159 -0.3089596 0.20975691 0.034692407 -0.11489567 0.19209535 0.03893743 -0.13838549 -0.2159586 0.07629771 -0.3987969 0.059373222 -0.23009607 -0.57869387 -0.16155964 -0.04045631
125 -0.09819968 -0.15459357 0.084001854 0.29261407 -0.075455435 0.09458049 -0.046318058 -0.32009792 0.08492267 0.16058856 0.031216169 0.105048746 0.06532776 0.2406353 -0.3167063 -0.066883154 0.007665957 0.12719463 0.30623198 0.027545976 -0.20233534 0.17707826 -0.015973028 -0.40320528 -0.25479293 0.009942444 -0.45787305 0.194792 -0.26369533 -0.4737315 0.00956067 0.045742735
84 -0.088209875 -0.22861198 -0.021987656 0.35858616 -0.1153004 0.016099468 -0.08472078 -0.14925419 0.119710244 0.11557244 0.1531086 -0.16294841 -0.055638332 0.17752053 -0.4127043 0.013277287 -0.066485845 -0.3289403 0.17338037 -0.015713628 -0.07307398 0.13336594 0.04205343 -0.023851542 -0.17558196 0.15788609 -0.36648962 0.15443698 -0.29115158 -0.6301124 -0.24239197 0.022137238
1 -0.044823777 -0.14834546 0.050126344 0.3770687 -0.1620309 -0.053906757 -0.054407153 -0.11661182 0.1315867 0.15729031 0.1269581 -0.1899999 -0.06202809 0.26037547 -0.46174246 -0.0033367246 -0.029042536 -0.3693584 0.1448985 0.091610916 -0.03344234 0.16906036 0.09605136 -0.08633818 -0.2417688 0.078624494 -0.3907351 0.04829631 -0.2454363 -0.568507 -0.19318818 0.011625555
67 0.015201624 -0.09430556 0.06556019 0.425227 -0.059842315 -0.073551014 -0.0026870097 -0.07962987 0.09682875 0.2739079 0.18523271 -0.11372059 -0.15764087 0.25522143 -0.40105295 0.06078609 -0.051133532 -0.34042072 0.15240957 0.11467115 -0.16094543 0.23840387 0.050794065 -0.17943849 -0.1965505 0.06504318 -0.5050311 -0.021942493 -0.10555598 -0.4765129 -0.15543951 -0.030407473
124 -0.053443313 -0.23367447 -0.0033117617 0.36657143 -0.19673969 -0.071869195 -0.04379964 -0.13623907 0.14701432 0.11449623 0.13987757 -0.18298514 0.029462531 0.29707748 -0.43427712 -0.06431338 -0.06461368 -0.2411408 0.12432054 0.087057814 -0.012532512 0.12981363 0.058737308 -0.13305324 -0.20169897 0.025749885 -0.41091293 0.12753081 -0.23222955 -0.6126396 -0.1100432 0.05382544
30 -0.13067575 -0.15889968 0.06628197 0.3268801 -0.09465402 0.13231401 -0.025184765 -0.20012271 0.13229132 0.19876349 0.14966919 -0.07332154 -0.07638458 0.13344395 -0.30498397 0.035851322 0.031240089 -0.11816211 0.24830736 0.0030995817 -0.15542439 0.20095347 -0.035384443 -0.26959288 -0.2086413 0.10817805 -0.39816296 -0.009889509 -0.2610466 -0.57618695 -0.14992613 0.034524716
54 -0.16588086 -0.15512939 0.086365834 0.29775423 -0.06312004 0.04370421 -0.028645169 -0.29634884 0.14341249 0.1542878 0.021801934 0.01937852 0.046689402 0.22604989 -0.32014823 -0.068611644 -0.009158455 0.047314283 0.29912996 0.030000111 -0.18048827 0.18513703 -0.03597887 -0.35275617 -0.25108483 -0.0118762925 -0.44996083 0.13202299 -0.23472703 -0.50292593 0.023554731 0.07111811
22 -0.10599069 -0.1552134 0.037212662 0.34475067 -0.10767997 -0.017419515 -0.052667793 -0.15495142 0.13081217 0.15436532 0.117803164 -0.12535034 -0.026955795 0.22930065 -0.40295172 0.0019350239 -0.06775825 -0.25525966 0.18307078 0.07763537 -0.09170466 0.19177034 0.061669897 -0.12129295 -0.21499103 0.0877788 -0.40266275 0.11298077 -0.23468654 -0.55253947 -0.17657231 -0.004874515
31 0.07441708 -0.23346548 -0.010155969 0.40021238 -0.15175956 -0.18132025 -0.1297609 -0.08108389 0.05912339 0.20355843 0.1576008 -0.15595353 -0.013101602 0.3415425 -0.5390055 0.058069568 -0.114742674 -0.36736095 0.1031483 0.18021421 -0.054135367 0.14119986 0.11602506 -0.05636287 -0.17555845 0.07687392 -0.45371217 0.16291249 -0.17628628 -0.45371902 -0.1373531 -0.05412211
95 0.058609787 0.0628543 0.08684783 0.46340495 0.01902811 -0.035764832 0.09533004 -0.1313635 0.05887684 0.4096987 0.14639872 0.023234434 -0.121929325 0.38069052 -0.41332036 -0.009653799 -0.027684852 -0.13111748 0.19525503 0.15351215 -0.26280162 0.33501366 -0.05911989 -0.43374768 -0.16759348 -0.115475796 -0.5485224 -0.12412411 0.052828 -0.3133509 0.07690921 0.0844615
103 -0.03162756 -0.23873891 0.0021171332 0.3086355 -0.110400625 -0.1801201 -0.16927873 -0.1653233 0.13243487 0.18728377 0.04963019 -0.14945304 0.046139337 0.32238024 -0.44726402 -0.026269097 -0.090936676 -0.30890426 0.12912567 0.16140236 -0.09289776 0.1258599 0.079693615 -0.046782296 -0.30300066 0.08745352 -0.42779 0.22724642 -0.28824767 -0.51653117 -0.09956673 -0.035523996
9 -0.09893051 -0.21335152 -0.0021284185 0.33708435 -0.11978259 0.0013402901 -0.08087829 -0.24783012 0.11681862 0.15240335 0.073219515 -0.058164246 0.031841736 0.24153946 -0.3944845 -0.011722088 -0.043435533 -0.09570084 0.199185 0.07143281 -0.12783054 0.115382396 0.0074187107 -0.2081719 -0.25503296 0.05577981 -0.4041254 0.20360895 -0.27932674 -0.5344979 -0.0777258 0.0066763433
120 -0.039936505 -0.19455111 0.07646466 0.32196224 -0.15893368 -0.041645963 -0.03975105 -0.18877757 0.10333002 0.1683375 0.1124226 -0.072600394 -0.06656312 0.20365609 -0.43131483 0.011325221 -0.014001821 -0.18950914 0.18893841 0.068196885 -0.13362035 0.2106894 0.0011132559 -0.22051463 -0.20219126 0.08039866 -0.44942743 0.10013845 -0.21148285 -0.5068384 -0.104769595 0.027722163
6 -0.13163619 -0.08553261 0.13536069 0.34454402 -0.15762359 0.09479746 0.07987208 -0.21214081 0.06517584 0.26921967 0.18664141 -0.012874789 -0.108827725 0.1740609 -0.34846294 -0.013641306 -0.0054546217 -0.07365022 0.23257881 -0.0013237675 -0.19194768 0.2903862 -0.029180586 -0.3276017 -0.15139513 0.049575243 -0.44533458 0.00027647763 -0.14457396 -0.5164431 -0.122025244 0.13152039
112 -0.10887575 -0.08124478 0.11234677 0.31203797 -0.09210705 0.12516491 0.03994739 -0.24425773 0.11256455 0.15970542 0.09020874 -0.036078207 -0.07472143 0.20184195 -0.31245458 -0.09220161 -0.00024664175 -0.027215349 0.30815247 -0.004564071 -0.16318543 0.22182503 -0.010555924 -0.36095643 -0.21281233 0.0010836998 -0.3931986 0.042014845 -0.23816898 -0.5647695 -0.014488592 0.07796509
87 -0.09670566 -0.1778233 0.053029463 0.29982188 -0.13695972 0.06073606 -0.044862885 -0.17566991 0.1255198 0.12551543 0.09170744 -0.12287356 -0.06289011 0.17219333 -0.40771177 -0.037434902 -0.0032738142 -0.23457243 0.26845762 -0.012052487 -0.06300711 0.1661022 0.07343645 -0.16049038 -0.25067133 0.05780519 -0.35523227 0.11066345 -0.28999966 -0.66797805 -0.1862518 0.03216842
128 0.011157717 -0.21814954 0.034187615 0.3853746 -0.12588188 -0.14383301 -0.087287545 -0.11662616 0.091259375 0.20395459 0.14482269 -0.12377521 -0.020084236 0.3492102 -0.46847504 0.008282917 -0.07817732 -0.33639225 0.1255038 0.17374253 -0.07015297 0.16177349 0.06631934 -0.10827129 -0.19522123 0.056258604 -0.4507709 0.09578403 -0.17348272 -0.47672734 -0.115304865 -0.004826823
105 -0.08443399 -0.21237041 0.0303191 0.31078097 -0.1274415 -0.03149697 -0.15377206 -0.1917074 0.1386166 0.14031912 0.053910576 -0.10868946 0.0634171 0.28511992 -0.44902244 -0.04432686 -0.0442431 -0.19160126 0.20574841 0.086224094 -0.07647001 0.11242154 0.06128218 -0.17843127 -0.28975263 0.07759706 -0.3758507 0.20562628 -0.2845475 -0.6148693 -0.092760846 -0.018666767
79 -0.039254818 -0.17129573 0.022824828 0.3480666 -0.10599169 -0.05580449 -0.06418128 -0.19821288 0.1344645 0.17738745 0.08562607 -0.10684572 -0.017440429 0.24849232 -0.4549966 -0.0411991 -0.04489281 -0.23738678 0.21005891 0.07382858 -0.09506017 0.1711211 0.035307266 -0.14250717 -0.24269815 0.017031776 -0.38925552 0.16690195 -0.19484833 -0.5434984 -0.12374042 -0.0037392185
80 0.023979723 0.035831887 0.063161395 0.4568738 -0.04506866 -0.030191205 0.1047683 -0.08614581 0.060764108 0.37692183 0.20291664 -0.095047295 -0.18291882 0.31258944 -0.44437346 0.042541515 -0.02878417 -0.26772717 0.15791641 0.13371883 -0.18391879 0.33367798 -0.0024504194 -0.35446742 -0.09086497 -0.042586576 -0.45165956 -0.16564383 -0.0021407984 -0.4237246 -0.10511819 0.099859886
78 -0.15302216 -0.1821082 0.07808627 0.27263048 -0.039327044 0.12808622 -0.012568653 -0.32378134 0.11637555 0.19116959 0.047372885 0.1492808 0.05544075 0.22371358 -0.24651788 -0.06871452 0.009985676 0.24078073 0.33326095 0.02328197 -0.2763387 0.20894223 -0.082257144 -0.49218282 -0.19811392 -0.050610587 -0.47969744 0.16033135 -0.20400295 -0.4836419 0.08345164 0.09650729
123 -0.15666018 -0.08228325 0.12834142 0.3456058 -0.066535674 0.10598722 0.04563626 -0.2687002 0.12183155 0.24630642 0.06321748 0.037396837 -0.0049632634 0.19777472 -0.27234548 -0.03379381 -0.021411933 0.11028509 0.28527105 -0.014619457 -0.21514776 0.2251695 -0.062128928 -0.45035404 -0.18413533 -0.044156257 -0.46415552 0.023384612 -0.19471201 -0.47835293 -0.012635361 0.1543271
71 -0.057995033 -0.21059889 0.071998484 0.297699 -0.078985006 -0.011135128 -0.106918655 -0.28855714 0.13093452 0.21508107 0.060327332 0.045769427 0.08133755 0.2881282 -0.30792922 -0.03563849 -0.025997836 0.076715894 0.2757243 0.027767135 -0.21136637 0.16351968 -0.015359485 -0.356364 -0.27302444 -0.010192233 -0.46535343 0.2047142 -0.22990358 -0.43004203 0.054545127 0.033675153
106 -0.026552523 0.043850437 0.1092891 0.4354202 -0.105972484 0.075514086 0.20405328 -0.21463764 0.051680718 0.33475557 0.17852418 0.068767816 -0.1476682 0.25178328 -0.40898997 0.00095474295 -0.0449268 -0.015668882 0.20771377 0.04632865 -0.19872065 0.32814103 -0.066005535 -0.5264926 -0.08064579 -0.12854429 -0.45922318 -0.12226976 0.01488894 -0.42060426 -0.03921452 0.1796688
119 -0.0035354192 -0.1663317 0.027505346 0.36082903 -0.11289285 -0.0754079 -0.094662465 -0.20148644 0.11491568 0.17979652 0.046937108 -0.12231432 0.021374764 0.28661677 -0.52652293 -0.022996696 -0.06794109 -0.21372354 0.1854287 0.13629757 -0.058821935 0.13513021 0.08112971 -0.17253655 -0.25958538 0.017252032 -0.3885631 0.15646839 -0.1883637 -0.5146407 -0.10185199 -0.026042629
5 -0.16093373 -0.24995779 0.07384562 0.29377046 -0.06124884 0.04652965 -0.11488652 -0.29610378 0.1614071 0.19080725 0.05856646 0.06471375 0.09113164 0.2099467 -0.30129614 -0.0053270753 -0.019584808 0.11796955 0.28196567 0.021852763 -0.22643292 0.18757926 -0.011840739 -0.3376207 -0.28725263 0.047973312 -0.46640107 0.23517017 -0.31583726 -0.48512352 0.028123308 0.06409783
114 -0.103998736 -0.20255744 0.07874896 0.32185465 -0.07869287 0.0359847 -0.091870114 -0.16864426 0.12685332 0.13387755 0.1564278 -0.13706987 -0.10456114 0.1406517 -0.34725484 0.03924608 -0.013194393 -0.26070255 0.23379013 -0.015250152 -0.0817174 0.17747255 0.04358212 -0.075866945 -0.20520368 0.119686894 -0.3735943 0.09476416 -0.2812509 -0.64365226 -0.20453528 -0.02363641
21 0.06745423 0.06591722 0.0937903 0.45252413 -0.017053612 -0.04906158 0.0868052 -0.1594429 0.046927057 0.40055463 0.14241971 0.04302228 -0.057083633 0.410716 -0.44823298 -0.07294115 -0.058420766 -0.07431031 0.22596462 0.1296384 -0.24592167 0.34727088 -0.039894048 -0.49874735 -0.16631103 -0.1386316 -0.5424961 -0.07221846 0.04289171 -0.33773908 0.08821588 0.12472863
50 -0.023245899 -0.29406288 -0.045041364 0.35440823 -0.19709651 -0.16916682 -0.15794748 -0.1005549 0.13935979 0.12581596 0.102226265 -0.25348216 0.054010868 0.2914884 -0.5242032 -0.026192447 -0.1120056 -0.40109608 0.09421478 0.139583 -0.005064592 0.11675417 0.09713781 0.035786517 -0.22990462 0.1105006 -0.36977884 0.23091573 -0.29387367 -0.57457507 -0.15037274 -0.022096975
76 0.03835484 -0.028145023 -0.022705548 0.38249004 -0.022177069 0.03763324 -0.0050988775 -0.16436751 0.07990394 0.21711342 0.15617679 -0.0362412 -0.032262318 0.33051658 -0.4432404 -0.03127661 -0.03574763 -0.24275757 0.21210872 0.020869015 -0.1703597 0.24301462 -0.000435561 -0.25415304 -0.16362731 0.018914023 -0.43773565 0.03255058 -0.121454634 -0.482995 -0.08523969 0.08303032
107 -0.037765518 -0.054768875 0.119107224 0.43848738 -0.0009026062 0.03441247 0.037523136 -0.19207738 0.084420815 0.31787682 0.08185513 0.036387894 -0.043159444 0.3270907 -0.34641716 -0.050950017 -0.006495452 0.0079294415 0.2550212 0.039901886 -0.24674837 0.2827 -0.050862733 -0.44333163 -0.1892001 -0.09298157 -0.48643816 -0.043600846 -0.09056009 -0.41199505 0.08751283 0.12734279
77 -0.07581473 -0.1998099 -0.008311213 0.32824033 -0.18349113 -0.050131604 -0.045713734 -0.1506851 0.1264725 0.12700938 0.12729849 -0.17206256 -0.027041657 0.23856315 -0.42304552 -0.005524634 -0.06065444 -0.34266976 0.15973607 0.08062385 -0.04470265 0.14925805 0.08309957 -0.10056019 -0.20132844 0.083805814 -0.38950253 0.0917399 -0.23616333 -0.61868465 -0.21243034 0.038116667
66 -0.08976668 -0.20824537 0.048532285 0.31104878 -0.13082802 -0.043458827 -0.06861965 -0.14121433 0.13202839 0.2105964 0.18991089 -0.17221619 -0.081089 0.1621982 -0.36898503 0.08605303 -0.010445604 -0.29944828 0.20695873 0.06005935 -0.14793903 0.20886895 0.045966342 -0.06591802 -0.1815001 0.14499432 -0.46680483 0.060091764 -0.24961978 -0.5645261 -0.23862138 -0.03172338
55 -0.109070055 -0.14227906 0.10714759 0.3803925 -0.043195568 0.079752296 0.025997682 -0.37238467 0.11025279 0.25575274 0.0701724 0.1479883 0.09913346 0.3551331 -0.29826328 -0.08990419 -0.033803735 0.28128392 0.30546346 0.04843937 -0.28247532 0.2177769 -0.080865465 -0.58173746 -0.24600926 -0.119558744 -0.5150588 0.12612459 -0.19200729 -0.40077877 0.16584958 0.14559217
11 -0.1079741 -0.15783316 -0.00059178914 0.3176275 -0.07811338 0.0047779363 -0.09368273 -0.18869685 0.10797019 0.16963483 0.15366063 -0.12910067 -0.017051516 0.2388235 -0.40414962 0.009228726 -0.018360497 -0.3250016 0.16484976 -0.012548878 -0.13130687 0.1865409 0.031303737 -0.031706326 -0.19363509 0.10686545 -0.39230394 0.12447019 -0.25128114 -0.60413 -0.20704454 0.025035392
46 -0.11396382 -0.19313997 0.11777888 0.26595423 -0.08792401 0.045294356 -0.05691091 -0.2664695 0.110819116 0.21778247 0.05481816 0.050634075 0.025905784 0.19992335 -0.27680117 -0.007825023 0.00538661 -0.01234591 0.2900888 0.021474456 -0.23604849 0.24196075 0.0041186484 -0.31988928 -0.24262838 0.024549104 -0.44278485 0.15759534 -0.25099704 -0.53823656 -0.04681068 0.04742853
16 -0.06594757 -0.098601095 0.07134891 0.31435275 -0.14049463 0.03945559 0.04172086 -0.20990399 0.09644537 0.22775824 0.09245384 -0.037877966 -0.096837774 0.18262331 -0.37496656 -0.032721475 -0.028145365 -0.13312475 0.26914257 0.06615688 -0.15963653 0.25892973 0.024668878 -0.2779623 -0.17935474 -0.023075778 -0.4041006 0.05133875 -0.198643 -0.565315 -0.08367401 0.07757286
98 -0.089499496 -0.1189631 0.06082173 0.38249707 -0.101004936 0.11302767 -0.009872059 -0.21421771 0.08974348 0.1747399 0.10898712 -0.024126045 -0.004716345 0.2733256 -0.37006363 -0.051706374 -0.019555617 -0.10948253 0.22415225 -0.09364027 -0.13681762 0.2060618 -0.03087284 -0.2591824 -0.16326654 0.037891146 -0.36167693 0.053882867 -0.19929785 -0.5873664 -0.11548066 0.090770006
113 -0.0710812 0.038225137 0.077952884 0.40613973 -0.08281564 0.055055376 0.1330054 -0.1857099 0.08029986 0.36903858 0.165976 0.0046129185 -0.09422399 0.25621262 -0.32390982 0.020585468 0.015958766 -0.032321908 0.25964472 0.052819625 -0.23747133 0.27515182 -0.07348094 -0.48000723 -0.16954781 -0.045716625 -0.48984882 -0.10428879 0.00996055 -0.43767476 -0.013134843 0.110003784
17 -0.17548051 -0.053573404 0.09657844 0.3529859 -0.076652855 0.14326836 0.089199826 -0.34190968 0.11049039 0.24305835 0.036536507 0.11711906 0.04371143 0.1914182 -0.28499445 -0.08505657 -0.038280718 0.2626509 0.33772996 -0.0019609085 -0.25573355 0.22545259 -0.096020706 -0.5603751 -0.21296099 -0.099316455 -0.47755075 0.12934068 -0.14102766 -0.45439693 0.049754694 0.19091974
82 0.07865994 -0.02558716 0.11536868 0.42089593 -0.06945457 -0.06681597 0.054483943 -0.14419343 0.07218715 0.3519428 0.1857359 0.05238815 -0.07731444 0.36373442 -0.41708547 -0.008200394 -0.06850356 -0.10257221 0.20562924 0.12128311 -0.20730159 0.28805032 -0.029728489 -0.38322604 -0.15717472 -0.08743646 -0.57701105 -0.055404052 -0.010312036 -0.31188545 0.019032335 0.09213394
52 -0.14523572 -0.0620952 0.13852313 0.38733032 -0.07311489 0.08490634 0.08275952 -0.26371258 0.12722263 0.24780175 0.09965179 0.053839486 -0.010707593 0.25161603 -0.2972509 -0.061173253 -0.043540765 0.059433423 0.24830899 0.029891185 -0.22767176 0.22467552 -0.053104136 -0.42697126 -0.21143809 -0.059120595 -0.46983275 0.02433111 -0.16223097 -0.45391545 0.026348151 0.1562507
109 -0.1335253 -0.14943895 0.14679314 0.30798087 -0.05237917 0.11351258 -0.020701757 -0.2716447 0.12438016 0.2718436 0.08737641 0.06831039 -0.00091742596 0.21138455 -0.23058431 -0.028734451 0.047301058 0.09873194 0.3021461 -0.031725135 -0.29934004 0.26198322 -0.077134475 -0.40698412 -0.22429332 0.019353539 -0.5143551 0.07985129 -0.17850712 -0.47742105 0.023669355 0.092209436
127 -0.017865127 -0.1530115 0.08316483 0.3381985 -0.11098649 -0.088274956 -0.03343299 -0.14503106 0.116727434 0.2584625 0.14678238 -0.1301133 -0.06784142 0.32013282 -0.44326723 0.033641983 -0.03647994 -0.31219858 0.13249046 0.07309917 -0.12264489 0.21414173 0.019342493 -0.14891301 -0.17842357 0.030907582 -0.4385439 0.010842045 -0.12054366 -0.5251101 -0.103467554 0.026355574
86 0.0016703228 -0.020063035 0.03617611 0.41711682 -0.12976462 0.022437353 0.056879055 -0.1324154 0.08424175 0.2525637 0.1997198 -0.12584336 -0.16201958 0.24129485 -0.45011294 0.0390615 -0.039708663 -0.28599846 0.17464663 0.02880277 -0.11297014 0.2238467 0.006568059 -0.2388672 -0.15499781 0.028121412 -0.41568506 -0.05943922 -0.053732023 -0.53823483 -0.16899166 0.043927144
83 -0.031704962 0.029666139 0.023336567 0.38958043 -0.09870452 0.0007056674 0.12804464 -0.16202168 0.07907239 0.35141832 0.19986486 -0.0763172 -0.07796833 0.31435457 -0.4119797 -0.037502006 -0.008276587 -0.14347431 0.17856468 0.05986236 -0.23326413 0.29017207 -0.02889921 -0.41443092 -0.109386936 -0.043798376 -0.45774817 -0.09049528 0.04232474 -0.47154042 -0.0300615 0.1507563
51 -0.04931321 -0.11379136 0.08336847 0.324142 -0.057829365 0.034423664 -0.0027003966 -0.264888 0.09275091 0.25029913 0.110407345 0.07385295 0.018627718 0.30480203 -0.36343005 -0.02538185 -0.021064058 0.05738509 0.25748923 0.08457839 -0.22651523 0.2227847 -0.027056573 -0.43361774 -0.19494209 -0.07169027 -0.49073505 0.08161707 -0.11654981 -0.40802678 0.036634654 0.062473442
101 -0.02120087 0.048799958 0.042976223 0.429274 -0.049266182 0.111452796 0.14271718 -0.1973716 0.061044052 0.2690922 0.15455095 0.008834008 -0.07567624 0.26385358 -0.39624757 -0.053417362 -0.06992869 -0.041460257 0.24898331 -0.01955288 -0.15667893 0.29036775 -0.06885385 -0.4164264 -0.087228514 -0.08542251 -0.42721733 -0.02402597 -0.058810804 -0.5028473 -0.04736468 0.15889731
40 -0.16472402 -0.14456941 0.09536352 0.31103605 -0.122515656 0.041014962 -0.009185273 -0.23947898 0.13852116 0.24535985 0.13566639 -0.026698232 -0.012589944 0.21688896 -0.31680942 -0.040805515 0.0012856836 -0.104747884 0.24395427 -0.019989895 -0.22167444 0.25434828 -0.0017100212 -0.25798246 -0.18470244 0.065664895 -0.47170207 0.09476602 -0.20127094 -0.54951096 -0.10505047 0.10623182
73 -0.1900418 -0.11655285 0.1294197 0.318952 -0.09670625 0.11576223 0.019074284 -0.3593546 0.1196653 0.20248315 0.07317255 0.079398595 0.04089355 0.18205282 -0.2927183 -0.07685742 0.0037610112 0.19636618 0.318323 -0.016466578 -0.22621892 0.17817132 -0.04969721 -0.46152174 -0.25810385 -0.041889742 -0.4389103 0.14833975 -0.2582113 -0.49923322 0.033987984 0.09255512
121 -0.035301894 -0.16155776 0.025856894 0.36240232 -0.064501405 0.11589716 -0.051175967 -0.24642754 0.07470569 0.14240931 0.12019572 -0.0065250904 -0.010437609 0.25098798 -0.4306221 -0.027959403 -0.050970983 -0.09843967 0.21949843 -0.013011036 -0.13083859 0.16973183 0.0040873145 -0.31488523 -0.13602704 0.034059536 -0.3718786 0.12668294 -0.19359528 -0.5354059 -0.09340397 0.07980704
102 -0.014490624 -0.27133134 -0.03628786 0.4097318 -0.1964406 -0.17191273 -0.12978838 -0.14867206 0.12543833 0.1574449 0.13468711 -0.14833245 0.05986162 0.3666354 -0.44672734 -0.06575374 -0.122792535 -0.24190396 0.07873967 0.14437464 -0.039288793 0.12620673 0.059757303 -0.07969809 -0.23138696 0.024134403 -0.43121696 0.2289442 -0.2659473 -0.5157646 -0.075898506 0.013980352
