128 32
72 0.22301674 0.07129147 -0.23837373 -0.35728198 0.25202507 -0.034257635 0.17652549 -0.34477052 -0.08566414 0.3381087 0.19504571 0.21036644 0.12336704 0.09510196 -0.04116543 -0.21786502 -0.05556713 -0.19249192 -0.021395102 -0.05400069 0.033400238 0.045651224 -0.08485634 -0.62804973 -0.39141366 -0.07916237 0.10509298 0.10234874 -0.20656377 -0.16588385 -0.0067779464 -0.2135729
44 0.26212206 0.012249117 -0.2192712 -0.35762218 0.258819 -0.037825443 0.20020604 -0.36691573 -0.08080103 0.32173353 0.21218093 0.19355656 0.11967886 0.06932519 -0.060603134 -0.22264858 -0.067432076 -0.17010865 -0.043963343 -0.017119488 0.015694693 -0.011726073 -0.04399628 -0.6713684 -0.3570812 -0.14863819 0.091878414 0.08285023 -0.17205483 -0.12276749 0.038761027 -0.29220235
104 0.26396847 -0.05626178 -0.3411971 -0.31114516 0.07025604 0.044579558 0.12905532 -0.36424947 -0.10919203 0.33804876 0.12153945 0.14376567 0.091567285 0.14641851 -0.010852966 -0.1170343 -0.11427228 -0.12604074 -0.05823263 -0.07426408 0.112444356 0.14435892 -0.18463609 -0.65232193 -0.2615808 0.0628364 0.054411955 0.09833026 0.012977491 -0.1068056 -0.004200082 -0.03491725
96 0.3118859 -0.04782698 -0.29561487 -0.32919982 0.046195135 0.088846825 0.08124957 -0.2487217 -0.11174654 0.3404444 0.11435974 0.1426689 0.158119 0.24027929 0.0402577 -0.09548551 -0.1508244 -0.24231595 -0.05665461 -0.09998998 0.12427944 0.17991813 -0.20538704 -0.55601615 -0.21565142 0.26658508 0.023110095 0.1388283 0.027265847 -0.11710581 0.09083052 0.04487309
64 0.23752575 0.028568704 -0.15596832 -0.34918654 0.23279665 -0.060740206 0.21797201 -0.37442583 -0.06547148 0.2845783 0.20753108 0.23337446 0.11967632 0.033550967 -0.06512582 -0.2073192 -0.057830628 -0.2232192 -0.02334132 -0.01725442 0.020664483 0.023876058 -0.046116922 -0.64933103 -0.39703006 -0.14472185 0.11100512 0.11900649 -0.2811012 -0.1238808 0.03633119 -0.3015813
6 0.21424471 0.025049027 -0.17618343 -0.3334353 0.23787698 -0.063706234 0.17818786 -0.36947814 -0.105547145 0.28802153 0.20413928 0.20333554 0.106985874 0.049191665 -0.07370445 -0.19270824 -0.07255807 -0.19090939 -0.016741155 -0.016831411 0.028080264 0.021584457 -0.058324393 -0.66864103 -0.37412906 -0.17652221 0.11549813 0.10734323 -0.2323651 -0.115463294 0.04366325 -0.2936362
68 0.38549823 -0.10665449 -0.24602382 -0.27328226 0.035798624 -0.0025852923 0.05834716 -0.30899605 -0.18631345 0.29466495 0.02932336 0.12716118 0.14381891 0.21865954 0.0026240922 -0.0528403 -0.15169929 -0.4124113 0.080265 -0.04252195 0.05988917 0.062870085 -0.22919595 -0.5677848 -0.28159237 0.335314 0.117141694 0.16500854 -0.22255372 -0.11961856 0.18174532 -0.1419154
51 0.35034868 -0.06995584 -0.2790813 -0.29188442 0.079655394 0.024884257 0.098686375 -0.32930082 -0.1194419 0.32306919 0.10619399 0.1216768 0.12087584 0.15023574 0.028232437 -0.1330383 -0.10168208 -0.2354144 -0.032226894 -0.11000593 0.12647183 0.08918354 -0.18252124 -0.614088 -0.29626262 0.08912697 0.06388381 0.09598637 -0.089275844 -0.066964775 0.081649244 -0.110327266
26 0.18760395 0.16849115 -0.1867961 -0.38803908 0.3347827 -0.013069224 0.17428668 -0.3720134 -0.042338856 0.28835976 0.27803817 0.26508054 0.119983174 0.05002323 -0.053143136 -0.21634462 -0.0012808219 -0.10141686 -0.047401838 -0.05830827 0.045925748 0.115135714 -0.06402287 -0.67041695 -0.36850846 -0.17802288 0.027763637 0.09923712 -0.08116371 -0.11508068 -0.1256341 -0.10804945
39 0.21487208 0.11357521 -0.18660721 -0.37511414 0.22273245 -0.0075529707 0.18905492 -0.38517982 -0.063822314 0.25736696 0.17436515 0.22376622 0.14562902 0.08195011 -0.07859424 -0.16824466 -0.08677676 -0.18871702 -0.030419702 -0.0012830391 0.01270176 0.081059515 -0.0629644 -0.6290207 -0.3229294 -0.078153044 0.03536568 0.099173516 -0.13341743 -0.11325681 -0.0023797802 -0.16764638
106 0.19686544 0.09680836 -0.15928066 -0.3468339 0.29968002 -0.06888277 0.19443958 -0.38804057 -0.03977262 0.29336447 0.21283148 0.21105304 0.07409702 0.015790304 -0.07099154 -0.22300611 -0.08356574 -0.19010976 -0.04528633 0.0055752946 0.016192527 -0.0013638944 -0.018212475 -0.6773356 -0.4053191 -0.24114595 0.15519819 0.11269224 -0.24177492 -0.12133659 -0.003041508 -0.32758817
90 0.4748135 -0.115233056 -0.28013647 -0.33804882 -0.04423113 0.07317035 -0.01409328 -0.28830478 -0.18649817 0.2643059 0.06376954 0.098652646 0.18126181 0.2905173 0.012923304 -0.005699232 -0.19374788 -0.44136962 0.09812604 -0.03425207 0.07708894 0.11800615 -0.2900135 -0.51863724 -0.17579041 0.5311303 0.06983527 0.1978871 -0.0638433 -0.10786245 0.23268132 0.048543397
114 0.26776183 -0.0332988 -0.30188018 -0.32828724 0.13191055 0.049241953 0.12844004 -0.32601753 -0.10735432 0.33601344 0.14947757 0.19038749 0.10107425 0.119585745 -0.0091361785 -0.122093014 -0.092111856 -0.17579925 -0.053051475 -0.09814448 0.10319273 0.13101275 -0.13528821 -0.62687474 -0.27613536 0.053005926 0.041648258 0.069162324 -0.051730257 -0.111407526 0.020490315 -0.0459028
77 0.26770875 0.08215768 -0.2477053 -0.3827856 0.20196228 0.009317161 0.05937629 -0.33244652 -0.04646544 0.2534204 0.18525095 0.20150223 0.1296019 0.14987873 -0.03744206 -0.09928273 -0.09051392 -0.24660462 -0.05689504 -0.06531904 0.040740475 0.15058026 -0.13936046 -0.59663373 -0.29405743 0.08102607 -0.013418807 0.07912408 -0.029165506 -0.11236229 -0.011799555 0.010580899
24 0.2950854 0.031788327 -0.29429042 -0.3936606 0.14487441 0.024263997 0.08115964 -0.34997988 -0.054489624 0.27347824 0.20487472 0.16815892 0.08151165 0.105789684 -0.03317439 -0.13712275 -0.14878389 -0.165922 -0.08474444 -0.043420788 0.10352209 0.10680259 -0.14497155 -0.6456419 -0.264009 0.045713466 0.057840902 0.13805541 0.026309326 -0.06558867 -0.0006902995 -0.067524575
63 0.3213443 -0.0951399 -0.3408353 -0.2708888 0.045416772 0.090014145 0.1114155 -0.26408285 -0.13744572 0.3909074 0.05748139 0.14404197 0.08711096 0.23546481 0.018636988 -0.104365796 -0.10246139 -0.23199293 0.022447327 -0.079260826 0.08336184 0.13733421 -0.21252428 -0.57673943 -0.25429785 0.27618194 0.054115728 0.1389677 -0.07908666 -0.12492287 0.07088971 -0.02553974
93 0.12848349 0.12992041 -0.3387039 -0.40723008 0.25565958 0.063935764 0.22612475 -0.32994208 0.044806138 0.36118668 0.21866438 0.28024638 0.15867329 0.11493251 -0.02577393 -0.21523276 -0.013143355 -0.048758544 -0.14123687 -0.018112319 0.08115474 0.15806049 -0.05011693 -0.6752232 -0.30326515 -0.10635045 -0.07888455 0.018788405 0.06811322 -0.0763301 -0.11430946 0.03184534
15 0.21161582 0.10411084 -0.18617055 -0.39884368 0.24823348 -0.05911322 0.17063153 -0.40850058 -0.04859434 0.2561625 0.22847082 0.21371342 0.10264406 0.036693048 -0.07516583 -0.17325507 -0.057507668 -0.18100867 -0.07148283 -0.05726255 0.023156375 0.058816925 -0.07194111 -0.68844676 -0.3576308 -0.16602513 0.10879223 0.09434805 -0.16165565 -0.12403453 -0.019561684 -0.23564677
110 0.41615623 -0.083113804 -0.27390006 -0.31648657 -0.023864768 0.07608823 0.04039645 -0.2607013 -0.19122052 0.28680566 0.07134774 0.08225619 0.18546307 0.26744342 0.022867495 -0.0046621826 -0.19696374 -0.42048427 0.089036874 -0.07823222 0.053748764 0.15940699 -0.26754493 -0.47859585 -0.21310437 0.46535444 0.050122995 0.16735809 -0.05301625 -0.12644833 0.20732604 0.03646295
65 0.17604908 0.161509 -0.19483352 -0.37984148 0.30956972 -0.03223205 0.19962536 -0.4059976 -0.06158607 0.28789982 0.24134743 0.2606753 0.10539826 0.009278116 -0.081608914 -0.23136126 -0.078828886 -0.17573825 -0.08569837 -0.02120455 -0.010999265 0.017713202 0.0037173326 -0.68442225 -0.41533184 -0.24501647 0.1080753 0.0664559 -0.19634113 -0.13993995 -0.03927168 -0.24523267
122 0.19318368 0.11355715 -0.17267494 -0.3928968 0.31375268 -0.034917552 0.09767679 -0.3681378 -0.055882875 0.26441455 0.26186022 0.25524956 0.10503989 0.029790815 -0.07576068 -0.16370408 -0.05709255 -0.17883962 -0.060707364 -0.023503868 0.01773689 0.060637828 -0.046588816 -0.6330392 -0.39907235 -0.14152417 0.035004098 0.07768203 -0.16587217 -0.09832894 -0.048824575 -0.13543795
112 0.26467034 -0.01647682 -0.25380024 -0.3240861 0.14718701 0.041450985 0.097272255 -0.33072975 -0.08857737 0.34150094 0.15554658 0.17312172 0.07043943 0.16087615 0.006398159 -0.14829838 -0.122251086 -0.18562229 -0.026401447 -0.0802907 0.051207837 0.076161325 -0.12255027 -0.6443918 -0.2666944 0.0643748 0.09138762 0.09731867 -0.12002155 -0.11151505 0.06198987 -0.17383735
7 0.23611304 0.087175176 -0.2720968 -0.38620025 0.21334054 0.042771302 0.14342955 -0.34211174 -0.0278089 0.29362342 0.22038244 0.21700253 0.17340772 0.12281737 0.0013170401 -0.12612659 -0.012448513 -0.11252991 -0.05128591 -0.039188094 0.0916172 0.1677285 -0.1291194 -0.62183785 -0.30581248 0.026313093 -0.013654645 0.09871417 -0.0013745301 -0.100783445 -0.12094163 0.056443095
11 0.25687656 0.060852192 -0.28159103 -0.3658521 0.22436705 0.04589197 0.17650567 -0.38183722 -0.03947621 0.3250538 0.21247941 0.20017055 0.08869678 0.12213084 -0.0042884955 -0.16157329 -0.10095027 -0.12139328 -0.09379855 -0.039026625 0.08927795 0.06713446 -0.06450339 -0.67289555 -0.32774958 -0.14194325 0.0783133 0.06849314 -0.02537463 -0.083709404 -0.05166317 -0.12917663
61 0.3948306 -0.061389055 -0.23985562 -0.33648208 0.03290088 -0.0015171353 0.0023091736 -0.33067384 -0.19047609 0.25071725 0.06892234 0.11587757 0.1347223 0.2046546 -0.05295181 -0.039654464 -0.12572856 -0.3966091 0.07948641 -0.06737597 0.047082648 0.1156386 -0.24303205 -0.5414995 -0.23678315 0.38669577 0.08904977 0.20590408 -0.19670579 -0.14922163 0.08427214 -0.053911526
119 0.47538933 -0.08052803 -0.25566068 -0.32112575 -0.018404858 0.015283229 0.024464324 -0.32104 -0.18554324 0.24709454 0.05948066 0.07992657 0.16380139 0.23933591 -0.039029006 -0.033724677 -0.2026276 -0.44943696 0.103752576 -0.03522529 0.026646072 0.115380906 -0.2583732 -0.5212056 -0.22158049 0.5162309 0.078345075 0.22842494 -0.13157706 -0.15472527 0.19803855 -0.058075577
58 0.24460258 0.06620331 -0.19683863 -0.32979113 0.24649201 -0.032852694 0.20355055 -0.41870916 -0.06264277 0.26852944 0.21365936 0.21813528 0.12939307 0.046596542 -0.08079111 -0.20221125 -0.06719296 -0.18862697 -0.07663379 -0.045339435 0.053423088 0.0922848 -0.051915582 -0.677438 -0.35110304 -0.14240438 0.049512103 0.07347623 -0.20048216 -0.14434583 -0.0016398132 -0.24297795
42 0.29558498 0.080075495 -0.18353441 -0.32898647 0.26745602 -0.0365751 0.1547047 -0.38093746 -0.1095973 0.29284942 0.2227398 0.21270232 0.18226005 0.08218625 -0.045840565 -0.20296498 -0.052824244 -0.20591554 -0.020924304 -0.0368777 0.029347336 0.071275614 -0.07682346 -0.6136294 -0.348862 -0.07392901 0.081201404 0.1361517 -0.17092523 -0.1570486 -0.0029760618 -0.17192143
29 0.26009637 0.14555971 -0.250211 -0.37409028 0.20512582 0.0763655 0.10125329 -0.3511635 -0.06757142 0.3242191 0.19102374 0.22811489 0.12574646 0.15765035 0.0031910317 -0.18770362 -0.050030697 -0.19421682 0.00027498454 -0.044323344 0.06090428 0.15185839 -0.16286989 -0.6022951 -0.2622482 0.044160094 0.0711727 0.13905028 0.006894666 -0.12043667 -0.062936 0.017283252
56 0.33941567 -0.053135466 -0.21269079 -0.31451672 0.084066354 -0.0047470597 0.12683193 -0.31041405 -0.13668421 0.2884745 0.14942202 0.1541934 0.14678714 0.16600744 -0.052851927 -0.10213464 -0.149365 -0.3092476 0.018433115 -0.004336885 0.058616474 0.07895952 -0.14810862 -0.6058456 -0.26532176 0.16543944 0.07750242 0.14537331 -0.18796574 -0.13558248 0.14204241 -0.13819057
124 0.4188575 -0.015777279 -0.26620963 -0.35041034 -0.023852654 0.08149759 0.016117927 -0.33131617 -0.16230012 0.23223576 0.098711565 0.13337165 0.18115385 0.22139618 -0.020742247 -0.03143729 -0.18474354 -0.3452306 0.020615755 -0.055309996 0.08773315 0.15529959 -0.24775922 -0.5803718 -0.18905456 0.39070845 0.019158054 0.18266594 -0.01951072 -0.118635595 0.12359622 0.06782938
62 0.20215364 0.090067625 -0.20379056 -0.33499554 0.30633247 -0.056895893 0.17900568 -0.39879417 -0.059489507 0.2757558 0.25179896 0.22477117 0.09019407 -0.008857169 -0.05858775 -0.20026466 -0.0036654742 -0.14446807 -0.101711415 -0.09442463 0.05120268 0.10417214 -0.06484749 -0.67276675 -0.39754915 -0.24406421 0.07856109 0.048626225 -0.1624909 -0.13371952 -0.06793412 -0.20635189
37 0.25763232 0.0133649185 -0.32467103 -0.32870793 0.15426368 0.08057173 0.056305885 -0.3192919 -0.075797915 0.33649483 0.21006927 0.17137973 0.10689232 0.2050975 0.018152721 -0.16478367 -0.097944215 -0.14686844 -0.09247511 -0.07857894 0.102075845 0.12887266 -0.1423102 -0.60405195 -0.29697895 0.05927929 -0.022591613 0.108874254 0.061110213 -0.05158029 0.007743369 0.037216377
97 0.5029215 -0.1011418 -0.24154672 -0.31344652 -0.06417019 0.040028024 -0.030391114 -0.2617438 -0.1945656 0.24110523 0.05315721 0.043388225 0.18960254 0.26271763 -0.015180683 0.007884061 -0.2024431 -0.47543898 0.117984526 -0.045441065 0.07645139 0.15857282 -0.3061904 -0.5093442 -0.20609383 0.6043361 0.035468288 0.2442232 -0.12371803 -0.1436237 0.2160818 0.038749363
81 0.19470066 0.0832879 -0.2683112 -0.41237602 0.24998918 0.023089448 0.11121297 -0.35521 -0.023039658 0.2818111 0.2437718 0.22549488 0.17192805 0.11383108 -0.02604996 -0.18630539 -0.027541988 -0.15263827 -0.093453735 -0.08016496 0.08009631 0.14164469 -0.10717274 -0.5983167 -0.3239687 -0.03838643 -0.039956253 0.09701811 -0.023915872 -0.08831594 -0.093015954 0.006553109
27 0.38978752 -0.07582156 -0.2610908 -0.3343697 0.009888885 0.06461035 0.049007706 -0.2469367 -0.15165536 0.3015431 0.102358036 0.108527854 0.19529654 0.28269768 -0.0014228877 -0.04281266 -0.1015667 -0.3294745 0.063767485 -0.063458346 0.10145281 0.20230559 -0.30195796 -0.528949 -0.26327813 0.43029633 -0.0020523071 0.21201675 -0.08297976 -0.12912452 0.04684944 0.12495917
98 0.25017527 0.12709643 -0.31633174 -0.37787 0.16324344 0.11593374 0.11510151 -0.31880704 -0.02155885 0.32150105 0.19590186 0.201942 0.16557564 0.18614116 0.008428299 -0.14875823 -0.07621202 -0.14327201 -0.114013195 -0.08114053 0.118081726 0.24060597 -0.12252762 -0.60783273 -0.23711666 0.0921865 -0.054765694 0.06273862 0.12349604 -0.09418757 -0.07216742 0.13803005
121 0.3748922 -0.07066954 -0.23149884 -0.31310534 -0.0047340128 -0.0050502243 0.08902325 -0.31226504 -0.15407807 0.2628169 0.09326901 0.085881345 0.17730546 0.19125107 0.0014779207 -0.029350635 -0.12377671 -0.28598997 0.09807066 -0.03786588 0.09164133 0.12686987 -0.22538364 -0.5880421 -0.28765583 0.26534712 0.036556616 0.18122382 -0.15891594 -0.10474492 0.10273884 -0.06335387
108 0.50038034 -0.15622422 -0.22772193 -0.28213772 -0.06149549 0.011608196 0.0055181473 -0.29011124 -0.19707468 0.22371829 0.06149411 0.07305847 0.18641186 0.22099747 -0.029303396 -0.010154124 -0.18154936 -0.46794263 0.10710104 -0.052336253 0.04314318 0.12656407 -0.28326413 -0.507151 -0.21435405 0.5266195 0.08907372 0.24205238 -0.19620036 -0.15605123 0.2551202 -0.06334617
49 0.19885184 0.08334919 -0.23594363 -0.3342203 0.3116578 0.0046323272 0.18731752 -0.37043387 -0.026522055 0.33196384 0.22190936 0.2029723 0.15828761 0.098332755 -0.016544461 -0.24903856 -0.067914195 -0.17009836 -0.08592956 -0.010425057 0.030524818 0.050263178 -0.054033905 -0.6471868 -0.37251747 -0.18660966 0.06797314 0.085076466 -0.112370916 -0.113801524 0.0058317026 -0.18602021
88 0.2731723 0.0025045578 -0.23923549 -0.31229556 0.195878 -0.02331264 0.0885208 -0.3797386 -0.11259481 0.28237095 0.15273629 0.20583715 0.052186586 0.0830091 -0.043114554 -0.16496733 -0.06280625 -0.21152648 -0.030061277 -0.061976917 0.04145363 0.04742575 -0.13630784 -0.61003757 -0.33834845 -0.049674384 0.10792573 0.105353594 -0.2208568 -0.13861372 0.010309244 -0.21576029
47 0.22915365 0.06292963 -0.27661502 -0.3372197 0.20747301 0.06771789 0.12224709 -0.32141042 -0.030606752 0.34167945 0.20100944 0.20594385 0.16665058 0.18034495 0.02438309 -0.18237801 -0.063160434 -0.123856276 -0.124933034 -0.0880175 0.10280575 0.16384098 -0.113490485 -0.6259368 -0.3019207 0.038175102 -0.054244846 0.07878981 0.06968379 -0.08407841 -0.052374154 0.037357423
102 0.415639 -0.078378566 -0.2500431 -0.3207743 -0.052594833 0.039872587 0.075147144 -0.27723902 -0.16576199 0.27610657 0.036901247 0.11607322 0.14207983 0.22463283 -0.026879458 -0.03560821 -0.17991866 -0.39743876 0.09920002 -0.053586077 0.07235117 0.09774195 -0.2834354 -0.50393367 -0.20962864 0.4086918 0.09099821 0.22048374 -0.107961416 -0.121729515 0.20241138 -0.05900352
89 0.26192045 -0.025483362 -0.28474817 -0.35916737 0.11989982 0.03526995 0.124985486 -0.32474655 -0.04916508 0.31906396 0.16766769 0.16296025 0.13643228 0.14985779 0.013410218 -0.08617977 -0.11577218 -0.22368656 -0.05382789 -0.09429613 0.12164497 0.18164068 -0.13118094 -0.6617545 -0.2844919 0.062641084 0.014980704 0.055677764 -0.016502336 -0.116253555 0.09172993 -0.04641864
5 0.43989044 -0.11798118 -0.2715692 -0.28972656 -0.022653865 0.037806116 0.032363158 -0.29317588 -0.19390173 0.25553638 0.076566726 0.099459305 0.16701743 0.20215645 -0.013667603 -0.028649354 -0.19243146 -0.4050379 0.050655495 -0.05715374 0.049506098 0.096821345 -0.22292362 -0.51683354 -0.21810676 0.3909336 0.07411991 0.19290562 -0.1283734 -0.14044076 0.17774916 -0.09367541
3 0.23846775 0.0049631344 -0.27197245 -0.2972041 0.1715693 0.008475514 0.11132522 -0.38810334 -0.09680603 0.3566832 0.1719114 0.19768782 0.037306562 0.11061343 -0.030518346 -0.1717508 -0.08613238 -0.13640927 -0.030377235 -0.06176762 0.057167366 0.06969172 -0.13860631 -0.69215775 -0.29815808 -0.07351911 0.11293173 0.09926496 -0.08422509 -0.09299485 -0.010940384 -0.1457101
34 0.2712193 -0.056882944 -0.33180216 -0.35776266 0.13769642 0.010951025 0.16186659 -0.34446213 -0.095385514 0.33334824 0.142194 0.16212775 0.0903984 0.1080769 0.011194432 -0.12611574 -0.09584981 -0.08764895 -0.091532014 -0.09693504 0.118495345 0.09595199 -0.16455744 -0.69876236 -0.2901709 0.033023715 0.023173891 0.07266612 0.02923641 -0.071449764 -0.025832605 -0.09435975
16 0.21538942 0.01900975 -0.29420203 -0.34462485 0.19072461 0.08818149 0.12320735 -0.37724286 -0.051760655 0.36080068 0.19020873 0.20357351 0.05323596 0.12363549 0.007655457 -0.13469398 -0.09849838 -0.11008954 -0.10506375 -0.08113295 0.10444145 0.06376071 -0.120571084 -0.6645091 -0.28526178 -0.060306046 0.040778518 0.071739 0.010020932 -0.051771726 0.0009116348 -0.06599255
74 0.34728763 -0.08383873 -0.25417405 -0.29204714 0.07896509 0.03966102 0.085091285 -0.3196653 -0.13200109 0.32248056 0.08061377 0.12233136 0.06268845 0.18079838 -0.0017377158 -0.105191894 -0.14144307 -0.2623628 -0.02059842 -0.093121536 0.08979465 0.07719121 -0.1850175 -0.61662805 -0.3185944 0.16809383 0.06884972 0.106066644 -0.12629463 -0.07539076 0.11482181 -0.15419021
82 0.22383486 0.12885045 -0.18842614 -0.3868487 0.2200692 0.002266106 0.16007772 -0.4006438 -0.07052021 0.29023087 0.19268592 0.21049458 0.11906837 0.055703014 -0.06953366 -0.19532298 -0.077214524 -0.19392718 -0.06415659 -0.040261038 0.05520856 0.119762465 -0.0948553 -0.66213286 -0.33167106 -0.09720078 0.044461276 0.11003929 -0.12278517 -0.1149702 -0.026187548 -0.15899046
67 0.2971158 0.017057857 -0.20305672 -0.31374228 0.15958299 0.01328376 0.14864156 -0.36187407 -0.08728647 0.30749434 0.19111776 0.15677562 0.11641346 0.13482943 -0.017172638 -0.15682462 -0.06914816 -0.19966733 0.014863275 -0.058596324 0.041640706 0.101904795 -0.13167304 -0.5918525 -0.30734238 0.009690372 0.10180651 0.12577069 -0.15372615 -0.118384734 0.02626886 -0.13686812
66 0.2764028 0.11124491 -0.28917325 -0.41544098 0.22426319 0.07240411 0.0445748 -0.3446607 -0.016000288 0.2862076 0.2232472 0.23817998 0.14271022 0.17171788 0.027750593 -0.15791124 -0.059823148 -0.14789894 -0.055218954 -0.06520558 0.09779444 0.19022289 -0.14314803 -0.6105675 -0.28535774 0.054842208 -0.022432009 0.10699609 0.10471641 -0.07556638 -0.09934662 0.12611248
115 0.24331841 0.055405837 -0.19623052 -0.33704546 0.23947474 -0.060773864 0.17534773 -0.38608438 -0.060225282 0.2600495 0.18316814 0.18458109 0.09760038 0.008768493 -0.05013949 -0.15274537 -0.0646639 -0.21714473 -0.07602751 -0.07284124 0.023141919 0.047597826 -0.045976076 -0.6666895 -0.33954433 -0.07483361 0.051028024 0.090801135 -0.18662474 -0.12631346 0.015633993 -0.26209298
120 0.34736982 -0.06559012 -0.21525675 -0.29655787 0.06601754 -0.013277151 0.12853102 -0.30609646 -0.14311753 0.28392336 0.072275974 0.12271452 0.15894625 0.18070564 -0.009911408 -0.05803293 -0.12636477 -0.34866104 0.07391594 -0.020636534 0.06557281 0.07348662 -0.15824106 -0.55495936 -0.31205997 0.24240923 0.061225433 0.14294502 -0.20459266 -0.12738802 0.11897233 -0.12448332
73 0.25934824 0.047108967 -0.29433784 -0.35469434 0.2187772 0.04999976 0.1354411 -0.32367277 -0.07512706 0.32735807 0.18774436 0.21523292 0.14766462 0.139134 0.046898674 -0.16616568 -0.07024988 -0.14674497 -0.076239675 -0.08016538 0.045716517 0.100155756 -0.16009706 -0.6178167 -0.30131462 0.017406974 0.008592446 0.11468827 -0.010741351 -0.08822237 -0.067564115 0.0005761561
111 0.45918524 -0.022487488 -0.23779583 -0.34761244 -0.023555338 0.02389731 -0.004603482 -0.25989288 -0.19541791 0.25668627 0.066415325 0.120699756 0.17390792 0.27535397 -0.004575863 -0.0037816237 -0.1515431 -0.39096487 0.13542445 -0.0726418 0.07021583 0.18109192 -0.30440497 -0.5098089 -0.20331112 0.5034785 0.050711296 0.22288987 -0.05644593 -0.118817054 0.1359014 0.056182753
28 0.2191504 0.032275736 -0.3185199 -0.37582535 0.0839027 0.0776931 0.15467288 -0.30287537 -0.05248405 0.37703767 0.10507875 0.17598465 0.1552307 0.19945441 0.02976765 -0.15301143 -0.111064345 -0.18414246 -0.07709317 -0.04248849 0.115586475 0.18054381 -0.14004815 -0.64418215 -0.23490871 0.13408777 -0.0067340927 0.09285891 -0.0030733421 -0.08629832 -0.024863949 -0.000786913
59 0.38793188 -0.10783437 -0.28329113 -0.29986808 -0.031495273 0.059916526 0.09957397 -0.2748524 -0.16683231 0.31458443 0.061472423 0.1088248 0.12708251 0.18653388 0.0070829624 -0.03413467 -0.18741143 -0.33032164 -0.012910413 -0.03565026 0.09468497 0.10965434 -0.19640961 -0.5983311 -0.21007252 0.26570138 0.095094234 0.15687668 -0.11084632 -0.098310344 0.14407443 -0.0889039
22 0.5305757 -0.1710226 -0.21888521 -0.28466558 -0.104712464 -0.009973164 0.021677433 -0.25138786 -0.24492376 0.25893694 -0.0035294502 0.08072739 0.20003068 0.26878902 -0.02019115 0.022330241 -0.19481276 -0.51017463 0.16880488 -0.0777153 0.06725338 0.11989887 -0.36159873 -0.50156534 -0.21992946 0.651815 0.06919769 0.26920006 -0.18609475 -0.16787788 0.24566634 -0.0112206815
87 0.28495908 -0.0108042825 -0.25776246 -0.34553632 0.07702342 0.02509487 0.102108866 -0.35087287 -0.07854747 0.31700104 0.114195995 0.1673124 0.10178746 0.17893142 0.005494053 -0.10219605 -0.117072284 -0.22533551 -0.041499216 -0.0583549 0.06428615 0.097632974 -0.1782278 -0.6138852 -0.25399536 0.19947207 0.08777992 0.15628879 -0.06875895 -0.10794813 0.034434624 -0.031796247
116 0.2719667 0.10595 -0.36265972 -0.43486717 0.12397575 0.16921556 -0.010632751 -0.3228799 -0.040939488 0.31077802 0.19340983 0.24929914 0.12310353 0.23721652 0.027327053 -0.11735648 -0.112086795 -0.12686814 -0.14781076 -0.09505664 0.16393991 0.21960129 -0.21214364 -0.60271233 -0.22347336 0.14931005 -0.11082646 0.13951258 0.23634207 -0.05196986 -0.12506668 0.28168905
118 0.23461427 0.023375405 -0.31691968 -0.39247093 0.18160139 0.062929444 0.17860384 -0.35951608 -0.02522876 0.34852442 0.17446515 0.18929115 0.11088203 0.11813744 0.005863898 -0.16584072 -0.092283994 -0.09202259 -0.142683 -0.07853967 0.111256234 0.0841214 -0.10030549 -0.6703576 -0.2608195 -0.045740724 0.042823307 0.063206226 0.05593476 -0.029973282 -0.029590193 -0.062291976
107 0.41206282 -0.040560022 -0.2319089 -0.3435856 0.03181527 0.017849563 0.05979878 -0.28357995 -0.15461949 0.25350723 0.06929274 0.09332269 0.18974517 0.21592496 -0.019975174 -0.05189927 -0.1290336 -0.37720528 0.09888722 -0.017251112 0.04221157 0.14794818 -0.24094306 -0.57176346 -0.24424174 0.40980205 0.035926577 0.18452276 -0.14415608 -0.14672714 0.15307069 -0.0077449754
71 0.22269753 0.10476827 -0.28639433 -0.41622502 0.22539487 0.07123534 0.13822983 -0.38713905 -0.027521238 0.290431 0.25522774 0.24577132 0.14440307 0.123428494 -0.015314232 -0.17174824 -0.04216506 -0.08523642 -0.11052088 -0.08766877 0.08959612 0.21284239 -0.08687774 -0.6603727 -0.28296548 -0.042675696 -0.04001428 0.053506535 0.060934514 -0.08489844 -0.12772128 0.080430925
8 0.4106735 -0.03333333 -0.17679124 -0.3183633 0.0828532 -0.008272733 0.054053545 -0.31856477 -0.1574605 0.29185554 0.13038957 0.115930736 0.18220285 0.19485877 -0.029763035 -0.0847449 -0.16152745 -0.35746348 0.06872701 -0.041631505 0.05593585 0.050822437 -0.20131299 -0.54359734 -0.23554862 0.3003137 0.124445334 0.18270381 -0.18821578 -0.14888498 0.16465443 -0.12243244
23 0.28862587 0.03967279 -0.25730062 -0.3966765 0.12632535 0.05848853 0.11059384 -0.30094472 -0.06334423 0.28879535 0.16053429 0.1621713 0.15878548 0.17661542 0.012029347 -0.09170928 -0.11947221 -0.22795331 -0.032847427 -0.03716785 0.10284372 0.1611487 -0.13560946 -0.60959685 -0.2466254 0.15123223 0.00033097068 0.10924945 0.0020206943 -0.08414789 0.023012191 0.029989827
36 0.29373 -0.009917585 -0.3023764 -0.33665702 0.11933693 0.08367069 0.0982761 -0.30179206 -0.087897636 0.32457128 0.12062901 0.16823848 0.16896735 0.2317315 0.021990204 -0.06951843 -0.122631885 -0.21123114 -0.06904293 -0.059220854 0.09830597 0.15024304 -0.15212555 -0.59295297 -0.25163296 0.12773637 0.027155407 0.111615926 -0.009734286 -0.12245872 -0.007359982 -0.00019729635
53 0.3629295 0.0055620773 -0.26948443 -0.3878094 0.065010116 0.04995351 0.032506846 -0.33404922 -0.1152202 0.2354707 0.12943599 0.13423213 0.14567804 0.18485053 -0.0077458434 -0.06724522 -0.13961369 -0.301304 0.013225647 -0.06293669 0.079398535 0.16190138 -0.18673663 -0.56089956 -0.21919195 0.3091369 -0.0017969485 0.13877779 0.007913869 -0.09983758 0.076821335 0.055183113
103 0.4762577 -0.08090461 -0.20470855 -0.32887742 -0.048072074 -0.0076391627 -0.0007662666 -0.26177058 -0.19478738 0.25420156 0.067224026 0.067231596 0.19980982 0.2619044 -0.033129286 -0.010782703 -0.18343744 -0.4306567 0.13634576 -0.040744826 0.0922962 0.12984936 -0.2827574 -0.50997144 -0.22368762 0.55159366 0.034807246 0.23875795 -0.13023281 -0.12583704 0.17643483 0.0026825962
17 0.2806034 0.07812396 -0.28399432 -0.42469275 0.15997007 0.09908077 0.06590768 -0.3439452 -0.021759726 0.29909453 0.2243724 0.22932284 0.17327704 0.19418377 -0.0008173821 -0.09625716 -0.07065692 -0.15685765 -0.058525477 -0.04693913 0.08069008 0.20220408 -0.13489194 -0.6088378 -0.2830482 0.07774244 -0.069395155 0.088001855 0.07206887 -0.06852414 -0.08408358 0.1015117
80 0.25404096 0.030118246 -0.21108404 -0.3466724 0.24175364 -0.040567566 0.14931549 -0.39173153 -0.07683198 0.2903007 0.19279705 0.21853234 0.09824524 0.049434442 -0.053384226 -0.19187078 -0.092062466 -0.2310842 -0.06870041 -0.027411038 0.017411893 0.009487979 -0.09892816 -0.6242718 -0.36138722 -0.068764865 0.15700857 0.14179814 -0.24210796 -0.12476062 0.018041868 -0.2516028
13 0.27762473 -0.033014935 -0.27820197 -0.31123433 0.12217885 0.01168561 0.14504074 -0.3435201 -0.09048582 0.33971596 0.16375452 0.1809994 0.087884955 0.1499932 -0.02548783 -0.12548028 -0.09792695 -0.1358874 -0.017851586 -0.036774825 0.07969268 0.08714178 -0.16618115 -0.6374378 -0.27885008 0.021861712 0.0879497 0.119564846 -0.039975602 -0.10907717 -0.009560933 -0.13092722
75 0.15951352 0.12587155 -0.17972754 -0.3782433 0.31881192 -0.06959625 0.23109886 -0.4024389 -0.055612013 0.26508063 0.22220068 0.22388287 0.09935653 -0.017591082 -0.07269853 -0.23851247 -0.03648268 -0.18350694 -0.08718955 -0.0016429519 0.01717444 0.023156151 0.0040239063 -0.6910548 -0.41491297 -0.2840611 0.12409104 0.0678726 -0.21910292 -0.15039867 -0.038651686 -0.298916
10 0.2548533 0.12420003 -0.16664577 -0.3559332 0.2731445 -0.04422641 0.1604402 -0.41742423 -0.098970614 0.22583681 0.21157503 0.20259017 0.14861089 0.006802561 -0.071623564 -0.21323049 -0.10600598 -0.19381753 -0.0294544 0.017110266 0.011580171 0.038925223 -0.031658262 -0.6567829 -0.35123515 -0.18401696 0.079813294 0.09342367 -0.17668356 -0.12919973 0.0168527 -0.22341119
33 0.26557913 0.017584587 -0.23311539 -0.39009362 0.121426605 0.020470083 0.17978731 -0.33159712 -0.06456114 0.25677916 0.17620453 0.15019861 0.18330863 0.14673327 -0.009190754 -0.09269154 -0.12221076 -0.19239315 -0.05270278 -0.0030775794 0.09948331 0.12093537 -0.10161711 -0.6474935 -0.27606162 0.046880636 -0.00089843094 0.063370295 -0.05598634 -0.09105227 0.03510111 -0.07434184
84 0.28927085 -0.07292483 -0.29321402 -0.27044952 0.10077797 0.007599357 0.13855465 -0.37659243 -0.118410006 0.3383645 0.13459726 0.2073755 0.11548322 0.112423025 0.016882999 -0.12789714 -0.057846542 -0.15169246 -0.032947496 -0.110536516 0.10613513 0.13322644 -0.19451 -0.6386442 -0.29825017 0.055451185 0.04722238 0.10912124 -0.0373169 -0.0791331 -0.034096163 -0.07244005
18 0.24599373 0.019391757 -0.32356352 -0.36212415 0.11341091 0.059059672 0.13511892 -0.32353318 -0.081424415 0.34969887 0.16897662 0.18270312 0.12824368 0.16979364 -0.005724462 -0.13556992 -0.12803689 -0.12781516 -0.1038436 -0.10042263 0.12500252 0.13643098 -0.12297481 -0.64845777 -0.24986953 0.102586456 0.0019838458 0.07720279 0.07169535 -0.10905702 0.01913748 -0.023778876
126 0.25739023 0.10874008 -0.28616855 -0.40867746 0.21562731 0.095292866 0.0052418876 -0.3547175 -0.018858971 0.29189035 0.23002619 0.25106925 0.12967288 0.16252144 0.025590843 -0.14604715 -0.046343695 -0.14294396 -0.052867927 -0.045622386 0.08123907 0.17934652 -0.17419833 -0.582717 -0.31812152 0.02765522 -0.013751827 0.08954269 0.0372493 -0.036558934 -0.11158089 0.1324476
86 0.24583055 0.061396927 -0.34237012 -0.36978942 0.16523167 0.12559953 0.04711392 -0.29012758 -0.038274042 0.35324514 0.17813379 0.1867028 0.12045693 0.18268307 0.0513819 -0.156213 -0.08906535 -0.15072705 -0.13122845 -0.07729695 0.12775683 0.17002547 -0.1658167 -0.6176795 -0.2963186 0.07035448 -0.058783412 0.08567104 0.08464572 -0.069765404 -0.059739117 0.122632794
21 0.23125193 0.09833013 -0.18171386 -0.37360972 0.31856564 -0.04629935 0.09928759 -0.36393282 -0.077667534 0.28736898 0.24674469 0.30672118 0.11440466 0.04001792 -0.04391822 -0.15264808 -0.017964376 -0.17893249 -0.0187091 -0.04191732 0.06784142 0.10989763 -0.09569258 -0.6111506 -0.4170955 -0.13998386 0.036095504 0.09874019 -0.13118762 -0.10683271 -0.085411444 -0.05474523
19 0.4312809 -0.07451865 -0.23716445 -0.34064 -0.023177601 0.04093337 -0.0016391911 -0.2796551 -0.16450036 0.29358798 0.105262004 0.08823691 0.16003224 0.25147745 -0.0011053083 -0.05153375 -0.20586154 -0.42616907 0.0586362 -0.051418867 0.087951705 0.15268813 -0.22599523 -0.52514505 -0.22494389 0.4566797 0.05378552 0.19198516 -0.10913628 -0.13764226 0.2199573 -0.029379604
57 0.29045558 0.015247528 -0.29645556 -0.33203432 0.09259166 0.083449624 0.09202495 -0.3171142 -0.08510393 0.32613182 0.1607763 0.19192801 0.107861295 0.18554197 0.019936461 -0.122788385 -0.120752804 -0.1966059 -0.051001575 -0.06641205 0.070675895 0.15727559 -0.18073729 -0.6222025 -0.24344385 0.10748018 0.06515763 0.13002083 -0.022196973 -0.11787231 0.0120188445 -0.0132173225
99 0.22571571 0.030675273 -0.28680363 -0.41879913 0.11559663 0.07662537 0.123747736 -0.28700396 -0.009553426 0.3359311 0.20098007 0.20708461 0.16434108 0.22658163 0.018235292 -0.086692594 -0.082901515 -0.15320507 -0.06287529 -0.023338225 0.1410112 0.22834636 -0.16756284 -0.6072583 -0.23224303 0.12568563 -0.028118908 0.08992944 0.0665496 -0.080849946 -0.006295284 0.1421256
70 0.16317268 0.12330168 -0.14144386 -0.36109155 0.36424637 -0.09398364 0.19923218 -0.42500517 -0.034002192 0.28146884 0.2812517 0.26500377 0.102107495 -0.0326729 -0.10957636 -0.27101257 -0.04401988 -0.18006414 -0.07369849 0.017069547 -0.013449178 0.017953167 -0.033292394 -0.6754859 -0.43621013 -0.3024934 0.10395215 0.088033356 -0.21836798 -0.1192944 -0.029693425 -0.2814715
30 0.28368622 0.0061995955 -0.30628002 -0.3811168 0.10303811 0.056082003 0.11026446 -0.31859675 -0.073541425 0.2839575 0.1375624 0.17540246 0.08605422 0.14571276 0.024018506 -0.09509361 -0.12975019 -0.21747634 -0.050977618 -0.077220805 0.123212166 0.11365356 -0.16805032 -0.6252885 -0.26768667 0.14677486 0.04019308 0.10408979 0.030564617 -0.042968377 0.0003877759 -0.022417905
54 0.20016447 0.19245778 -0.30669066 -0.42521635 0.27390164 0.12604189 0.029263811 -0.34505558 0.031333294 0.3226547 0.24440342 0.28542227 0.11932349 0.18400739 -0.026761636 -0.16078354 -0.00637081 -0.124300964 -0.10343763 -0.045045137 0.118988074 0.22783403 -0.15300238 -0.62297827 -0.3100413 0.0123145245 -0.0880211 0.089986324 0.12449522 -0.07067195 -0.17060494 0.22529387
14 0.48710468 -0.1476818 -0.23862112 -0.27949828 -0.056450095 0.01251717 0.02622353 -0.2602089 -0.24047485 0.25944826 0.0149261 0.061719432 0.17512925 0.25496098 -0.003486077 0.021284191 -0.17503293 -0.49486658 0.15004481 -0.05349233 0.036186446 0.12163098 -0.31729397 -0.52547693 -0.25128263 0.56844765 0.090929516 0.22948703 -0.1875189 -0.13915217 0.24371101 -0.05462115
4 0.3828161 -0.069603495 -0.22593248 -0.30515185 0.07470034 -0.0074804043 0.06721097 -0.31150055 -0.20339273 0.24181297 0.08859608 0.12092819 0.1649295 0.19728713 -0.040508535 -0.08542648 -0.12118152 -0.37710404 0.09271581 -0.03747967 0.019531056 0.12165189 -0.21034253 -0.5394818 -0.26533818 0.38602033 0.06772233 0.21547727 -0.20987327 -0.18637224 0.12728679 -0.078886814
12 0.21125247 0.035755277 -0.35256463 -0.38462478 0.16684975 0.13797724 0.14575213 -0.30190587 -0.013667005 0.38482705 0.20775346 0.19612674 0.119665675 0.19692719 0.05313401 -0.14462031 -0.072121695 -0.06142989 -0.13943976 -0.07786051 0.09098111 0.15125997 -0.09065253 -0.66689885 -0.28844976 -0.07462126 -0.027919443 0.010574985 0.04273461 -0.077885665 -0.056232765 -0.0022411954
78 0.28592518 0.032680485 -0.30812383 -0.32774 0.1092995 0.08998959 0.09975857 -0.3180139 -0.11201773 0.3281915 0.11153668 0.19026116 0.11516534 0.16145872 0.0049469047 -0.1112507 -0.12652208 -0.2515271 -0.08665441 -0.078123555 0.07578496 0.11007701 -0.1777824 -0.569657 -0.3054513 0.106408924 0.017533956 0.13861124 -0.050074838 -0.09918946 0.035730015 0.0006217355
125 0.23026985 0.03410237 -0.24371986 -0.38425446 0.17017049 0.033740114 0.10664041 -0.32465717 -0.053107426 0.30777913 0.19942288 0.24202713 0.12744993 0.1524005 0.009917894 -0.13665056 -0.07496322 -0.18158203 -0.011855811 -0.054513592 0.08379948 0.16062067 -0.14896587 -0.6233527 -0.2994208 0.08814929 -0.03375162 0.08955077 -0.03969798 -0.09022849 -0.013178513 0.061588414
91 0.3645133 -0.06368069 -0.26300246 -0.31248337 0.06406629 0.061499227 0.11411421 -0.27964503 -0.13666372 0.3159153 0.12885085 0.10511961 0.13929468 0.20266016 0.035773676 -0.06293105 -0.15931486 -0.30666628 0.008837956 -0.052755605 0.0597135 0.114453524 -0.17353503 -0.55761915 -0.2923212 0.23358563 0.06656994 0.11832065 -0.08441141 -0.100296386 0.107714266 -0.08623834
105 0.34019265 -0.027972816 -0.22716406 -0.30643645 0.07113163 0.022434907 0.11490295 -0.31221345 -0.1523061 0.28460246 0.13428412 0.15743224 0.1737223 0.15914899 -0.042847674 -0.106864266 -0.16536269 -0.3166402 0.01302708 -0.022382444 0.053039685 0.14141 -0.15745266 -0.5692193 -0.2706146 0.2771123 0.06592163 0.19555722 -0.13342863 -0.17251317 0.13289087 -0.072351806
40 0.254847 0.02125747 -0.32753268 -0.39178604 0.13706745 0.07050364 0.13224159 -0.30778876 -0.018393816 0.33382797 0.18173654 0.16153577 0.12195976 0.16133691 0.037291873 -0.13454159 -0.09373794 -0.089058325 -0.123544164 -0.091909744 0.15216868 0.151808 -0.1244336 -0.6638934 -0.28670052 0.018215628 -0.024500173 0.061739046 0.14586674 -0.06668463 -0.0596372 -0.012341958
31 0.41421673 -0.12161668 -0.22847374 -0.2588897 -0.0067550438 0.026884584 0.08565595 -0.29375583 -0.17108199 0.3065465 0.087026015 0.083315775 0.17044188 0.21910146 -0.02251298 -0.07437955 -0.13368133 -0.36661845 0.06261539 -0.032954838 0.048912633 0.10424056 -0.23616685 -0.54757273 -0.22456872 0.3011452 0.1258073 0.16096671 -0.16202441 -0.14330451 0.1425906 -0.13850167
85 0.28139675 -0.009705631 -0.28040686 -0.31219137 0.12721014 -0.00017717006 0.13783129 -0.34376106 -0.10952653 0.30726215 0.11124383 0.15860377 0.07969081 0.12273257 -0.0034779345 -0.140146 -0.104113996 -0.21788695 -0.05089831 -0.067174666 0.07337316 0.06982755 -0.15201099 -0.6302477 -0.27828267 0.102844514 0.09411328 0.121841304 -0.069191664 -0.115548275 0.025988102 -0.16533871
52 0.25770333 0.0684325 -0.35870105 -0.40499932 0.15901595 0.11286277 0.06216543 -0.30841273 -0.016639007 0.30184934 0.21201952 0.19010113 0.13963671 0.20268095 0.0024850063 -0.117280684 -0.09831027 -0.15510912 -0.1160105 -0.0921678 0.10440837 0.22040501 -0.1370976 -0.6252354 -0.2785379 0.10203086 -0.08755173 0.062327243 0.13310412 -0.081248075 -0.059050057 0.114703245
55 0.24501593 0.09286207 -0.3627254 -0.3757721 0.17140546 0.14233433 0.10925995 -0.3225893 -0.031766254 0.3564871 0.20892131 0.21441008 0.18496844 0.22547379 0.0068402165 -0.1518279 -0.0576641 -0.10965131 -0.15374881 -0.07877364 0.14304744 0.24080557 -0.15668705 -0.5963671 -0.2725176 0.0733993 -0.104369685 0.10171701 0.14806841 -0.10106098 -0.120112576 0.20949377
113 0.3363676 0.03258944 -0.2679929 -0.341543 0.15460122 -0.0103549 0.16514893 -0.37368876 -0.09061686 0.28449404 0.1452461 0.18044804 0.07533581 0.09170193 0.002598296 -0.18684164 -0.1661021 -0.15134475 -0.03657187 -0.051188968 0.080646865 0.047503278 -0.11051936 -0.66713893 -0.3032457 -0.019140411 0.08098928 0.13014619 -0.01967846 -0.07903058 0.0109954355 -0.15263927
38 0.23077786 0.096594386 -0.28967422 -0.42079073 0.19241081 0.11706719 0.04265889 -0.36797115 -0.05102236 0.29194626 0.19949979 0.21508293 0.10778491 0.15581937 0.023562223 -0.12930745 -0.059112106 -0.20046087 -0.07686112 -0.093929864 0.08259176 0.18093945 -0.1483655 -0.60357934 -0.2984474 0.0476618 -0.016585896 0.10779773 0.06656301 -0.06848813 -0.088591084 0.13573726
48 0.19941832 0.19511713 -0.23278876 -0.37792274 0.246826 0.06579781 0.18220098 -0.3862177 -0.03257085 0.27766123 0.2427921 0.26947612 0.09063841 0.105781324 -0.06919619 -0.18458356 -0.08421812 -0.09563717 -0.08772344 -0.02084506 0.08438429 0.17402121 -0.04937035 -0.69989234 -0.26201317 -0.15363 0.01981196 0.07307683 -0.01979055 -0.14544936 -0.053194918 -0.0488023
43 0.3770118 -0.011362691 -0.2939437 -0.3441515 0.048941284 0.070725955 -0.0010371961 -0.3088733 -0.13302977 0.27951452 0.109731965 0.13891636 0.14343609 0.20367514 -0.035823487 -0.034617707 -0.15214452 -0.2952165 -0.027443623 -0.08724006 0.08359554 0.13919564 -0.18826383 -0.5507023 -0.22553796 0.30449703 0.052403703 0.15466687 -0.053738337 -0.11547288 0.11143263 0.01853363
101 0.22516586 0.11162527 -0.2382491 -0.4594111 0.14331034 0.06630919 0.08866043 -0.36887977 -0.0021274015 0.24441124 0.23098299 0.22469726 0.17218421 0.15606102 -0.02421718 -0.0893532 -0.06444679 -0.13362974 -0.05552283 -0.0151893655 0.10079133 0.21903047 -0.10710525 -0.6675816 -0.25276315 0.05521075 -0.049634352 0.07412006 0.03684361 -0.0655449 -0.06920366 0.07967878
20 0.2719407 0.019910285 -0.26274782 -0.33729583 0.1427767 0.030743098 0.16401692 -0.38085267 -0.07326683 0.2906514 0.15772139 0.15466967 0.1333741 0.13260572 -0.020865433 -0.11223804 -0.09591996 -0.10847818 -0.06578449 -0.03579014 0.10784954 0.13440056 -0.13416576 -0.6658491 -0.26870397 0.02159134 0.018339457 0.09039497 0.020877743 -0.06929401 -0.045146454 -0.05132458
60 0.24807669 -0.025101203 -0.25987616 -0.3652805 0.17823578 -0.015016551 0.09717506 -0.32617575 -0.077190466 0.27997062 0.20730388 0.15595384 0.07338142 0.09334175 -0.009651689 -0.11779959 -0.104238674 -0.17063783 -0.078229174 -0.10509811 0.107964106 0.08668418 -0.13315476 -0.6461642 -0.32366815 0.017058853 0.027745008 0.06242631 -0.028628314 -0.113596775 0.017164007 -0.11778565
109 0.2970463 -0.028697267 -0.29309168 -0.32459673 0.082040854 0.07453586 0.14309643 -0.32202518 -0.074006505 0.31421533 0.1754099 0.12079069 0.15680017 0.21452592 0.043739982 -0.07672515 -0.08804067 -0.17848735 -0.03367875 -0.06766162 0.11960314 0.18200107 -0.15386112 -0.62087494 -0.25165316 0.14102896 0.0032025063 0.07625904 0.024402227 -0.09234473 0.027335892 0.019288974
100 0.17279749 0.045814607 -0.2634107 -0.38679656 0.12418811 0.065064915 0.23149072 -0.27437806 -0.034300573 0.3580465 0.12837803 0.23120335 0.17534818 0.1591253 -0.03523059 -0.13363999 -0.08804611 -0.14290613 -0.0126792155 0.008577499 0.106395036 0.1719725 -0.08862607 -0.6652202 -0.26259083 0.07227847 -0.03393475 0.069936015 -0.12507191 -0.1505495 0.031318564 -0.017043216
123 0.2283431 -0.023134997 -0.33395573 -0.37649935 0.12107216 0.06405128 0.14980578 -0.30183566 -0.043722887 0.32064793 0.15927722 0.1540437 0.14845711 0.16962384 0.019385625 -0.11408671 -0.051672332 -0.14936315 -0.06713629 -0.0985436 0.13722256 0.20751868 -0.1649643 -0.6332649 -0.27354544 0.09718567 -0.07855059 0.059903063 0.051831834 -0.09532169 0.0019126802 0.044358525
94 0.19395767 0.004194129 -0.31800625 -0.33140042 0.21299464 0.061637133 0.13231565 -0.34436455 -0.084836334 0.37993935 0.18000129 0.26110616 0.04126608 0.093368456 -0.003253472 -0.18756557 -0.021009248 -0.08043629 -0.09063255 -0.10768424 0.10140127 0.10632931 -0.13489327 -0.6754897 -0.29953244 -0.07665515 0.025853641 0.06353883 -0.06215897 -0.11863185 -0.10241191 -0.06056694
25 0.38373315 -0.17033088 -0.30567855 -0.29332092 -0.010203597 0.028199054 0.098824725 -0.2856587 -0.2074735 0.29762253 0.04578897 0.09512103 0.19274461 0.2394899 0.012516386 -0.045894574 -0.0992397 -0.33408377 0.09303223 -0.08384778 0.062185008 0.17063613 -0.24049643 -0.57312834 -0.29200897 0.43908927 -0.024280803 0.15560253 -0.20393233 -0.16889088 0.11018936 -0.016290056
1 0.41340584 -0.07038991 -0.23614891 -0.31816703 -0.0012654525 0.039154608 0.017475232 -0.3012724 -0.17751203 0.28241596 0.050540507 0.09079646 0.1708179 0.22829768 -3.4337085e-05 -0.061329674 -0.16923992 -0.46198633 0.07483331 -0.034834974 0.013491298 0.08256349 -0.25974813 -0.51411116 -0.20361538 0.48269853 0.101421185 0.19817358 -0.18797642 -0.14723748 0.19048436 -0.07160715
32 0.31630695 0.07616071 -0.23100339 -0.34356114 0.18091774 0.07350984 0.08113537 -0.35681728 -0.06364355 0.28317925 0.20629534 0.18453681 0.11521992 0.1563585 -0.040672027 -0.16298634 -0.09900026 -0.24128652 -0.055118863 -0.03843336 0.036030803 0.12467734 -0.12122837 -0.59978175 -0.25523508 0.047408 0.05041502 0.11321718 -0.06070528 -0.113916844 -0.017043987 -0.037317522
92 0.22795492 0.081942566 -0.25920546 -0.3447936 0.22066183 0.016937321 0.15539704 -0.36133364 -0.054179177 0.34637347 0.18760753 0.2375437 0.10351455 0.087607525 -0.04700205 -0.23194483 -0.088070065 -0.12310838 -0.088912636 -0.045481503 0.047611345 0.09266747 -0.11797039 -0.6551708 -0.31886035 -0.045903224 -0.00091867323 0.079110965 -0.03308902 -0.13742481 -0.042497486 -0.12401976
95 0.20841539 0.11671997 -0.21230634 -0.36918858 0.28007388 -0.040209908 0.17518489 -0.38386387 -0.06437508 0.2828142 0.2335044 0.22286306 0.08547342 0.053294778 -0.07925835 -0.1942215 -0.08170228 -0.17140678 -0.07966191 -0.017296847 0.047377955 0.023712274 -0.057059586 -0.66159636 -0.3438352 -0.16848817 0.08098084 0.10142158 -0.13301308 -0.13199276 -0.015140126 -0.25051445
117 0.53475994 -0.12476304 -0.21532354 -0.31432003 -0.09726153 0.0027555586 -0.028618455 -0.27018017 -0.22757035 0.22931963 0.0067498735 0.058967322 0.22226536 0.26735494 -0.022864988 0.021663496 -0.2183972 -0.4983192 0.15303668 -0.03463853 0.061277423 0.14031881 -0.34087884 -0.46781987 -0.19274648 0.6429442 0.07581467 0.268055 -0.1544295 -0.15140891 0.22420971 0.01681305
76 0.23921892 0.05502341 -0.30010116 -0.34160227 0.19167948 0.046680834 0.1819407 -0.2975682 -0.07127466 0.3483753 0.19489317 0.18778373 0.12874128 0.14823629 -0.011418064 -0.18090679 -0.041242614 -0.13639708 -0.09469818 -0.09308011 0.08049338 0.16762805 -0.13629226 -0.6365368 -0.34682673 -0.00762615 -0.0059217545 0.0686545 -0.008929445 -0.12113675 -0.0444983 -0.021330828
2 0.18982954 0.115000576 -0.32325906 -0.40996093 0.12739985 0.12516418 0.12989105 -0.31020486 -0.029056149 0.3486679 0.16233486 0.2167202 0.13163833 0.20037691 -0.0057410435 -0.15888104 -0.08058343 -0.118797794 -0.16052428 -0.042648803 0.071616225 0.2026376 -0.14691438 -0.6156751 -0.2292401 0.09033799 -0.045170162 0.11035122 0.056492295 -0.12510253 -0.072543696 0.14969204
83 0.24255039 0.047977686 -0.20667669 -0.36740345 0.17153811 -0.06314845 0.14181432 -0.34852844 -0.07419944 0.2867466 0.15749055 0.19376616 0.10833751 0.07531376 -0.06466975 -0.1429598 -0.086225666 -0.23969375 0.006628971 -0.044428438 0.057547722 0.051083982 -0.10863771 -0.6534622 -0.32914415 -0.028674971 0.107870534 0.12583165 -0.18234766 -0.11014118 0.015372696 -0.20631045
79 0.48095825 -0.11738061 -0.278731 -0.2779854 -0.065905906 0.03429222 -0.008563101 -0.2635135 -0.20872606 0.27417928 0.00418477 0.06278036 0.1649866 0.26759017 0.030762112 -0.019886812 -0.17970327 -0.4088898 0.11849649 -0.051796157 0.10796726 0.14185387 -0.30240083 -0.5017577 -0.24421644 0.48091763 0.043298133 0.2164913 -0.10957503 -0.121247776 0.15569788 0.045775555
127 0.2668428 0.047312584 -0.19453079 -0.34579724 0.23317522 0.01439609 0.20681097 -0.37529802 -0.07870133 0.32250854 0.2053367 0.20373659 0.12260581 0.097376555 -0.022253836 -0.19234772 -0.09628278 -0.21769692 -0.01478807 -0.003491173 0.013580953 0.028950801 -0.062016934 -0.6459346 -0.37313005 -0.11712823 0.116024 0.085621655 -0.1895884 -0.12809962 0.04633623 -0.24923979
45 0.2101813 0.06338412 -0.2555129 -0.37209013 0.13462815 0.05621114 0.11051332 -0.33840925 -0.056667745 0.32828775 0.20524888 0.17834236 0.07080062 0.16343942 -0.0011069168 -0.108895235 -0.09277417 -0.15750796 -0.03378974 -0.07064413 0.04741585 0.12937708 -0.12561667 -0.65917426 -0.2572186 -0.012935446 0.06902996 0.09609507 -0.05290984 -0.10228005 -0.031326808 -0.03676865
46 0.17187801 0.022593664 -0.3114267 -0.33551756 0.14300992 0.08854532 0.2301353 -0.30362386 -0.03960941 0.39070806 0.15012491 0.25307333 0.17984098 0.13356766 -0.04386021 -0.21484084 -0.047521546 -0.08107876 -0.09768405 -0.01945604 0.077141754 0.11463976 -0.09963764 -0.65047634 -0.29154262 0.041882835 -0.06900488 0.0905883 -0.09410739 -0.123650104 -0.044305556 -0.01692268
69 0.37959734 -0.076753154 -0.2643398 -0.3271234 0.01822866 0.05532599 0.08244579 -0.31126252 -0.1728794 0.2982887 0.082110144 0.06866901 0.111870095 0.23298787 0.008667882 -0.035872918 -0.17268658 -0.34574744 0.0865055 -0.059034936 0.07436297 0.12142189 -0.19592562 -0.5574444 -0.20462494 0.31901863 0.13525562 0.19784728 -0.12452928 -0.13188119 0.164368 -0.103049606
50 0.35390717 -0.023049925 -0.27955404 -0.3042259 0.103904374 0.0258569 0.076983064 -0.30924442 -0.15924719 0.303522 0.122433 0.17457554 0.09871953 0.15912504 -0.0040085004 -0.121324524 -0.14058807 -0.23189464 -0.022050269 -0.09529991 0.05962859 0.08717174 -0.18613061 -0.5958068 -0.26390782 0.12802188 0.05730685 0.14083141 -0.06422565 -0.11176094 0.023904353 -0.10081957
41 0.45574495 -0.105683155 -0.24165037 -0.2793994 -0.057722375 0.022238366 -0.013227225 -0.30328864 -0.21346869 0.2520066 0.066392235 0.07820286 0.17277645 0.25906074 -0.046765562 -0.0016573265 -0.17648509 -0.43173733 0.09393404 -0.030059367 0.07449862 0.12009323 -0.27622178 -0.52296615 -0.21029896 0.5151221 0.028312549 0.24002023 -0.174017 -0.15047203 0.2061298 -0.033228923
35 0.26908717 0.06162947 -0.19441709 -0.358734 0.15638588 0.00012293653 0.08553695 -0.37652057 -0.13286178 0.21452169 0.15723033 0.19052653 0.15157966 0.09159473 -0.021060176 -0.13253261 -0.122448035 -0.31087625 -0.002945664 -0.032444254 0.02383794 0.17598538 -0.12722874 -0.6037403 -0.31209373 0.16293274 0.018971745 0.12735887 -0.08923942 -0.1813591 0.0540014 -0.01897544
9 0.41819945 -0.10083873 -0.22506009 -0.2996414 -0.038616814 0.01225687 0.023667322 -0.26923943 -0.19818646 0.26108065 0.035528973 0.108916625 0.18799454 0.24565011 -0.024468748 -0.03971313 -0.13200682 -0.39825618 0.11522352 -0.025515275 0.06386209 0.14409867 -0.30091637 -0.5256629 -0.2042957 0.50498396 0.048282627 0.20638366 -0.179996 -0.16349442 0.1595448 -0.026439125
128 0.21688662 0.14159037 -0.21832477 -0.45782062 0.23577271 0.018062955 0.08577153 -0.3214378 -0.039266057 0.29862538 0.27238515 0.24672803 0.15412258 0.12599552 -0.03549276 -0.075729914 -0.05077647 -0.15496472 -0.03518033 -0.04830824 0.099032275 0.14983873 -0.11011329 -0.66712487 -0.3008584 0.0041071344 -0.006972592 0.08272146 0.04332409 -0.046268962 -0.068034925 0.06526241
