128 32
113 -0.059001714 0.4748194 0.30266592 0.026623754 0.1583821 -0.23275091 -0.116209395 0.054455325 0.20503695 -0.19880019 0.30762085 -0.11747201 0.34156057 0.044762768 0.0038095138 -0.29132128 0.10941081 -0.030533921 -0.014452169 -0.062009025 -0.21199235 -0.23852901 -0.0054405434 -0.024902133 0.18615149 0.2306743 -0.08085522 0.4491355 0.037681334 0.17011951 0.15719825 -0.35354605
65 0.09097252 0.5584439 0.2041847 -0.09526316 0.14421305 -0.13797699 0.06723202 0.19307947 0.06648321 -0.18226631 0.11630907 -0.016134761 0.29244295 -0.016174871 -0.07294349 -0.08740077 0.10546559 0.0075520067 0.16194278 -0.16614981 -0.48217303 -0.15022762 -0.04784092 0.10207066 0.30249146 0.082311265 0.102077425 0.46937037 0.11290586 0.20765185 0.17584033 -0.31527224
5 -0.07937231 0.4890364 0.235866 0.08565141 0.3636614 -0.12704048 -0.10487495 0.058615327 0.06033671 0.059752904 0.42707253 -0.18921897 0.23481058 -0.006388848 -0.15878098 -0.28931424 -0.10719127 -0.00555064 -0.0034237062 -0.04020421 -0.18641931 -0.31063274 0.24220844 0.31485277 0.10265039 -0.042566907 -0.13946119 0.2521573 0.091785416 0.3580134 0.08512016 -0.42439312
79 0.08595674 0.52311987 0.14808707 -0.1134954 0.21808067 -0.078169696 0.07643227 0.18891433 0.07338175 -0.14379384 0.19999109 -0.033341907 0.25955287 -0.018704683 -0.14307731 -0.091884956 -5.688655e-05 -0.002554067 0.21695526 -0.18726648 -0.46155465 -0.19364423 0.018768486 0.21296687 0.29412627 -0.002413709 0.057478037 0.40563583 0.08998037 0.32921404 0.13739236 -0.3685604
128 -0.08864823 0.49997535 0.33568823 -0.0072379387 0.14346984 -0.29893136 -0.13012296 0.037777584 0.2373271 -0.22982724 0.28792524 -0.15719846 0.371871 0.0709114 0.03404432 -0.31508824 0.18384658 -0.0646502 -0.026897946 -0.02764869 -0.17429323 -0.19761762 -0.03909897 -0.14343786 0.16409732 0.31733358 -0.08977874 0.50568694 0.020115986 0.07549117 0.16215545 -0.31138337
81 0.05096566 0.54347885 0.2015249 -0.096015885 0.20522033 -0.14301544 0.05444444 0.16217858 0.036127154 -0.070737466 0.15472005 -0.053107843 0.2557849 0.005289107 -0.08290127 -0.07978763 0.053449582 0.036419224 0.16547064 -0.11491768 -0.46445143 -0.19538608 0.032128397 0.21090898 0.3094234 -0.012356526 0.055866443 0.37053236 0.082345866 0.31191579 0.1464376 -0.3538373
61 -0.22647731 0.5159204 0.2127229 -0.100076444 0.15501043 -0.3059278 -0.035733927 0.06406372 -0.06779681 0.09416204 -0.053175796 -0.1301256 0.36371225 -0.104679495 0.13930489 -0.034035966 0.25222915 0.17052265 -0.03126695 -0.0034078765 -0.4747327 -0.16528092 0.07633216 0.17585984 0.3509726 -0.029512016 0.2739537 0.52110934 0.10700451 0.05017728 0.09620966 -0.36387995
42 -0.17544268 0.487227 0.22758733 -0.008926149 0.1830216 -0.21483947 -0.07389123 0.046323605 0.008450372 0.0306485 0.12642415 -0.1472804 0.33028805 -0.06654619 0.045487754 -0.16048531 0.14222743 0.094224855 -0.034260407 0.01926457 -0.34386322 -0.22275086 0.10970947 0.14076021 0.2625736 0.0028433534 0.11366452 0.42096147 0.09960323 0.14429906 0.13575222 -0.39015567
43 -0.26191175 0.4839333 0.23961261 -0.05526906 0.13135517 -0.32920426 -0.09015823 0.025882792 -0.02119294 0.06617931 -0.016696164 -0.12736776 0.38437307 -0.10463509 0.13830015 -0.11012878 0.25994805 0.14755692 -0.1020992 0.048922896 -0.43990132 -0.18481252 0.060697746 0.10777527 0.28104442 0.033721875 0.25117058 0.5443042 0.0998415 0.011683612 0.1164775 -0.39545912
55 -0.23442797 0.52759904 0.23120221 -0.062090013 0.15895435 -0.26824015 -0.08561926 0.031717245 -0.011231487 0.02667149 0.047954716 -0.13331112 0.34988037 -0.108441904 0.10095679 -0.10783638 0.18351714 0.13142796 -0.051918224 0.031174302 -0.38080734 -0.22177401 0.057190396 0.21787848 0.26302215 -0.04420963 0.1975708 0.46562 0.104700275 0.10727684 0.12884566 -0.40274253
119 -0.088575594 0.50834924 0.26667354 -0.034718912 0.11743184 -0.23738468 -0.08053222 0.0552445 0.15863581 -0.14753324 0.13853873 -0.11850567 0.3336004 -0.02413639 0.017790029 -0.23310494 0.16339563 0.02458096 -0.0052814973 -0.07178965 -0.32074264 -0.17870942 -0.04885194 -0.0062227524 0.23488769 0.1360663 0.044912994 0.50746334 0.049550004 0.08109209 0.12716281 -0.33979538
127 -0.037761047 0.49482608 0.2974755 -0.019878719 0.16490857 -0.2383257 -0.104926966 0.095718615 0.24698271 -0.22053802 0.25869817 -0.13105796 0.38347575 0.029434266 -0.021242922 -0.3254182 0.14775647 -0.05116403 0.013500643 -0.05279257 -0.25775316 -0.17932247 -0.075106554 -0.114643924 0.17505845 0.25480893 -0.043644436 0.5052128 0.050131943 0.095398515 0.16626114 -0.29048803
68 0.08902735 0.50674856 0.18681404 -0.054510668 0.22475943 -0.10024605 -0.023382744 0.15556563 0.12383068 -0.10815914 0.31216496 -0.098810904 0.26678652 -0.00055595604 -0.14933892 -0.21051927 -0.02928974 -0.02910886 0.16041976 -0.14599483 -0.33225438 -0.19792934 0.037864044 0.15109678 0.22682902 0.06729336 -0.016220033 0.3308508 0.07481953 0.32982892 0.10787934 -0.3896224
21 -0.04393725 0.51201016 0.23823197 0.054875664 0.3029094 -0.102574155 -0.07329146 0.0762234 0.08829571 0.036468863 0.37345573 -0.15990093 0.25387028 -0.015672488 -0.18803288 -0.3238477 -0.091709435 -0.020402577 0.023477871 -0.061783157 -0.21427116 -0.2864712 0.16870764 0.26125187 0.14296691 -0.025634445 -0.12770513 0.27352273 0.0996765 0.35380927 0.1045868 -0.44055808
14 -0.07819232 0.49238807 0.26931757 0.08189447 0.3204164 -0.15776682 -0.10546517 0.069187 0.09073728 0.00051678985 0.3749037 -0.19874808 0.2505599 -0.006088332 -0.12877364 -0.3030791 -0.043041315 -0.020932414 -0.004866093 -0.04906843 -0.22080715 -0.27634567 0.19562303 0.2057206 0.11522248 0.012569383 -0.14602055 0.2843767 0.07034591 0.2982488 0.10330589 -0.40161094
90 0.013244152 0.52651966 0.19748335 -0.08923144 0.17813051 -0.1567643 0.02516661 0.14463231 0.1048258 -0.13799867 0.15231502 -0.06151017 0.28745383 0.01404162 -0.06879523 -0.1216604 0.07395563 0.00027496103 0.12613712 -0.11964619 -0.42110398 -0.19413844 0.011044377 0.1162115 0.3112092 0.06164415 0.061652735 0.4416015 0.06096885 0.24492362 0.119396605 -0.3490025
1 -0.06908007 0.5092249 0.25073797 0.08179674 0.34395784 -0.10371698 -0.10011029 0.04114831 0.06713607 0.07023659 0.37970278 -0.19840968 0.20251524 0.003691572 -0.19357108 -0.28526118 -0.09114541 0.033401806 0.025640644 -0.071204424 -0.20226914 -0.31416544 0.23719014 0.26811305 0.1347841 -0.05179384 -0.1397013 0.2526074 0.064663924 0.34291267 0.09775076 -0.40451992
118 -0.06753413 0.5096401 0.2596831 -0.034961686 0.20862259 -0.21030766 -0.074520074 0.1045596 0.12410596 -0.12557362 0.25131363 -0.11562688 0.3357637 -0.014364209 -0.04449541 -0.2566969 0.083119996 -0.013395156 0.00867487 -0.037267078 -0.26429194 -0.22220519 0.036778387 0.079396464 0.19214956 0.1294402 -0.018411914 0.4215559 0.08996063 0.19381882 0.13599603 -0.32149506
20 -0.13651419 0.49702677 0.23579557 0.030029383 0.24321121 -0.2312029 -0.10440457 0.08122921 0.0648075 0.032462444 0.2259478 -0.15266709 0.30772126 -0.04832362 -0.024624962 -0.22286215 0.0692539 0.065485924 -0.027601847 -0.007157007 -0.28799725 -0.25801742 0.10907074 0.18776833 0.1805758 0.011701887 0.0043202983 0.40537846 0.08965265 0.18206894 0.114904836 -0.38546678
62 -0.25259632 0.534485 0.22628829 -0.032816462 0.17528626 -0.2554506 -0.08089024 0.029528154 -0.04194127 0.15654159 0.02701772 -0.1390595 0.3624498 -0.11274818 0.103078835 -0.14941876 0.2050296 0.15287563 -0.11319027 0.04465362 -0.37060738 -0.20770128 0.16750474 0.20580077 0.2934137 -0.047238473 0.2044771 0.46949482 0.113273256 0.04936375 0.08333809 -0.38401136
22 -0.047207724 0.4815241 0.24955639 0.096783884 0.37423038 -0.10448917 -0.13271618 0.09052946 0.08549212 0.046610408 0.4990343 -0.22169173 0.2482902 -0.011448763 -0.20874421 -0.34237894 -0.09341499 -0.008365541 0.026126893 -0.027303094 -0.1628035 -0.32708207 0.2482058 0.26163018 0.06797979 0.017890796 -0.17537336 0.2714001 0.048826892 0.34792137 0.114912674 -0.42822048
82 0.01687733 0.5463217 0.22347137 -0.08770064 0.13142917 -0.16168152 0.027443416 0.11482052 0.08631107 -0.1620425 0.12822025 -0.032446086 0.2792446 -0.009430191 -0.04436082 -0.08507997 0.131235 0.0023418653 0.15725707 -0.14262162 -0.47362652 -0.16181037 -0.056264464 0.1161535 0.28854114 0.051966842 0.10130389 0.47595993 0.097425565 0.23154034 0.18034002 -0.35715923
63 -0.12875731 0.51440847 0.22957537 -0.013495791 0.19731112 -0.20668642 -0.04609712 0.090447776 0.0019565523 0.028797094 0.13490196 -0.10982124 0.31128988 -0.05149678 0.009795047 -0.18760486 0.105508044 0.06281885 0.012037184 -0.019607462 -0.3481933 -0.18032774 0.08341278 0.1393144 0.2551746 0.0108750705 0.12804426 0.4390456 0.08707693 0.15126427 0.1075081 -0.38043118
33 -0.26274568 0.5171406 0.23219326 -0.04803721 0.11060278 -0.3191823 -0.10700776 0.021757629 -0.01653471 0.065004386 -0.008782169 -0.1535553 0.3850462 -0.12321507 0.1288296 -0.14561611 0.25057063 0.15524796 -0.11293853 0.063770816 -0.3973263 -0.19655733 0.049809914 0.11378598 0.26816005 0.026795713 0.22255225 0.50394017 0.13221791 0.0045396877 0.12664586 -0.37842542
66 0.045284998 0.4925232 0.18013725 -0.044691734 0.208398 -0.13688518 -0.015173791 0.13508157 0.08240672 -0.12767299 0.21649309 -0.09220977 0.24635045 -0.01618955 -0.1113012 -0.17249775 0.017092034 0.0041071773 0.15245138 -0.11954537 -0.36315185 -0.2344172 0.021319924 0.15183984 0.24766585 0.06269288 0.014291678 0.38591447 0.0738105 0.29499888 0.13317735 -0.39902204
70 0.04397765 0.53192914 0.2187475 -0.047870018 0.18776624 -0.16753845 0.004721035 0.13128364 0.088287815 -0.16216406 0.22000252 -0.03839003 0.29855266 0.0076507865 -0.067491435 -0.16900702 0.073845826 -0.008968538 0.13549577 -0.12188964 -0.40574843 -0.20542412 -0.019009354 0.07369616 0.27572662 0.09461271 0.045542825 0.42230722 0.09616789 0.25642642 0.12271902 -0.35602883
36 -0.22706239 0.5220148 0.21634662 -0.05503964 0.14700928 -0.2706786 -0.068560876 0.02372359 -0.054232415 0.077573754 -0.031570684 -0.11696942 0.31464842 -0.095655784 0.11674939 -0.079665504 0.2416167 0.1297466 -0.03857635 0.04657593 -0.4403774 -0.2056694 0.110796094 0.18276846 0.340522 -0.050292823 0.2715151 0.51104194 0.07265162 0.054282155 0.10401209 -0.39291728
56 -0.31059065 0.51353747 0.25328708 -0.025153534 0.1606712 -0.31591046 -0.10455101 0.027000558 -0.060336675 0.0990103 0.015624935 -0.13529547 0.37711883 -0.10913304 0.17830168 -0.14196591 0.24471761 0.17842424 -0.13485308 0.06871441 -0.38185018 -0.17403427 0.06074113 0.14799176 0.2851925 -0.04235109 0.2428744 0.49327 0.13195546 0.0024398258 0.11901492 -0.40608004
101 -0.1390803 0.49670714 0.2501312 7.560669e-05 0.14480896 -0.26095456 -0.07130594 0.057669587 0.0844192 -0.07685169 0.15260051 -0.10365439 0.39534867 -0.0003475534 0.06689071 -0.23598346 0.17907442 0.021491122 -0.088814355 0.027242089 -0.29572093 -0.19108267 0.027551118 -0.019493278 0.22608094 0.1527726 0.067292005 0.52211183 0.10767769 0.030412296 0.15275261 -0.35052636
88 0.06735373 0.55590224 0.19198622 -0.09692628 0.22800125 -0.1262087 0.053176958 0.17845212 0.055850208 -0.14448865 0.16714938 -0.017076513 0.25182062 0.017703628 -0.12491026 -0.09112662 0.07356498 0.0018991233 0.17455211 -0.16135734 -0.4936491 -0.17360368 0.02883053 0.16626497 0.281017 0.051465485 0.056358114 0.39778557 0.07510788 0.31153122 0.16561466 -0.35809937
8 -0.011425004 0.49701834 0.24476421 0.11206521 0.34861487 -0.097008206 -0.120474294 0.10803472 0.108736016 -0.00060022157 0.47941247 -0.19134156 0.26769954 0.0056472467 -0.17708333 -0.36667252 -0.12889202 -0.06386676 0.026413811 -0.040201493 -0.1484772 -0.2961637 0.23033722 0.2109164 0.10804204 0.037534893 -0.2188637 0.23550192 0.06682499 0.36925536 0.104206175 -0.39518377
48 -0.20945677 0.50155866 0.21069908 -0.05216265 0.18248197 -0.25997087 -0.043354664 0.03166538 -0.06398241 0.10863889 0.067522325 -0.13462846 0.33406475 -0.08390189 0.100648805 -0.1193666 0.16000383 0.14854328 -0.061382566 0.039904315 -0.4444905 -0.19110058 0.095372036 0.19121705 0.2786058 -0.027977737 0.22814605 0.46394262 0.12617269 0.091015354 0.099038176 -0.41771638
78 0.10296873 0.54216295 0.19416067 -0.110420026 0.19753695 -0.13388503 0.06793679 0.16750719 0.07197928 -0.1742636 0.18187046 -0.022266876 0.27259612 0.0036977653 -0.12780264 -0.10912962 0.04193508 -0.02395183 0.19606416 -0.19801237 -0.49195075 -0.14494275 -0.0073416983 0.11614023 0.30624467 0.068176344 0.07447245 0.42585716 0.08757865 0.28351584 0.14595526 -0.32960013
35 -0.28002217 0.49121973 0.24678765 -0.022079948 0.13970713 -0.33450782 -0.100757234 -0.0002104013 -0.019529695 0.10924937 0.037181757 -0.16798061 0.3805271 -0.11075502 0.15354086 -0.14997876 0.23375404 0.12830217 -0.11830335 0.084667884 -0.3632435 -0.19809878 0.08882901 0.109244205 0.2584212 0.024033023 0.215053 0.50206816 0.10122756 0.0022022938 0.117215194 -0.39669237
105 -0.08753267 0.46568885 0.3040802 0.038376745 0.15129712 -0.2565825 -0.13570523 0.058116805 0.21219853 -0.25188586 0.26252806 -0.13249497 0.37546614 0.03925964 0.003955446 -0.34702694 0.13134734 -0.04660117 -0.01900852 -0.02621095 -0.20659558 -0.19279583 -0.019237792 -0.10038664 0.16487513 0.26494566 -0.09746258 0.5047612 0.049020782 0.09290161 0.1564932 -0.33947235
91 0.07751857 0.5245957 0.17122048 -0.1143889 0.2212687 -0.1131463 0.05455268 0.15663493 0.0103737395 -0.060846575 0.14734131 -0.040973324 0.25556698 -0.012881701 -0.14884275 -0.06280615 0.0062778555 0.038475357 0.19881418 -0.15959963 -0.48576415 -0.17778131 0.030929517 0.24361444 0.32626152 -0.021352464 0.08277055 0.36818638 0.0890675 0.3276282 0.119195655 -0.3863003
58 -0.15859729 0.5151203 0.2374534 -0.021446563 0.15602013 -0.2491109 -0.07943972 0.046784107 0.0320545 -0.016598798 0.08277597 -0.117951125 0.3552357 -0.03834327 0.09198922 -0.18499431 0.19801368 0.09642025 -0.033263285 0.012663961 -0.35734898 -0.18823561 0.070419274 0.09027125 0.27197328 0.049957234 0.12994768 0.464236 0.07878596 0.08698947 0.13046087 -0.3781194
32 -0.07645599 0.5042793 0.2916148 0.116494656 0.35135883 -0.14501345 -0.15791507 0.06307527 0.119503744 0.008245004 0.47765452 -0.20570815 0.24094974 0.025226489 -0.16080517 -0.35296884 -0.0491526 -0.028803464 0.032631326 -0.031572647 -0.13199681 -0.3044097 0.19995515 0.15651147 0.09040707 0.04934658 -0.19439985 0.26229015 0.01847214 0.37090275 0.11733152 -0.41838974
23 -0.04407122 0.4988124 0.24029604 0.066919185 0.32844743 -0.12528788 -0.084954806 0.074671865 0.058815807 0.035281803 0.41490588 -0.18729633 0.23513475 -0.020685583 -0.16465478 -0.2895524 -0.057249032 -0.012216914 0.034335468 -0.055670906 -0.19228217 -0.30066118 0.19524196 0.2687344 0.09890833 -0.009269246 -0.14197518 0.26036105 0.04946209 0.3674098 0.09599235 -0.44730544
80 0.09172447 0.5364274 0.18558949 -0.10721406 0.20029587 -0.12500854 0.034329046 0.17265739 0.07949472 -0.124988705 0.20015961 -0.041628845 0.24441428 -0.0062408606 -0.13469775 -0.13262105 0.0060306555 0.013617184 0.18116656 -0.17020373 -0.40449283 -0.1796412 0.00772775 0.17679854 0.268404 0.035429228 0.012056696 0.3895407 0.09264681 0.333602 0.118931495 -0.37449712
97 -0.13132037 0.50821847 0.31976163 -0.0011286573 0.137773 -0.2655469 -0.12103787 0.0687435 0.19021773 -0.20251425 0.24454129 -0.15689802 0.3721013 0.010374804 0.010402917 -0.29071712 0.16449635 -0.041309476 -0.016086122 -0.007600218 -0.21389236 -0.18186526 -0.042598564 -0.067694224 0.16866976 0.2646079 -0.038251277 0.46663162 0.05340211 0.0720396 0.15058279 -0.31570876
51 -0.20950726 0.53417623 0.25076884 -0.02749251 0.20656429 -0.24441254 -0.05804973 0.013789998 -0.037395906 0.0881755 0.095991924 -0.1512355 0.310272 -0.065682344 0.0433203 -0.12528744 0.14764066 0.1188333 -0.051292036 0.008377682 -0.366152 -0.24876603 0.1479013 0.2661693 0.24485016 -0.051241275 0.13535619 0.44545266 0.10866042 0.11870943 0.101287805 -0.3779701
125 0.014894004 0.53327703 0.26560915 0.03217258 0.21865872 -0.17029615 -0.061424874 0.10213019 0.2113614 -0.16256113 0.3568154 -0.11608489 0.29439703 0.047683943 -0.15004714 -0.31897876 0.005849392 -0.058990393 0.04389731 -0.12383745 -0.23597164 -0.2339899 0.044012483 0.0076167146 0.151401 0.16285168 -0.16067086 0.40358216 0.047310792 0.28242397 0.17360082 -0.33921298
98 -0.06440019 0.4980323 0.27579266 0.008399916 0.1811703 -0.2592802 -0.16153187 0.053710397 0.23975872 -0.16974741 0.31385374 -0.16318905 0.35772997 0.046032783 -0.017453793 -0.36739138 0.09696212 -0.045334183 -0.006263147 -0.024081964 -0.1797644 -0.23972726 -0.018829811 -0.07328078 0.14830245 0.23276807 -0.101089105 0.4666198 0.047636885 0.1262488 0.13357463 -0.32692114
112 -0.055948675 0.47527787 0.29925632 0.024725351 0.18900588 -0.25192323 -0.099545434 0.07753586 0.24654925 -0.2441858 0.33182424 -0.15986213 0.3366749 0.05866163 -0.047133666 -0.3204386 0.112807035 -0.05068716 -0.010098471 -0.07486646 -0.16877286 -0.22687268 -0.011077774 -0.06785349 0.15348147 0.268462 -0.11846465 0.43005443 0.03856295 0.18263952 0.1877958 -0.33972135
116 -0.008644959 0.47584662 0.27481917 0.025047518 0.20714742 -0.20033237 -0.078256905 0.10760941 0.21111602 -0.17112903 0.3321369 -0.12816824 0.28454697 0.046789005 -0.0962432 -0.3096858 0.0395732 -0.056828264 0.026962662 -0.08426185 -0.21750839 -0.21088868 0.033151243 -0.00056257274 0.17509878 0.20139463 -0.101178594 0.41615036 0.022950273 0.23486906 0.13235228 -0.3264298
122 -0.039944623 0.5178711 0.32690355 0.010230472 0.09516699 -0.28264898 -0.14497943 0.08335617 0.3132498 -0.32318133 0.3069281 -0.12076062 0.375078 0.078777224 0.00889941 -0.3772292 0.17782252 -0.0830432 -0.013200577 -0.07345937 -0.16007742 -0.16991408 -0.11483223 -0.22754583 0.155369 0.35934538 -0.09999715 0.53053254 0.03874708 0.05358922 0.17485589 -0.2978385
10 -0.010732745 0.5134528 0.22372703 0.09477775 0.33627504 -0.09542707 -0.09216762 0.07306796 0.10650938 -0.020984521 0.39876622 -0.16123018 0.257308 -0.021362068 -0.18279049 -0.32995188 -0.07640404 -0.030520858 0.05736657 -0.056671556 -0.19195454 -0.29380175 0.1861919 0.2332191 0.12007768 0.002583237 -0.16541058 0.27940646 0.07942775 0.36152762 0.1086858 -0.4077441
3 -0.079077594 0.5351443 0.23240653 0.012376602 0.25077316 -0.14960262 -0.097003326 0.10459454 0.068063825 -0.026103368 0.28007776 -0.1274203 0.28071368 -0.026328322 -0.078397356 -0.24867922 0.014476016 0.018240038 0.035980385 -0.06896049 -0.2764034 -0.24201487 0.1105962 0.19698282 0.1790004 0.021704292 -0.04035445 0.36917245 0.07314673 0.2161735 0.08499043 -0.38674062
47 -0.24822408 0.50320756 0.21132964 -0.07076795 0.16712303 -0.2767981 -0.06483792 0.048982177 -0.032446068 0.08796327 -0.001319435 -0.16383106 0.34812722 -0.12468939 0.11428635 -0.11721424 0.2099879 0.14221774 -0.08761612 0.04495049 -0.43410262 -0.20183426 0.100580595 0.19555897 0.29589415 -0.041792773 0.24728677 0.49547932 0.11512707 0.018616734 0.11290601 -0.37590307
76 0.05447156 0.5058938 0.20891146 0.005126541 0.24515545 -0.09847523 0.0064868666 0.16995479 0.12516911 -0.14103225 0.32609677 -0.06145596 0.27431282 0.044059947 -0.16578999 -0.2053906 -0.008194525 -0.033439755 0.14158855 -0.15051968 -0.31006426 -0.20969634 0.040292423 0.091648325 0.22288956 0.106103286 -0.07965712 0.363639 0.083055705 0.3436937 0.15674385 -0.34416595
100 -0.04949977 0.50253356 0.2940146 0.009327465 0.19588514 -0.21355249 -0.09756146 0.08540039 0.17946695 -0.17136434 0.28572685 -0.124380566 0.34290177 0.035121355 -0.038486827 -0.27340186 0.10349024 -0.041683767 0.015555325 -0.062242936 -0.23499118 -0.21173368 -0.011730992 -0.046627603 0.163013 0.21727218 -0.085063115 0.46127477 0.057729993 0.18147695 0.16573034 -0.33251795
96 0.05987849 0.53088593 0.18862996 -0.073106535 0.19201794 -0.1306771 0.042135708 0.1499474 0.06464807 -0.16035278 0.16268137 -0.032258816 0.25890592 0.022285925 -0.09289499 -0.100137874 0.07381157 0.019013092 0.14601016 -0.16966265 -0.44207108 -0.18599036 -0.0027335302 0.14091772 0.29771128 0.03552152 0.03386411 0.43025407 0.076643944 0.25945127 0.15692352 -0.33972728
117 -0.040117845 0.46966222 0.26981488 0.00013461839 0.16710097 -0.23306721 -0.13249739 0.09318953 0.28579685 -0.2576492 0.32506865 -0.14373869 0.35410252 0.06807105 -0.05901448 -0.33920506 0.12168512 -0.07799039 0.006360288 -0.074870706 -0.20257954 -0.21020974 -0.06996925 -0.1378712 0.1729846 0.29947034 -0.13006 0.48649392 0.05265182 0.16193616 0.16619956 -0.30908436
2 -0.07038437 0.5034511 0.25605693 0.09604627 0.31741932 -0.12717892 -0.10446519 0.083692156 0.06591343 0.008535621 0.37692243 -0.16925065 0.22978614 -0.018193161 -0.16773975 -0.29657078 -0.05382236 0.0028971226 0.040495027 -0.054669645 -0.19385597 -0.30913168 0.20346269 0.21536769 0.122758545 -0.00820269 -0.11380946 0.28222206 0.06424785 0.3347194 0.10822056 -0.41058812
46 -0.243046 0.4803323 0.23344803 -0.0019465559 0.20578949 -0.22957428 -0.11081849 0.0344108 -0.04582614 0.12862556 0.14481513 -0.16573179 0.3246569 -0.095085576 0.05868891 -0.14526813 0.124661304 0.12831306 -0.055711064 0.07509892 -0.34268445 -0.2124974 0.16896452 0.22040191 0.249769 -0.0563203 0.15321441 0.40741828 0.09512841 0.14842738 0.053225078 -0.42642716
74 0.016114617 0.5212892 0.17276701 -0.109414965 0.16821638 -0.14533187 0.00176109 0.14131953 0.053992238 -0.059220344 0.102008075 -0.053554684 0.30777445 -0.05984631 -0.068883464 -0.07209179 0.08227724 0.06515529 0.14667138 -0.12588626 -0.48563516 -0.19194488 -0.022403767 0.18238848 0.30953735 -0.010493961 0.1626 0.41918358 0.10573673 0.20568696 0.14026278 -0.3680146
120 -0.06869849 0.5222312 0.2993231 0.0041147475 0.18179974 -0.25356627 -0.096427664 0.08762399 0.20407245 -0.2385825 0.27847195 -0.13636105 0.3581454 0.055830624 0.0100017795 -0.30955788 0.12217496 -0.050608024 0.011256461 -0.043864366 -0.21923883 -0.19333461 -0.06384881 -0.08323841 0.17226371 0.23910734 -0.065292895 0.47498575 0.059299044 0.09024576 0.13096136 -0.2899272
92 0.035274077 0.5164692 0.18236113 -0.090097345 0.2165296 -0.124429986 -0.0072855055 0.13087323 0.047580454 -0.05024643 0.1378424 -0.058266867 0.26090097 -0.027281933 -0.102310024 -0.13632692 0.05564136 0.04598196 0.11130739 -0.11929583 -0.40021214 -0.21284282 0.062112696 0.17773403 0.2792024 -0.031083772 0.05483593 0.42900658 0.07192431 0.2472955 0.12334022 -0.38709033
84 0.030794753 0.5305537 0.21672823 -0.09247566 0.17087108 -0.17582971 0.04157279 0.14642648 0.066986024 -0.07673989 0.13638085 -0.06215664 0.26435542 -0.00023593489 -0.08730272 -0.10209166 0.10543974 0.037210155 0.11777921 -0.12521279 -0.4544248 -0.17211573 -0.0017693816 0.13028629 0.26762205 0.044917826 0.11295368 0.42492464 0.084579095 0.19595294 0.15994525 -0.32289767
60 -0.24943617 0.537888 0.26114434 -0.059096266 0.13301313 -0.29800752 -0.08577864 0.04505687 0.021498775 0.023481729 0.010124096 -0.122814946 0.355704 -0.10073023 0.11598708 -0.1281754 0.239251 0.10353637 -0.07565572 0.051556464 -0.39984116 -0.18446098 0.026014118 0.11618739 0.29408795 0.0111265 0.22564718 0.5184904 0.086118534 0.023134768 0.10818689 -0.37587726
71 0.08732708 0.499816 0.21038072 -0.0669816 0.18183532 -0.1267437 0.032164138 0.15298736 0.12858696 -0.16282222 0.21768229 -0.060560726 0.27653348 0.0035517202 -0.13483173 -0.1344317 0.035321005 -0.022754604 0.12681936 -0.15867907 -0.4330739 -0.21521612 -0.002831611 0.13582982 0.27196828 0.092345834 0.015925994 0.41812432 0.083831206 0.30101088 0.13911387 -0.36609173
106 -0.053398266 0.4885482 0.3054648 0.004568624 0.15613736 -0.24713092 -0.109583534 0.09713458 0.24041763 -0.2501915 0.27621484 -0.108103186 0.3777495 0.07647564 -0.021445442 -0.3261387 0.1367276 -0.071032695 0.018222665 -0.0856844 -0.20690672 -0.18185073 -0.060016483 -0.15193985 0.20268989 0.29574558 -0.07540929 0.48880687 0.034188192 0.14511654 0.17381722 -0.29492974
64 -0.20552741 0.50239414 0.26357242 -0.017298566 0.19988845 -0.25489745 -0.10879465 0.032336608 0.035562355 0.032719005 0.11828634 -0.14184022 0.33171287 -0.060420174 0.07398148 -0.17471163 0.17247395 0.078847125 -0.054910265 0.037830576 -0.33360574 -0.21113138 0.08238699 0.1422401 0.22579554 0.027328279 0.11202458 0.42989662 0.053694136 0.11940358 0.15149565 -0.39058745
115 -0.010586522 0.53591603 0.26042768 0.0026233343 0.19293946 -0.16940527 -0.080978386 0.107731216 0.147328 -0.12826015 0.29320592 -0.12194919 0.32875684 0.02932502 -0.05938761 -0.31428754 0.029210584 -0.057638917 0.009681475 -0.06571745 -0.21029313 -0.24959943 0.058167834 0.03570042 0.14928797 0.15159686 -0.10964773 0.3658199 0.06452876 0.2319417 0.13197355 -0.38281217
17 0.016985573 0.49867767 0.24237835 0.113944344 0.36515558 -0.096368596 -0.13681684 0.07243653 0.11443577 -0.030936109 0.48256624 -0.19302349 0.24414822 0.027587935 -0.20144466 -0.34299392 -0.12274016 -0.060341127 0.058302 -0.08197139 -0.14861448 -0.3281787 0.20891601 0.2038259 0.093854494 0.04904225 -0.21428135 0.26493877 0.04771921 0.38743886 0.10959234 -0.43853307
59 -0.17217319 0.5263361 0.1994505 -0.08102982 0.15228263 -0.27076524 -0.040458687 0.07307408 0.0059404103 0.030297244 0.010788087 -0.11667176 0.34191185 -0.06265556 0.048230957 -0.12546016 0.22047964 0.1241701 -0.03208751 -0.022355033 -0.41549233 -0.16227633 0.0314911 0.13744937 0.31782484 0.009937744 0.17380266 0.5225656 0.12385456 0.036899555 0.13660161 -0.36307573
95 -0.05196106 0.5318338 0.2102399 -0.057025198 0.16865209 -0.19214591 0.01480081 0.10683489 -0.0010165813 -0.076756425 0.096234724 -0.055501908 0.26653913 -0.040537212 -0.0087352265 -0.07090775 0.10625862 0.08181548 0.09904123 -0.07063488 -0.48251066 -0.17707445 0.020299321 0.18924129 0.2814544 0.0019340119 0.13518538 0.43653524 0.104045786 0.22001402 0.15091771 -0.3685901
126 -0.07749703 0.45507762 0.24717408 -0.008154338 0.14991742 -0.25894764 -0.08581894 0.05908003 0.18480891 -0.15334103 0.23580615 -0.14388907 0.38091555 0.026940778 0.021842 -0.28531784 0.17163143 -0.0107190795 -0.03483183 -0.017622322 -0.24316102 -0.20364365 -0.006081412 -0.047705874 0.20767549 0.23527893 -0.029454632 0.4692996 0.047112443 0.13369496 0.15852435 -0.32636696
7 -0.08673438 0.5032168 0.24993044 0.06748924 0.3183921 -0.15355039 -0.07106493 0.064798675 0.05516337 0.011514304 0.35408437 -0.15912342 0.2722828 -0.016044775 -0.12309516 -0.27504995 -0.008127159 0.01703957 0.043169774 -0.055546977 -0.25652823 -0.29048184 0.15793116 0.20617388 0.14929359 0.007307557 -0.08630309 0.31750333 0.07672677 0.31431657 0.13684303 -0.43074054
69 0.046303377 0.51356405 0.17458875 -0.04362952 0.20986395 -0.11691805 0.04981588 0.15346733 0.08166962 -0.14470436 0.20245726 -0.051378667 0.26449078 0.023122372 -0.13472831 -0.14694041 0.05006359 0.012021823 0.1321069 -0.1116807 -0.39675006 -0.18600735 0.04314394 0.09947974 0.2655934 0.06278748 -0.009538892 0.40490565 0.08822342 0.26956737 0.17255656 -0.3230827
11 -0.094853975 0.512883 0.28158596 0.030508682 0.26062462 -0.17344913 -0.11533588 0.056019608 0.110723555 -0.027742587 0.333001 -0.17465954 0.28291762 -0.018720224 -0.086047135 -0.30840987 0.018233905 -0.023122005 -0.013036546 -0.027053596 -0.18795337 -0.2850555 0.124428466 0.16280296 0.14450204 0.07727026 -0.1070991 0.35669053 0.06742045 0.25342217 0.11888814 -0.38783258
18 -0.013535759 0.49478102 0.21773937 0.021777539 0.32549652 -0.1115974 -0.05675251 0.095793985 0.054549642 0.058712173 0.35417446 -0.15154533 0.22004488 -0.027544796 -0.18693869 -0.24418463 -0.06216656 0.021767799 0.0706358 -0.09964004 -0.2918975 -0.2819686 0.1888878 0.25967014 0.17892095 -0.066858545 -0.098637566 0.28878126 0.0850595 0.38000306 0.11510935 -0.4083777
6 -0.04237725 0.51396316 0.24610382 0.088003956 0.34865326 -0.12542439 -0.10513095 0.0975593 0.074265644 0.03164809 0.44055322 -0.17234933 0.22374971 0.025395466 -0.1845802 -0.29169416 -0.08474428 -0.0108354855 0.019069169 -0.06675662 -0.19106239 -0.3200411 0.2237728 0.24895982 0.11367674 -0.00084892334 -0.16654874 0.2594713 0.0331513 0.36659807 0.10740555 -0.41618717
39 -0.17963491 0.49862403 0.21103412 -0.07376325 0.17001447 -0.28560618 -0.04840638 0.045029625 -0.031605788 0.026409889 -0.0082446495 -0.11081571 0.3298096 -0.11481907 0.0941112 -0.089017145 0.22633311 0.11219009 -0.028828565 0.01555781 -0.45885658 -0.17657833 0.03353125 0.13045308 0.32070297 -0.017073054 0.21483311 0.5210223 0.08926758 0.0781192 0.14587682 -0.38342357
99 -0.128648 0.510371 0.2967037 -0.0037062892 0.12913488 -0.27621728 -0.10179916 0.05271843 0.18108666 -0.19100524 0.22911611 -0.14050166 0.36533353 0.025498128 0.04321772 -0.25685546 0.16293064 0.009917815 -0.0552237 -0.020153632 -0.24643403 -0.19638395 -0.041304614 -0.03662941 0.17086844 0.22915101 -0.02223704 0.47977418 0.06870604 0.10248077 0.14897604 -0.34692422
45 -0.18973663 0.5117235 0.25871238 -0.05412316 0.13953257 -0.2674904 -0.08965862 0.057839464 0.027525896 0.04017194 0.09335711 -0.13905534 0.33144802 -0.078814775 0.0868141 -0.15566929 0.17296736 0.08072616 -0.035969812 0.0248902 -0.39419746 -0.2006655 0.052857194 0.14447786 0.27657118 0.003974717 0.15823679 0.47042656 0.071299955 0.105745256 0.08837784 -0.35922807
53 -0.26042566 0.5152746 0.2632205 -0.01804857 0.14682208 -0.28341162 -0.08816354 0.023180772 -0.01581325 0.0278135 0.0752204 -0.15119587 0.37622973 -0.090218 0.1081411 -0.20937692 0.21052812 0.12116424 -0.07891514 0.047555815 -0.35507795 -0.1973282 0.0647609 0.099295795 0.245059 0.023398682 0.14821804 0.4695867 0.12192601 0.06476528 0.1158777 -0.35446924
108 -0.09238645 0.43659186 0.23790811 0.026187263 0.19957872 -0.24027573 -0.12671648 0.045299456 0.1322951 -0.10894287 0.2406965 -0.15964368 0.319994 -0.010177273 0.021602001 -0.26243386 0.1105851 -0.0027044315 -0.040131606 -0.008485376 -0.23101202 -0.2511971 0.05104089 0.020103784 0.19951431 0.124789454 -0.04529793 0.4398868 0.05713128 0.19141737 0.14955245 -0.36923668
110 -0.020391284 0.49707815 0.3058047 0.04581224 0.21113971 -0.18016858 -0.10327661 0.09224899 0.23071313 -0.22200297 0.36746147 -0.1212347 0.34388754 0.071952894 -0.06970015 -0.3561083 0.07551122 -0.07658432 -0.004163554 -0.083668254 -0.19453508 -0.21482591 -0.017971879 -0.061584532 0.14105079 0.22830261 -0.15866786 0.42801678 0.04002641 0.20441234 0.17175858 -0.33702138
27 0.026694627 0.50822794 0.23726156 0.057815105 0.33419883 -0.085237026 -0.06720685 0.10927779 0.114023715 -0.0365143 0.41593125 -0.16177768 0.24874195 0.008673837 -0.21923369 -0.29178488 -0.120559104 -0.011707517 0.08259988 -0.12039566 -0.25125793 -0.3032969 0.1438815 0.21168558 0.13591069 0.004363167 -0.17614543 0.266465 0.07973821 0.40517232 0.11627951 -0.42433572
37 -0.28746602 0.5148331 0.18984428 -0.063287914 0.1420865 -0.2848711 -0.06599764 0.016650332 -0.10313379 0.17728387 -0.066399544 -0.123798154 0.35769904 -0.15917046 0.18649702 -0.035479523 0.2674548 0.20448877 -0.0906065 0.05795441 -0.48990464 -0.18978825 0.1319327 0.20123768 0.37675408 -0.115163274 0.3569919 0.5174367 0.1335489 -0.01113112 0.08857642 -0.40220276
75 0.057552353 0.5141425 0.16664664 -0.07864304 0.18912916 -0.13819718 0.0652059 0.14656043 0.046089 -0.09977324 0.18913537 -0.03218806 0.26714128 0.0005368577 -0.10176247 -0.06887274 0.05195192 0.01951916 0.18454273 -0.13194562 -0.5138553 -0.21229596 0.041364938 0.19971302 0.30974957 0.018917143 0.09677753 0.39706492 0.085513845 0.3230624 0.14007212 -0.39023256
12 -0.033078272 0.48591286 0.22701791 0.050544392 0.23341328 -0.14645764 -0.06569306 0.060285706 0.062106248 -0.0003398566 0.3126613 -0.1528124 0.27007034 -0.005673954 -0.13786109 -0.28517625 -0.021353522 0.032392815 0.04829824 -0.029499663 -0.27232963 -0.2512846 0.10102472 0.16572227 0.17991705 0.001966497 -0.08670073 0.3236285 0.08448692 0.29416442 0.14515941 -0.42831773
50 -0.12201952 0.47562444 0.2108416 0.013142581 0.24645486 -0.17629284 -0.12855011 0.04715045 0.06840385 0.0265564 0.21424273 -0.19069584 0.3100996 -0.045436766 -0.04743058 -0.23530586 0.05669197 0.046624698 -0.01959422 0.003983862 -0.28356022 -0.25525257 0.12841259 0.14894801 0.22318433 0.01798439 0.007537218 0.38518426 0.09602904 0.17813115 0.10465458 -0.42240426
16 -0.040802516 0.5090532 0.21117586 0.07260111 0.3134552 -0.14000888 -0.10862012 0.07919605 0.07718808 -0.014695307 0.36212996 -0.17628692 0.26173443 -0.018695068 -0.1441954 -0.30449742 -0.043012813 0.008012238 0.0060151555 -0.054975163 -0.23688366 -0.29300413 0.13517605 0.17569423 0.13324434 0.008031058 -0.12599842 0.30128157 0.076994926 0.30697015 0.1022563 -0.4093252
52 -0.16053678 0.5072895 0.19202933 -0.08484614 0.1387115 -0.24155442 -0.03706597 0.048343606 0.013881778 0.024156515 0.049416773 -0.13075787 0.31975946 -0.09206283 0.048227422 -0.100935586 0.18189143 0.12041599 0.00028879836 -0.022519642 -0.42568767 -0.20057425 0.060821567 0.16720454 0.328834 -0.003430683 0.20509823 0.49584594 0.11200425 0.114977166 0.12015929 -0.38910037
9 -0.10715186 0.4932046 0.2614313 0.05219438 0.25522953 -0.1733632 -0.11987862 0.064616166 0.06397281 0.014004079 0.2874596 -0.167328 0.30554256 -0.024642384 -0.06284727 -0.26087603 0.020837616 0.011020843 -0.005288839 -0.013027163 -0.24852635 -0.2732122 0.15006603 0.1599606 0.1840296 0.017245216 -0.018416421 0.3381009 0.07140489 0.22688471 0.111480646 -0.41290224
114 -0.106673904 0.45212495 0.29193246 -0.008002462 0.14040093 -0.29241994 -0.15588856 0.06208647 0.28568897 -0.2228032 0.25148484 -0.17535406 0.37740272 0.019579275 0.027624741 -0.33626086 0.16302605 -0.011064202 -0.044538993 -0.008285314 -0.19132544 -0.2114084 -0.08415742 -0.114450805 0.18449956 0.27038696 -0.04322416 0.5457451 0.04526984 0.032962017 0.1368825 -0.329454
54 -0.30888146 0.48800167 0.1972349 -0.09083192 0.08419255 -0.35577238 -0.081991404 0.012958597 -0.08672161 0.10070996 -0.10183625 -0.13602251 0.36061925 -0.14296114 0.21745834 -0.05954584 0.31713855 0.18080726 -0.100500986 0.10478781 -0.47535372 -0.14168665 0.018576618 0.15614815 0.36921903 -0.049257625 0.3456457 0.5907627 0.0932993 -0.042472575 0.10476606 -0.4204124
73 0.0438696 0.527791 0.22228634 -0.06570887 0.19632393 -0.12780192 0.07417541 0.15044712 0.02503064 -0.11947762 0.19753076 -0.018519616 0.25704718 -0.002167204 -0.07794093 -0.08760284 0.044089407 0.025798982 0.17927983 -0.14683741 -0.47374117 -0.1894253 0.01481006 0.16033159 0.2813205 0.018496577 0.091664374 0.40103137 0.09354903 0.29161316 0.13991953 -0.34010708
87 -0.043665804 0.5505438 0.20193991 -0.14578658 0.12832409 -0.1839182 0.033623237 0.11806574 0.0008656593 -0.06700943 -0.01132652 -0.024044292 0.27580145 -0.062351372 0.013081077 -0.03598447 0.15975787 0.08270204 0.12060776 -0.111456506 -0.5360558 -0.15313014 -0.003950438 0.19423053 0.33521768 -0.0085180495 0.2184702 0.49196926 0.09588279 0.18417566 0.11786693 -0.3498719
103 -0.072572485 0.49825302 0.27836707 0.011101186 0.20047174 -0.2215847 -0.09669091 0.09325478 0.23458737 -0.18674323 0.32905567 -0.14948845 0.32712308 0.051278222 -0.054000985 -0.32161707 0.08783208 -0.036821626 0.0076933512 -0.028267829 -0.19497621 -0.24897234 0.029714469 -0.008482625 0.16068937 0.22874531 -0.118244015 0.43259925 0.066956215 0.1624828 0.14420606 -0.3063455
40 -0.1828912 0.49659732 0.23082806 -0.035270754 0.18593988 -0.26131263 -0.07809213 0.049025998 -0.014165891 0.05235826 0.10652353 -0.13014303 0.33483133 -0.065870054 0.05013255 -0.15529332 0.15877616 0.09751509 -0.050881516 0.0073278625 -0.3788371 -0.2094494 0.06671462 0.16226767 0.25712106 0.011066567 0.14339614 0.4208337 0.08941487 0.09039315 0.12090255 -0.38122064
38 -0.17706752 0.49920735 0.21190578 -0.05294001 0.11062646 -0.2766375 -0.024021233 0.026690222 0.0020196075 0.018280858 -0.0022709016 -0.10630334 0.36391482 -0.09640823 0.09396427 -0.13457374 0.23957863 0.13907273 -0.047773764 -0.012372132 -0.422768 -0.18228106 0.07157937 0.11716486 0.32187197 0.035750065 0.20514394 0.5120265 0.121181026 0.065273345 0.13690646 -0.34876522
44 -0.19374 0.5457659 0.205679 -0.067963354 0.19801782 -0.24528311 -0.031472925 0.031968217 -0.089850485 0.098458864 0.0075026928 -0.12397641 0.31706452 -0.1337899 0.0693025 -0.074816726 0.17574999 0.15913616 -0.022778207 0.013288586 -0.43179876 -0.21921048 0.12520885 0.2973121 0.29657438 -0.09981263 0.23934874 0.4479616 0.09459426 0.10522076 0.09958415 -0.4271803
85 0.04132022 0.52321064 0.19126719 -0.110848546 0.18418275 -0.14588006 0.009631606 0.16144513 0.07072996 -0.11888949 0.16801272 -0.054312352 0.30702513 0.0031096342 -0.07556508 -0.10493116 0.07413078 0.025450854 0.13223712 -0.14199057 -0.43978435 -0.1779553 -0.0067946487 0.12995759 0.30560285 0.0773424 0.061308373 0.40979913 0.10010797 0.2743511 0.15401214 -0.372956
83 -0.04216556 0.5206347 0.18463366 -0.121297255 0.17576481 -0.19650896 0.030759446 0.111074716 0.008713367 -0.048083708 0.09339705 -0.08027203 0.30121028 -0.05587798 -0.040729865 -0.0747673 0.13109097 0.09285758 0.07218375 -0.09105339 -0.44959593 -0.19770464 0.03333581 0.19217387 0.314706 -0.008201239 0.15628338 0.4590334 0.08542729 0.20087945 0.15524676 -0.37503955
57 -0.22606385 0.50453955 0.20492017 -0.048400253 0.18471798 -0.26765963 -0.057314683 0.05270427 -0.031455252 0.049479127 0.018619373 -0.099157274 0.29742154 -0.09701934 0.09659449 -0.08168451 0.20255119 0.13550185 -0.055499855 0.027213909 -0.40814486 -0.2074959 0.07637092 0.19373344 0.26577199 -0.018849296 0.18448322 0.46265566 0.094516896 0.082327865 0.14208113 -0.41194946
86 -0.05667178 0.5239772 0.16759291 -0.087112576 0.20289099 -0.17129283 -0.05361281 0.12285783 0.055140078 -0.04518925 0.10790186 -0.10886811 0.3034595 -0.041052356 -0.055760454 -0.15907396 0.093122 0.040229935 0.06892771 -0.074330665 -0.40094456 -0.18962947 0.039372783 0.13347077 0.26335686 0.026837634 0.119734176 0.47002476 0.08469603 0.16455615 0.12426704 -0.37856513
77 0.054277707 0.5179101 0.17340817 -0.123591974 0.18101068 -0.14852929 0.062433977 0.16576456 0.027718728 -0.09183029 0.12826319 -0.022765554 0.25167957 -0.029037116 -0.09131963 -0.062393975 0.07654548 0.026920464 0.19585736 -0.14229023 -0.50063485 -0.15738866 0.006124812 0.20112512 0.34633687 -0.0117033925 0.095738016 0.43197116 0.07935213 0.31674993 0.13666973 -0.3643626
26 0.00737568 0.46401337 0.23240335 0.027505096 0.3043221 -0.14029379 -0.11409379 0.068367444 0.15164661 -0.07270855 0.39107585 -0.17689529 0.26598218 0.027484674 -0.15836951 -0.32559565 -0.044135682 -0.048922356 0.05461772 -0.06526939 -0.19327664 -0.27818227 0.1149637 0.16622297 0.13954858 0.0585115 -0.15283492 0.3369183 0.057487052 0.36187103 0.113852195 -0.41401026
24 -0.039276283 0.50730187 0.2550042 0.09281383 0.33134192 -0.12895985 -0.13502526 0.09093471 0.08134276 -0.001579121 0.37489113 -0.17659111 0.23816611 -0.005644743 -0.16867507 -0.3321986 -0.0749384 -0.012578419 -0.0093670925 -0.06811952 -0.18018898 -0.31708303 0.19048053 0.20622066 0.098649934 -0.009875647 -0.15755555 0.2812872 0.09866852 0.30536175 0.11855683 -0.40650535
107 -0.07833287 0.48851296 0.31916103 0.0088038845 0.1645598 -0.28328204 -0.16413507 0.08120233 0.26534632 -0.24328028 0.33208278 -0.15352218 0.40451926 0.07485358 -0.015650557 -0.37109536 0.14765368 -0.076464005 -0.024903212 -0.014355559 -0.1520318 -0.20065519 -0.07203669 -0.1784176 0.12310609 0.32868755 -0.13951574 0.49717265 0.030975182 0.11682894 0.16391318 -0.31613892
123 -0.050087877 0.5442527 0.23468675 0.009245775 0.1961773 -0.1859695 -0.07762292 0.08624949 0.15976812 -0.12613955 0.28280756 -0.12207488 0.29675186 0.029044947 -0.069814816 -0.28914168 0.04662875 -0.012607418 0.0149729485 -0.061455812 -0.25678197 -0.2161044 0.043247934 0.03574855 0.17349406 0.114895724 -0.07612444 0.4169 0.050419524 0.21375096 0.12455128 -0.3350581
30 -0.08037398 0.4634024 0.23457587 0.09410144 0.30826327 -0.18039766 -0.14426655 0.0641241 0.1100938 0.0022300498 0.43717468 -0.2263466 0.28384894 -0.0069970125 -0.12658647 -0.33453876 -0.038442053 -0.017806904 -0.01746478 -0.009027915 -0.15466641 -0.31158993 0.18983595 0.19321293 0.12598045 0.05563448 -0.15897003 0.29152238 0.06350577 0.30356753 0.11239111 -0.4166404
34 -0.21064653 0.50504607 0.2130159 -0.05409464 0.15596065 -0.27854913 -0.052619442 0.026654933 0.020552699 0.007823133 0.05803862 -0.10031618 0.31775898 -0.06855927 0.09193158 -0.14288537 0.16863452 0.097917214 -0.019973924 -0.0018633095 -0.39691663 -0.19478504 0.059248324 0.20118085 0.27852082 -0.018882658 0.17805186 0.45973733 0.073544875 0.109241314 0.12910998 -0.40011293
94 0.06963548 0.5109531 0.20901003 -0.08862784 0.18794888 -0.1434845 0.00645544 0.18197787 0.12526526 -0.18393801 0.28205013 -0.05483548 0.28690487 0.052648 -0.11564223 -0.19221908 0.013729638 -0.039662614 0.15813655 -0.1472843 -0.37926787 -0.21479054 -0.014709339 0.07581419 0.24401693 0.123767026 -0.01677931 0.40969634 0.06406981 0.30358288 0.11134521 -0.33440062
104 -0.07303706 0.47404602 0.27732468 0.05774164 0.21846828 -0.2517476 -0.12325568 0.081149556 0.23583591 -0.15960331 0.35332507 -0.18142405 0.34854633 0.0472874 -0.0556493 -0.37985727 0.08113978 -0.03145475 -0.047670037 -0.041752446 -0.1796589 -0.23555973 0.008021674 -0.069859885 0.1351693 0.25308272 -0.13022304 0.45162278 0.06683459 0.12738658 0.15863384 -0.34801722
89 -0.04657816 0.51658773 0.2056092 -0.04149655 0.14659126 -0.18572667 0.006228749 0.12087038 0.07299943 -0.08717171 0.12829137 -0.06854033 0.2932707 -0.021524671 0.0029929483 -0.12980403 0.12648347 0.046146743 0.06756821 -0.048424155 -0.4127346 -0.19975674 -0.0010353092 0.1199433 0.25866663 0.024363419 0.07257943 0.45534188 0.112762816 0.18029122 0.14483799 -0.37557623
67 -0.0026024373 0.523307 0.20242512 -0.12636016 0.13357042 -0.20143048 0.034134947 0.12446274 0.06796375 -0.13681445 0.08412798 -0.057594594 0.30572945 0.011030118 -0.0023164833 -0.107192464 0.14223629 0.019813739 0.098199934 -0.0877131 -0.44964415 -0.15277533 -0.052975766 0.075002626 0.29307792 0.10744986 0.10682476 0.48752713 0.098993964 0.15814696 0.17942768 -0.3346743
28 -0.09814601 0.49091738 0.25713155 0.022011863 0.24568522 -0.18225653 -0.122043714 0.041375365 0.09644542 0.011885906 0.2898887 -0.20535414 0.27226403 -0.02764957 -0.09436695 -0.3056125 0.015982702 0.0012969542 -0.01680431 -0.017436488 -0.19775867 -0.28062266 0.12852399 0.14652048 0.12931965 0.068708606 -0.06149877 0.36710453 0.06862973 0.20972018 0.124660365 -0.39132074
109 -0.104674496 0.48996693 0.29757118 -0.0014064403 0.1658326 -0.26810402 -0.14113338 0.07083433 0.25221863 -0.1887315 0.24411412 -0.11653286 0.34193435 0.022409592 0.021369116 -0.3149668 0.15498532 -0.04216552 -0.015387185 -0.026252246 -0.22282636 -0.23086734 -0.016327778 -0.08777508 0.16657628 0.25077254 -0.07781859 0.48432708 0.02414682 0.13197577 0.13193873 -0.299876
31 -0.009022769 0.51372796 0.24071257 0.10545837 0.36938202 -0.07631579 -0.09675655 0.06833641 0.07695882 0.0066883625 0.40836647 -0.18186988 0.23099725 -0.007873655 -0.23334138 -0.31185406 -0.115636654 -0.0122604715 0.024849182 -0.06374638 -0.19390406 -0.2968719 0.2309745 0.26296166 0.06803849 -0.00079080655 -0.19779278 0.23819193 0.07924405 0.37175307 0.100562535 -0.42536804
121 -0.051980056 0.503883 0.30529264 0.015839955 0.16299531 -0.22375922 -0.100317486 0.07193683 0.18796323 -0.24646491 0.2680317 -0.13562854 0.3426461 0.048733406 -0.0121562 -0.2900315 0.1198211 -0.02963106 0.03866694 -0.049519483 -0.2324676 -0.16965595 -0.039291408 -0.062457263 0.18564424 0.23610802 -0.071452655 0.45981106 0.07552944 0.11499091 0.1857624 -0.3160768
102 -0.06029389 0.4568297 0.26639688 0.035176665 0.21173224 -0.22752754 -0.158632 0.054796092 0.23963448 -0.15378183 0.2984913 -0.18450677 0.35713136 0.026228927 -0.08699817 -0.3434407 0.07523384 -0.016176814 -0.031533603 -0.055226985 -0.18654808 -0.22250496 -0.00091975543 -0.024861172 0.15341543 0.21142927 -0.1114203 0.43918654 0.046377525 0.13019979 0.15453033 -0.3316405
93 0.11489614 0.5279734 0.19056377 -0.059134334 0.2446304 -0.095920466 0.010778616 0.15865634 0.082716465 -0.1285682 0.3096063 -0.088378385 0.22596462 0.047369633 -0.17773022 -0.15718237 -0.022013793 -0.039317314 0.18094592 -0.14104515 -0.35613132 -0.20933197 0.046221495 0.17819223 0.21692601 0.058491003 -0.041014705 0.36579156 0.07818247 0.35483533 0.14129168 -0.35609615
111 -0.08081486 0.49901417 0.32813448 -0.021082303 0.114690416 -0.31232858 -0.14234802 0.07414927 0.28124973 -0.31088302 0.26701933 -0.13774362 0.40933695 0.07430687 0.06020766 -0.36872557 0.18926558 -0.08808707 -0.0071560214 -0.022888603 -0.18952066 -0.17635268 -0.11909986 -0.20468876 0.17504609 0.36106873 -0.079908095 0.5675641 0.025002325 0.038472366 0.17162761 -0.29277527
124 -0.033956878 0.5352971 0.32044744 -0.007711027 0.13154393 -0.23489118 -0.10644351 0.08628591 0.23850797 -0.27749488 0.2776373 -0.108467475 0.33799717 0.06512658 0.0004654769 -0.3002101 0.1607188 -0.06208905 -0.0052903015 -0.07686735 -0.25260842 -0.18757431 -0.07157479 -0.11166314 0.1792106 0.29460058 -0.059491303 0.48735654 0.023997648 0.13567483 0.1374584 -0.33655998
4 -0.04468735 0.4945474 0.25706387 0.07610179 0.29899666 -0.13586004 -0.10990377 0.06311231 0.10450375 0.0025069413 0.39711058 -0.2090067 0.259652 0.002131354 -0.15307637 -0.31400558 -0.059116613 -0.019574527 0.015537713 -0.061823387 -0.15837976 -0.271066 0.16824205 0.17427626 0.122003436 0.03653696 -0.14305238 0.31951505 0.081249 0.30780593 0.09648942 -0.42190632
19 -0.043267887 0.49776244 0.22551334 0.091046736 0.31848294 -0.121323004 -0.14411244 0.06266423 0.14143676 -0.037096124 0.43915075 -0.18471438 0.22300117 -0.017784469 -0.14934126 -0.3259712 -0.0934607 -0.03678511 0.008028857 -0.04657186 -0.16924717 -0.32277 0.18718463 0.19812377 0.098131925 0.028152557 -0.1807976 0.29825217 0.08736473 0.37140486 0.11571609 -0.40324908
49 -0.25417316 0.5011727 0.24121672 -0.052231427 0.14151227 -0.29705307 -0.07621167 0.037462145 -0.07951512 0.08880844 -0.0070622745 -0.13059738 0.3733364 -0.123627394 0.17905109 -0.08367521 0.25999498 0.13908927 -0.09396824 0.06501206 -0.4388494 -0.17600523 0.08366116 0.14592879 0.31891203 -0.010724487 0.2808342 0.51956296 0.07464671 0.0047070347 0.12187342 -0.38203976
41 -0.18769681 0.50291663 0.20692018 -0.07408246 0.120558366 -0.2554042 -0.02966493 0.06642817 -0.025950275 0.068798825 -0.018780477 -0.09981188 0.35515136 -0.09024135 0.08789832 -0.037329968 0.19214265 0.16324976 -0.026864517 0.0014692597 -0.4990255 -0.14851701 0.060101807 0.16433124 0.35340196 -0.028397525 0.27501065 0.50106823 0.12905046 0.06091368 0.11825097 -0.3883729
29 -0.10386343 0.5004507 0.22959425 0.026550315 0.31242645 -0.17382544 -0.11484197 0.045773543 0.066409476 0.035550464 0.35916838 -0.20357953 0.27764115 -0.016466146 -0.08216562 -0.2679719 -0.018534578 0.02866638 -0.017776586 -0.036120616 -0.21689065 -0.29100668 0.18365197 0.25050017 0.12710074 0.017879108 -0.10453072 0.30524004 0.092249244 0.2946278 0.11896544 -0.39983755
25 -0.10362666 0.49581465 0.19954564 0.043973442 0.32787547 -0.1790857 -0.057004526 0.07759439 0.03261653 0.066209085 0.26205266 -0.19169554 0.2403119 -0.055691723 -0.11949323 -0.24720874 -0.026913602 0.07840847 -0.03941455 -0.0068493597 -0.28105882 -0.29933086 0.20980468 0.28477997 0.19403468 -0.03678259 -0.02884883 0.34150574 0.121740244 0.25830612 0.10316791 -0.4220902
13 -0.04846609 0.51703286 0.24556717 0.11824288 0.39553905 -0.09743878 -0.08653995 0.09301085 0.053548083 0.04171038 0.47951028 -0.22078174 0.19935542 -0.011319501 -0.24190196 -0.3249791 -0.1360025 0.0039518243 0.0029418403 -0.04832854 -0.14389898 -0.33713418 0.28042653 0.26892337 0.06505215 -0.025505165 -0.23239028 0.20030153 0.058031265 0.40731966 0.12151273 -0.43119752
72 0.001095419 0.56724536 0.21727154 -0.112122744 0.16114974 -0.14368491 0.060069155 0.15295063 0.030630333 -0.14141242 0.09482306 -0.048433863 0.26096922 -0.0080251265 -0.0600812 -0.066241585 0.10351599 0.036603913 0.14845313 -0.14368616 -0.5018502 -0.16857962 0.013536021 0.17240971 0.29683295 0.036950644 0.09277457 0.44806284 0.12689804 0.21189342 0.15487647 -0.3257161
15 -0.11726369 0.5083718 0.25860357 0.0027876517 0.28643104 -0.19765086 -0.12682533 0.045222756 0.06910988 0.013746951 0.28272793 -0.18907924 0.2639653 -0.053236667 -0.091348246 -0.28182903 0.0011219118 0.02931914 -0.02790211 0.0009059339 -0.2342668 -0.275098 0.10785054 0.19098905 0.11370072 0.020102015 -0.07391158 0.37022218 0.08293463 0.22680485 0.11144517 -0.3815947
