128 32
50 0.10350477 -0.14616853 0.2926723 0.13871224 0.13885425 0.17833619 -0.14927867 -0.2436013 -0.19217949 -0.50172764 -0.361327 -0.06390681 -0.15748037 -0.08397817 0.31295747 -0.15053017 0.07590111 0.43501315 0.14322627 -0.10057166 0.0042004315 -0.06399243 0.0015034184 -0.027102545 0.051649716 0.051372048 -0.19459414 -0.093238406 -0.22155327 -0.049217645 0.1831104 -0.34367687
36 0.10706114 -0.13844746 0.28981638 0.16367511 0.11840245 0.2267146 -0.17849262 -0.2590111 -0.17417774 -0.5216956 -0.34460607 -0.06955203 -0.16570146 -0.044999454 0.2791286 -0.12723015 0.08934805 0.40729648 0.17980054 -0.09763251 -0.04289175 -0.03505787 0.01777834 -0.044686884 0.08852008 0.07260277 -0.20036826 -0.08626601 -0.23441218 -0.018728059 0.18533757 -0.26960686
127 0.32114005 -0.11929788 0.28074732 0.3223089 -0.06575079 0.25049153 -0.14936307 -0.24879391 -0.2040158 -0.46275774 -0.4946783 -0.1172694 -0.20337309 0.011875178 0.27179253 0.01287771 0.2022307 0.4221442 0.1628167 -0.054808408 -0.26268238 -0.116049655 -0.0814013 -0.18767777 -0.009106617 0.16576627 -0.094103776 0.05826064 -0.016575063 0.08884313 0.10218616 -0.017821793
49 0.045818612 -0.12526329 0.33729678 0.1146849 0.1435964 0.18348797 -0.16006953 -0.24663553 -0.1681468 -0.5250912 -0.30506355 -0.059622813 -0.16112682 -0.0872633 0.31747717 -0.21685933 0.08259296 0.43337357 0.15959665 -0.11159306 0.047676288 0.008897782 0.06452138 0.0040059253 0.09711747 0.05845666 -0.23573345 -0.10617755 -0.26185235 -0.110847674 0.21910371 -0.3657786
88 0.09962667 -0.15986721 0.34047264 0.3316599 -0.04155621 0.2060642 -0.0624024 -0.2108606 0.016733343 -0.50063705 -0.41088322 -0.15143396 -0.09973807 0.1242089 0.41190553 -0.09174031 0.00084367 0.3287158 0.20517802 -0.230624 -0.08981898 0.17153949 0.20194408 -0.101459436 0.16028552 0.2484667 -0.15295002 0.015133845 -0.11695005 -0.041545957 0.20029223 -0.096364014
20 0.16285338 -0.032529768 0.15216406 0.12667575 -0.014266012 0.20452003 -0.26365224 -0.23124817 -0.38953865 -0.51212376 -0.46914396 -0.101176284 -0.085921906 -0.030346498 0.023745392 0.055331655 0.017272001 0.42156208 0.19977108 -0.19914407 -0.060197204 0.04649261 0.098898046 -0.16777359 -0.08573827 0.098193996 -0.3074692 0.061836455 -0.14837658 0.21535543 0.22851427 -0.083098896
87 0.011010828 -0.11498505 0.30404392 0.2536365 0.065865725 0.19526838 -0.10743622 -0.21545598 -0.03750372 -0.5349284 -0.3946673 -0.12810236 -0.04412213 0.071073614 0.35105592 -0.11971752 -0.05035299 0.33789086 0.15496692 -0.25039154 -0.025071766 0.17690338 0.23635902 -0.047895707 0.11799302 0.19040349 -0.19475417 -0.0030402162 -0.19922249 -0.07778333 0.2026219 -0.19433104
44 0.008991621 -0.14116548 0.30528027 0.09398443 0.209011 0.21225329 -0.14912595 -0.27416316 -0.14314005 -0.5606191 -0.3246276 -0.061403785 -0.16940734 -0.06846128 0.31221142 -0.20549302 0.09654285 0.4290055 0.14977336 -0.10413866 0.04616038 -0.044595376 0.03347064 0.013119797 0.08032064 0.035523012 -0.23598383 -0.14482202 -0.2968896 -0.12662494 0.18556814 -0.38584018
76 0.1005984 -0.12282287 0.3049011 0.2687464 0.024747916 0.22041558 -0.08480244 -0.2456139 -0.071682535 -0.5126796 -0.4147821 -0.106384896 -0.109853 0.074773915 0.33833545 -0.11385952 0.042799626 0.37949848 0.15867206 -0.19802772 -0.114305735 0.0654075 0.14203385 -0.0744008 0.111212276 0.17779367 -0.13779713 0.009493249 -0.12703446 -0.018391551 0.1628293 -0.09998193
121 0.25968525 -0.12979518 0.26192468 0.32418737 -0.04667863 0.2205193 -0.103917435 -0.21968444 -0.14859839 -0.43221548 -0.4746814 -0.12120277 -0.16999476 0.0319027 0.32037112 -0.006660076 0.17351834 0.3817891 0.17881721 -0.09872734 -0.23960575 -0.047676444 -0.014878355 -0.17157494 0.02854384 0.20318408 -0.11323249 0.04795658 -0.04927016 0.05521668 0.14438663 -0.06591961
10 0.13377659 -0.04026302 0.1881408 0.13690497 0.021475235 0.22395223 -0.25329557 -0.255062 -0.3334235 -0.5564186 -0.4998598 -0.11478577 -0.08928003 -0.002907148 0.048326276 0.049331482 0.035332117 0.37898955 0.21198109 -0.20426892 -0.07399971 0.043771815 0.09928165 -0.14046973 -0.049461763 0.09328029 -0.27016988 -0.008958976 -0.15204889 0.19299209 0.21530087 -0.08303235
25 0.12994802 -0.027287882 0.15050098 0.064887956 0.054250985 0.22281902 -0.33151084 -0.27382755 -0.43284455 -0.5363089 -0.46224365 -0.091731295 -0.06153676 -0.040595222 -0.03106059 0.04164576 -0.031882834 0.42616695 0.19395207 -0.25241524 0.0005919751 0.029720282 0.095026106 -0.14657442 -0.09240325 0.053348172 -0.36379462 0.022709083 -0.20609972 0.2550997 0.2627968 -0.12012196
42 0.01827975 -0.12896025 0.2907991 0.07222259 0.198192 0.20356423 -0.19794162 -0.23938376 -0.20977592 -0.5313537 -0.3506082 -0.08669767 -0.15936232 -0.057596978 0.21859854 -0.13156895 0.07566586 0.45592237 0.13399674 -0.1383285 0.028973307 -0.022248292 0.046932444 -0.031042686 0.052868202 0.034072295 -0.24517083 -0.102754146 -0.25931752 -0.016567862 0.22681129 -0.32403296
22 0.11076005 -0.08067814 0.22521153 0.14273821 0.056435283 0.1852549 -0.23060602 -0.22474094 -0.26016146 -0.53280926 -0.41293898 -0.06742459 -0.12636386 -0.05044814 0.14151712 -0.011121384 0.06395783 0.41835544 0.13884068 -0.16533683 -0.06500558 0.03399403 0.04510763 -0.11974747 -0.01276375 0.072023965 -0.26864114 0.009042142 -0.20216887 0.080916576 0.20255643 -0.18348183
51 0.018141741 -0.09935019 0.25177065 0.0035487546 0.2166282 0.18691443 -0.25529495 -0.2656782 -0.28345394 -0.52687556 -0.35953504 -0.04926434 -0.19804272 -0.10011408 0.19002318 -0.15423137 0.043496784 0.49458268 0.15012054 -0.11593737 0.05303569 -0.076861635 -0.013399791 -0.011464129 0.019685816 -0.014213525 -0.28287524 -0.1010981 -0.31454366 -0.029580208 0.2520027 -0.40064162
103 0.2677305 -0.13411824 0.34887165 0.34560856 -0.044506162 0.24102183 -0.097939946 -0.22210172 -0.12120934 -0.4516784 -0.46742523 -0.12808183 -0.17516948 0.05145203 0.36097634 -0.020927938 0.14199957 0.4403456 0.1975165 -0.08386398 -0.22431283 -0.027633823 0.018501755 -0.14777337 0.044480268 0.17648536 -0.10803557 0.01738676 -0.06292919 0.050535448 0.13596879 -0.082602374
91 0.24642335 -0.17488256 0.3410197 0.35742173 0.010999383 0.24489908 -0.081923984 -0.2309139 -0.10912705 -0.44809216 -0.44321984 -0.11191992 -0.2107813 0.03862986 0.40450263 -0.06847097 0.18417287 0.43638605 0.16175656 -0.022659386 -0.2344151 -0.092564695 -0.075192645 -0.14309904 0.08845193 0.1680304 -0.063620515 -0.02486374 -0.072407216 0.022277577 0.1098754 -0.10547891
9 0.10151934 -0.013868492 0.14677702 0.04638016 0.06582946 0.21286903 -0.32334417 -0.27447072 -0.42177543 -0.53249425 -0.464027 -0.06463753 -0.07934951 -0.06444042 -0.035129845 0.02864351 0.01654134 0.44949532 0.20762005 -0.23266482 -0.02013548 0.00020471308 0.08145055 -0.12240778 -0.07397247 0.045157064 -0.3448322 0.0027658597 -0.22836481 0.22460935 0.24241893 -0.12708253
111 0.20952882 -0.14320843 0.33804026 0.28640616 0.015039634 0.21440518 -0.108258724 -0.26208845 -0.15085398 -0.4390798 -0.45137313 -0.09794409 -0.22156323 -0.02566237 0.33456898 -0.083402306 0.197043 0.44181204 0.19676553 -0.023031838 -0.20146166 -0.10206343 -0.082939185 -0.1420038 0.043328192 0.1366576 -0.1298522 -0.016405495 -0.12818776 0.030329289 0.13371801 -0.19158673
27 0.08335231 -0.07845616 0.24077296 0.14288008 -0.01740507 0.20307656 -0.27117294 -0.229612 -0.3552728 -0.5499461 -0.4481866 -0.10007214 -0.05954932 0.01514324 0.035907302 0.07765986 -0.007962435 0.45155877 0.18573527 -0.2742478 -0.06254971 0.10461655 0.13994768 -0.13033468 -0.019409733 0.10119587 -0.30890757 0.069985084 -0.13729705 0.22820629 0.24156468 -0.041364938
17 0.02921102 -0.019872328 0.13491075 -0.0048008924 0.085650414 0.21921714 -0.3512885 -0.24077776 -0.46361646 -0.5593836 -0.46182534 -0.07781905 -0.0589603 -0.06194667 -0.03834012 0.0483565 -0.04471364 0.46140483 0.168176 -0.27164644 0.043371778 0.05902893 0.0987445 -0.1300081 -0.07430633 0.024272082 -0.38027766 0.014248633 -0.24738055 0.25939932 0.29059312 -0.1533783
114 0.3345837 -0.1439309 0.3025174 0.43682134 -0.117102474 0.22888921 -0.041235283 -0.22897252 -0.13178155 -0.40151238 -0.48672444 -0.13340485 -0.1823313 0.053527273 0.3733669 0.022162845 0.22383599 0.40175155 0.22209506 -0.054891497 -0.31861672 -0.05678116 -0.040782385 -0.20116678 0.056417346 0.24685015 -0.024004197 0.0524553 -0.018383604 0.095184386 0.12389745 0.011779057
83 0.05147791 -0.15915243 0.3405308 0.27835023 0.019259451 0.18985786 -0.067163505 -0.207005 -0.030184478 -0.49326155 -0.35938552 -0.12620558 -0.08227557 0.086640954 0.4104543 -0.14340957 0.035375778 0.33932576 0.16198716 -0.21056452 -0.06279241 0.15000616 0.16562939 -0.086406276 0.14576077 0.22409914 -0.15719406 -0.0126133645 -0.15916666 -0.05660168 0.2055886 -0.15169385
112 0.2137838 -0.12470986 0.28247222 0.3411232 -0.059467815 0.23320073 -0.06779755 -0.22623435 -0.1319572 -0.46508873 -0.42733636 -0.108771905 -0.15495524 0.056331806 0.3166762 -0.012139179 0.12781611 0.3775984 0.21058476 -0.12451294 -0.2019801 0.028851256 0.07247856 -0.17615303 0.066424556 0.23664588 -0.13863459 0.016136225 -0.08823751 0.08815208 0.13549843 -0.033578057
6 0.044701904 -0.049965724 0.1947939 0.0021091693 0.08155608 0.20221452 -0.34803736 -0.27325967 -0.42707556 -0.56707484 -0.43816727 -0.06316194 -0.07259345 -0.06753902 -0.03574578 0.022530911 -0.03338993 0.4480856 0.17857541 -0.2706976 0.04779926 0.061504092 0.12703098 -0.10543514 -0.05098274 0.052507434 -0.3464461 -0.0057339557 -0.27789935 0.18105581 0.2645768 -0.19229369
105 0.34036356 -0.13183805 0.3393613 0.38014215 -0.08299048 0.24489798 -0.06274472 -0.20990618 -0.15478407 -0.3935513 -0.4932518 -0.13999127 -0.22579384 0.015975142 0.36472672 -0.016715549 0.24072427 0.45619217 0.20571338 -0.0333688 -0.29615787 -0.11862564 -0.0953965 -0.2076685 0.030959085 0.20105769 -0.06406528 0.03839836 -0.021593587 0.049918555 0.10801031 -0.0484225
117 0.118937254 -0.035682693 0.18514545 0.12406587 0.01474965 0.18939723 -0.2840861 -0.261311 -0.38500616 -0.5360903 -0.4330559 -0.080491856 -0.062429845 -0.0342859 -0.010750794 0.046715558 -0.0011611053 0.460419 0.19729364 -0.24662279 -0.034431018 0.04065954 0.09016371 -0.16790473 -0.07666768 0.081166275 -0.30895635 0.052759938 -0.20515956 0.21036984 0.21673377 -0.08574352
100 0.05563551 -0.09600774 0.238234 0.08066196 0.22522719 0.20846751 -0.22057615 -0.25703287 -0.20013545 -0.53067017 -0.3617141 -0.051268034 -0.19744338 -0.10177668 0.27409095 -0.18216857 0.09638832 0.44600806 0.15989156 -0.083527006 0.030737633 -0.077005625 -0.030126072 -0.007377476 0.068962954 0.03310241 -0.2524561 -0.13768014 -0.2822351 -0.05811999 0.20324288 -0.3800371
78 -0.01037804 -0.14229378 0.34677455 0.23449393 0.08232548 0.16933355 -0.07610854 -0.24446997 -0.044265497 -0.5370414 -0.36218616 -0.116261795 -0.046612464 0.07465781 0.34275004 -0.1443686 -0.031241594 0.3424336 0.15073195 -0.2962629 0.031816356 0.20937991 0.27533093 -0.04870228 0.12404324 0.19307502 -0.22765867 -0.0045438786 -0.22699545 -0.04826924 0.23030564 -0.18697785
72 0.0731898 -0.12689896 0.3099171 0.25713518 0.03721272 0.21704587 -0.11011869 -0.2420547 -0.06978282 -0.51793516 -0.40755162 -0.1044994 -0.06651535 0.06880263 0.32605973 -0.07248921 0.030730058 0.33273587 0.16735977 -0.1827057 -0.058626637 0.10481207 0.1623941 -0.07878955 0.11924841 0.1510546 -0.18311143 -0.008037529 -0.1617348 -0.030803764 0.1759519 -0.13698384
48 0.08433521 -0.13911 0.32093275 0.1696059 0.11477863 0.20145287 -0.13108955 -0.26856914 -0.14607829 -0.5354848 -0.36904737 -0.10242993 -0.14484096 -0.006579669 0.32854798 -0.13570906 0.11021082 0.38526502 0.13809508 -0.10555554 -0.052190658 -0.014321899 0.034130935 -0.0313633 0.093864016 0.10958739 -0.17181064 -0.091084644 -0.21151033 -0.046075016 0.18421246 -0.24453397
41 0.080768526 -0.094487615 0.25912148 0.123420335 0.13755687 0.18971631 -0.19696741 -0.21713676 -0.19167808 -0.52098787 -0.3874077 -0.11004608 -0.15699585 -0.021486051 0.23656827 -0.10794497 0.05147164 0.44028825 0.13831292 -0.15661287 -0.0065690717 0.029184105 0.083901115 -0.059736755 0.036426783 0.06383827 -0.2504075 -0.039050356 -0.21198775 0.006922474 0.22125271 -0.27131763
75 0.005838556 -0.14202932 0.33303002 0.37023094 -0.015574141 0.1915354 -0.02830952 -0.20981975 0.037110087 -0.54076993 -0.4292565 -0.15400054 -0.01895231 0.15058762 0.39783013 -0.101298146 -0.039264157 0.2685493 0.1636163 -0.30551922 -0.07385254 0.25685546 0.2813159 -0.076068826 0.17907615 0.25999814 -0.17171666 0.048246816 -0.13699055 -0.054470263 0.19933102 -0.07257685
24 0.062486358 -0.049270414 0.18874268 0.12696707 0.06639327 0.22947577 -0.2560142 -0.2647519 -0.2997788 -0.58502203 -0.44214615 -0.10648105 -0.06286725 0.00045773882 0.093405314 0.0146339135 0.021039119 0.3790408 0.17584208 -0.23594381 -0.041608717 0.05842759 0.1443725 -0.10725087 -0.010519973 0.106651455 -0.2866458 0.017258478 -0.20989518 0.17589884 0.2248136 -0.12426714
59 0.09269393 -0.13826987 0.33831292 0.063310176 0.21623161 0.16583109 -0.17342146 -0.2791529 -0.2234182 -0.51553696 -0.31278142 -0.041253485 -0.18028274 -0.12698883 0.28456467 -0.20486622 0.15616487 0.43529424 0.12799804 -0.04554662 0.058172937 -0.102124356 -0.03375511 -0.03084657 0.06576917 0.037965257 -0.21897724 -0.12527059 -0.29071903 -0.10698306 0.16638005 -0.3922123
104 0.24526776 -0.10904069 0.30338234 0.29510877 -0.043319225 0.22741625 -0.13953695 -0.24545304 -0.18906991 -0.44070593 -0.46994516 -0.10632773 -0.1927358 -0.0025973327 0.26426587 -0.009962348 0.16732448 0.43386617 0.21113974 -0.052136794 -0.19561824 -0.06589274 -0.039349534 -0.14123388 0.033911746 0.12932524 -0.09465325 0.040020633 -0.09195834 0.07851603 0.14414832 -0.08839233
46 0.057869684 -0.15590928 0.2994581 0.13061993 0.13811053 0.17570472 -0.18270494 -0.22710197 -0.19380951 -0.53505737 -0.3463591 -0.05481673 -0.12636253 -0.06995109 0.24078487 -0.15485366 0.044155195 0.41395047 0.17390107 -0.14636117 0.063504875 0.015284108 0.06875589 -0.047751646 0.059242573 0.06797855 -0.23786998 -0.085490316 -0.2615559 -0.038872175 0.22559951 -0.3347397
109 0.24912196 -0.14633621 0.30542564 0.27962255 0.0052355956 0.20335375 -0.1224372 -0.21987347 -0.18788083 -0.46918058 -0.41459593 -0.10280056 -0.16663879 -0.046129785 0.31188035 -0.054006495 0.1645949 0.3989145 0.19581738 -0.08585133 -0.14527838 -0.068402715 -0.038532224 -0.13076824 0.031457163 0.14731015 -0.1242958 0.00017736861 -0.08723143 0.031507257 0.1448075 -0.14738397
92 0.102388225 -0.039497197 0.16173807 0.07680085 0.042928245 0.1768746 -0.3252995 -0.25966653 -0.4080459 -0.5182815 -0.4352348 -0.08370403 -0.050530557 -0.07981345 -0.0090356115 0.018684052 -0.025205867 0.46199042 0.16951144 -0.24231942 0.0041911504 0.04590722 0.09586682 -0.10714497 -0.072168976 0.0631728 -0.3211815 0.026924001 -0.20822364 0.20687486 0.26830336 -0.14849348
55 0.05058806 -0.09867773 0.25486937 0.025872635 0.18249902 0.19259278 -0.20360497 -0.26156098 -0.23588978 -0.5204159 -0.33631703 -0.058161978 -0.14133753 -0.09234705 0.2637256 -0.19538611 0.060555473 0.42850554 0.13837321 -0.12423142 0.07536398 -0.046534 0.011773061 -0.0050934628 0.046933547 0.028004289 -0.25746435 -0.1283622 -0.30884466 -0.07042416 0.22512527 -0.39440915
28 0.092174836 -0.08871637 0.17452782 0.11842899 0.055934854 0.20028551 -0.2730493 -0.24541032 -0.3858956 -0.5550758 -0.41194192 -0.07436178 -0.059592187 -0.014377317 0.014268909 0.05149154 -0.04308758 0.3947415 0.18906236 -0.2809962 -0.011516649 0.054307677 0.13793369 -0.13018018 -0.027940972 0.09657535 -0.3339709 0.03626586 -0.17881942 0.22031742 0.24725297 -0.12175699
35 0.09350001 -0.12535171 0.2794487 0.08223732 0.16760121 0.19933099 -0.20013972 -0.2486313 -0.2436253 -0.50217295 -0.35603872 -0.07636853 -0.18241291 -0.11962501 0.26285356 -0.17582813 0.14695679 0.42181453 0.14944592 -0.09547786 0.010333764 -0.06796991 -0.030958712 -0.043300804 0.033243556 0.05152372 -0.23586257 -0.096781194 -0.25901675 -0.066847704 0.18371771 -0.36414292
119 0.32994133 -0.16578948 0.3252313 0.38012087 -0.03167024 0.2685461 -0.026609423 -0.2590161 -0.11479446 -0.41683125 -0.4587221 -0.11476928 -0.2837708 0.0051594833 0.4611082 -0.04933782 0.27984738 0.42094293 0.18574886 0.026470616 -0.29797328 -0.1599157 -0.16573699 -0.18544668 0.06421847 0.20993261 -0.013733139 0.019604784 -0.022942783 0.006918926 0.08320076 -0.09384265
106 0.33123308 -0.1484901 0.34040958 0.40401354 -0.03279828 0.25385246 -0.0827507 -0.23821385 -0.13499615 -0.40923116 -0.49238726 -0.13709456 -0.25283936 0.009948362 0.37469998 -0.004421404 0.26326656 0.45839792 0.1673657 0.011845024 -0.3064798 -0.1373726 -0.12617226 -0.16817813 0.027031042 0.18221523 -0.024962079 0.038369928 -0.0076149814 0.038704947 0.09539521 -0.09841822
29 0.07853832 -0.056057625 0.16714099 0.07047693 0.034911066 0.15899248 -0.29990736 -0.24526285 -0.40918148 -0.55176824 -0.4346192 -0.06674525 -0.014406203 -0.043848284 -0.027753808 0.006138061 -0.054875582 0.4091882 0.15240559 -0.2958991 -0.0024631117 0.08827851 0.16514951 -0.10689436 -0.056296557 0.051413134 -0.3677838 0.041800905 -0.23716564 0.21865961 0.2690901 -0.14322832
80 0.096057735 -0.12564562 0.3329254 0.35650405 -0.0017307409 0.1790223 -0.043781564 -0.2396428 0.018966522 -0.51210254 -0.4423284 -0.14675991 -0.08993317 0.12463459 0.38963577 -0.083046034 0.0075887335 0.31143564 0.14530075 -0.19083111 -0.095958866 0.15521452 0.18804458 -0.07528816 0.1515837 0.24832557 -0.13548334 0.048210673 -0.12350083 -0.055475384 0.18380748 -0.09129611
82 0.10781162 -0.14663957 0.3713172 0.35887295 -0.03663067 0.19484466 -0.0138203 -0.20346376 0.010882339 -0.46373346 -0.41933662 -0.14698447 -0.08303051 0.10666776 0.43485814 -0.105814934 0.07204236 0.34364486 0.16710125 -0.18967874 -0.15599342 0.14630067 0.12995394 -0.12820774 0.14958678 0.2396366 -0.11455186 0.034028333 -0.11791487 -0.042728886 0.16455919 -0.06963107
94 0.009814248 -0.13267158 0.3434822 0.3457035 -0.04969278 0.1607913 -0.032383576 -0.23288207 0.04030083 -0.596147 -0.44896317 -0.16835858 0.022063859 0.21264789 0.33408004 -0.0695662 -0.08453636 0.26069748 0.16688117 -0.34903654 -0.055933446 0.33045834 0.3624341 -0.08556393 0.1718243 0.29551762 -0.21840125 0.05297679 -0.14131534 -0.026218895 0.21276675 -0.0021464166
31 0.043546647 -0.030246286 0.21323867 0.06284687 0.07474887 0.19750161 -0.28699392 -0.2957141 -0.35470137 -0.5544438 -0.46260378 -0.10761228 -0.045791183 -0.020570762 0.047873937 -0.01971484 -0.03358082 0.42583865 0.18574364 -0.2755476 0.013631652 0.07398896 0.13728167 -0.09590568 -0.04174715 0.06459052 -0.3266315 0.018298397 -0.2389944 0.17822403 0.25499627 -0.16139063
34 0.096335895 -0.12681377 0.31346336 0.118079536 0.16554269 0.19741851 -0.16528593 -0.2696161 -0.19397926 -0.5423974 -0.36104944 -0.082321234 -0.17649864 -0.053405832 0.30540702 -0.15286575 0.10379065 0.41566998 0.15779574 -0.106372826 -0.015806634 -0.060666896 -0.0065410244 -0.037821434 0.073156305 0.066410534 -0.20265926 -0.113976546 -0.25508672 -0.07391613 0.1750418 -0.30646834
39 0.0511601 -0.14273036 0.33082068 0.17278333 0.13840619 0.17107841 -0.1292917 -0.26342958 -0.08911975 -0.5327825 -0.36605823 -0.106557444 -0.14792596 -0.021953242 0.32881516 -0.18539539 0.05905185 0.40039453 0.17700331 -0.12164339 0.02171961 0.00015795586 0.07697318 0.0009268842 0.09966497 0.09658851 -0.19647571 -0.11006725 -0.22812562 -0.1141891 0.18974896 -0.29408348
97 0.23743139 -0.1136552 0.28957167 0.33864415 -0.040847585 0.23900391 -0.1066416 -0.20571373 -0.17215694 -0.43682426 -0.47043222 -0.12127376 -0.16679767 0.027207753 0.29925376 -0.015455137 0.1382431 0.4079297 0.1938545 -0.07213956 -0.21670268 -0.035572182 -0.0308421 -0.16007759 0.03685718 0.15709172 -0.11806315 0.021920098 -0.104522996 0.06810816 0.12479498 -0.094393425
30 0.080313124 -0.04142016 0.17629556 0.12353536 0.01936328 0.19220918 -0.2736975 -0.22486639 -0.34991336 -0.52709216 -0.42926872 -0.08142674 -0.027670212 0.012869129 0.042689078 0.023196936 -0.043753184 0.41313913 0.19809338 -0.3078499 -0.011183436 0.12347835 0.17697263 -0.16331272 -0.046756323 0.10469312 -0.34107035 0.050212145 -0.19790143 0.21678752 0.2737579 -0.09136491
2 0.10682258 -0.04988852 0.17038766 0.10680812 0.045794588 0.22696613 -0.2741995 -0.28478178 -0.36057758 -0.544216 -0.4740121 -0.08488707 -0.034874506 -0.012692513 0.0119164465 0.040307116 -0.025225509 0.4029245 0.19191153 -0.23900478 -0.036507234 0.030001314 0.09961371 -0.104445666 -0.05932267 0.07993077 -0.3003865 0.024419833 -0.17758307 0.19082937 0.23044753 -0.07573292
110 0.22249824 -0.13921906 0.32719934 0.4078677 -0.056852866 0.23659079 -0.057301782 -0.21237443 -0.0815635 -0.4381099 -0.48800206 -0.13070375 -0.14193542 0.04976586 0.38452372 -0.023943579 0.14642584 0.3385074 0.21123925 -0.109093815 -0.23964708 0.027548531 0.02158579 -0.16414864 0.10758688 0.23406166 -0.056077577 0.039825622 -0.07075656 -0.010429984 0.14691135 -0.07645563
11 0.3029067 -0.15378095 0.36624473 0.41556087 -0.04848942 0.23630399 -0.04172299 -0.23204085 -0.109656535 -0.46247122 -0.46547243 -0.12767172 -0.23478511 0.041263256 0.44089293 -0.056345295 0.21120994 0.39603984 0.19573714 -0.010372423 -0.27956337 -0.07869046 -0.073614195 -0.19083765 0.06948504 0.21731925 -0.026158346 0.031105727 -0.003676256 0.00019452871 0.10243647 -0.070697494
5 0.07082652 -0.023678353 0.13531132 0.08018538 0.05749073 0.19979838 -0.31402528 -0.2536167 -0.42054528 -0.55530775 -0.45373812 -0.079615004 -0.061314907 -0.046277262 -0.02881533 0.010735701 -0.027218573 0.44103158 0.1634308 -0.23432437 0.0070884116 0.044737462 0.12679507 -0.10325587 -0.06562235 0.04569131 -0.341869 0.026308225 -0.24348335 0.21929443 0.27316368 -0.1496982
21 0.075927325 -0.007670108 0.135166 -0.007594036 0.110170364 0.2027159 -0.37094948 -0.28236103 -0.48619413 -0.56966174 -0.4444606 -0.082895264 -0.02924862 -0.056928385 -0.11389087 0.08011752 -0.071298726 0.43443105 0.16325341 -0.31618676 0.06747555 0.07569189 0.14787291 -0.12618369 -0.10066117 0.01380954 -0.40071195 0.020614102 -0.2685812 0.24770546 0.25592113 -0.14996421
37 0.043257847 -0.12913242 0.2936525 0.15459727 0.16275795 0.22842366 -0.15468293 -0.24003656 -0.13332109 -0.52179915 -0.36168516 -0.06667962 -0.17131393 -0.0403369 0.33338422 -0.16896982 0.06851048 0.4185922 0.15509547 -0.14642641 -0.015707683 0.0064073787 0.06052583 -0.027019277 0.09175377 0.07638894 -0.21557383 -0.07467352 -0.24914868 -0.084983364 0.19595934 -0.31918478
116 0.25857967 -0.10559189 0.2890041 0.31369153 -0.035834435 0.25159723 -0.14505684 -0.21864927 -0.17960137 -0.4330866 -0.4470221 -0.12383201 -0.1922868 0.018978588 0.27863055 -0.007863746 0.1499924 0.4302182 0.18738803 -0.101739965 -0.21962957 -0.076738514 -0.01982727 -0.15345407 0.01169359 0.16017842 -0.13656928 0.022405354 -0.07405938 0.106540024 0.14582069 -0.09960877
40 0.06825162 -0.12011001 0.29056484 0.10904556 0.15880865 0.16542819 -0.17257102 -0.22995634 -0.19377337 -0.50398904 -0.35890332 -0.0642395 -0.18404038 -0.08090575 0.30077973 -0.17924257 0.10523601 0.45438445 0.13999541 -0.14219713 -0.0067906864 -0.053576484 0.021698983 -0.045033213 0.04114772 0.08043015 -0.20206189 -0.08264725 -0.23198661 -0.092408225 0.2025152 -0.32789618
26 0.033752486 -0.060796227 0.16571882 0.11851737 0.029593652 0.18194395 -0.26039383 -0.23233464 -0.34079713 -0.5178976 -0.41535565 -0.09767844 -0.017656887 -0.007334495 0.065792 0.021571089 -0.05481773 0.42692545 0.19747113 -0.32125816 0.019702196 0.1528807 0.20493029 -0.15917681 -0.038910054 0.11756546 -0.34780973 0.041530643 -0.22030395 0.20200971 0.2810025 -0.13039932
32 0.06960521 -0.032136295 0.16670457 0.113874674 0.018378187 0.1972491 -0.33667895 -0.24084102 -0.44138482 -0.5637912 -0.44428253 -0.09899997 -0.033212926 -0.014694027 -0.07908646 0.09565607 -0.049598567 0.43270373 0.17406166 -0.30435318 -0.038709726 0.07927495 0.14878705 -0.14117819 -0.088297985 0.06987997 -0.33664817 0.07275879 -0.19216155 0.29530975 0.24484189 -0.07271893
101 0.28075668 -0.11232044 0.2532851 0.27199337 -0.03331736 0.23829833 -0.12785305 -0.2409149 -0.1935259 -0.4493843 -0.4688061 -0.1211045 -0.19753085 0.03676851 0.29040793 -0.016250437 0.15822071 0.39002204 0.19350259 -0.07138376 -0.21938828 -0.05817638 -0.037231836 -0.18584123 0.008860135 0.15815327 -0.11873648 0.027559334 -0.09058654 0.07873039 0.15189849 -0.07135784
84 0.06579714 -0.13241422 0.32593688 0.31498656 0.016655885 0.19018063 -0.08556013 -0.23367284 -0.06206357 -0.5227278 -0.41208664 -0.12568411 -0.046110168 0.11422873 0.3169461 -0.106375806 -0.023716675 0.35963687 0.19700204 -0.2670169 -0.09052206 0.16602781 0.23622367 -0.07984827 0.11783361 0.20331354 -0.17870496 0.0045080064 -0.17141767 -0.010070869 0.22835852 -0.09034069
54 0.0030402024 -0.11496712 0.308802 0.042955678 0.19714586 0.18481721 -0.21158405 -0.25502393 -0.21349612 -0.5573506 -0.33154586 -0.063166276 -0.105746835 -0.08461466 0.27552894 -0.18819024 0.056894295 0.4162075 0.14348672 -0.16640055 0.0960528 0.035427578 0.07260824 -0.02456821 0.061075162 0.052076332 -0.2937619 -0.10973648 -0.2913985 -0.08463789 0.2206278 -0.34370276
45 0.031988773 -0.1347644 0.3290952 0.13728261 0.15049231 0.21502241 -0.15290101 -0.26783 -0.14594103 -0.48666483 -0.3687973 -0.069150545 -0.15450434 -0.05154298 0.29844347 -0.16570829 0.052417565 0.41081446 0.16697139 -0.13620111 0.0130269425 -0.0017113893 0.06438851 -0.012517827 0.045409314 0.09824509 -0.19844578 -0.10650729 -0.23422709 -0.042486172 0.22458667 -0.31265432
16 0.09568134 -0.054461785 0.09726627 0.02893351 0.10134493 0.22736086 -0.34104487 -0.26375037 -0.48349518 -0.55657625 -0.44731915 -0.04691752 -0.055779163 -0.066805825 -0.040050752 0.06284071 0.0009980443 0.45323518 0.15609604 -0.23852219 0.015098665 0.027220285 0.066636756 -0.13395642 -0.0667281 0.0025196164 -0.36547473 -0.0033657544 -0.22791639 0.24298802 0.25931835 -0.16384518
43 0.090759866 -0.11302818 0.27057773 0.090950616 0.17785992 0.19884907 -0.18214972 -0.26633447 -0.25236022 -0.52820235 -0.34572622 -0.04090019 -0.15523775 -0.1259666 0.26448408 -0.1384964 0.11269578 0.44567195 0.17704746 -0.06941516 0.019161722 -0.08175134 -0.045157798 -0.053586304 0.05702296 0.03614777 -0.19476102 -0.13955347 -0.25944042 -0.07231373 0.15266962 -0.34951812
79 0.06884193 -0.14686325 0.30099252 0.16534431 0.11391158 0.18805091 -0.11960193 -0.24680245 -0.13807249 -0.5107109 -0.3874313 -0.08703022 -0.14319043 -0.030394444 0.33898917 -0.13666716 0.10549353 0.42433882 0.1698445 -0.09389007 -0.059103757 -0.031547703 0.039507892 -0.034884695 0.09955729 0.06892712 -0.18410791 -0.06646382 -0.21821828 -0.016253669 0.1841196 -0.253684
3 0.115374506 -0.029667756 0.12771529 0.0735189 0.07242273 0.19667211 -0.34316388 -0.2648986 -0.4682617 -0.5546989 -0.4652964 -0.068422556 -0.032388717 -0.069866456 -0.07117852 0.07212939 -0.044109732 0.4231215 0.18592688 -0.29632518 0.031205269 0.06553344 0.14054489 -0.16522567 -0.10195467 0.045591347 -0.4027574 0.02268395 -0.24417996 0.2582596 0.23859517 -0.114925765
8 0.10125214 -0.059753798 0.20237784 0.11331527 0.04814888 0.19951686 -0.27460036 -0.24871524 -0.3468505 -0.5396786 -0.4296007 -0.08632976 -0.067986265 -0.0036050263 0.059539992 0.03555219 0.0061135013 0.3842695 0.192685 -0.24887933 -0.039945506 0.039883494 0.09996889 -0.11083389 -0.012852543 0.0770279 -0.29769203 0.020097114 -0.20070842 0.16538103 0.23146543 -0.115239225
61 0.119255826 -0.016781721 0.11645439 0.10304731 0.0048106937 0.21200503 -0.31699947 -0.23012339 -0.43848354 -0.54993933 -0.4839414 -0.078891374 -0.024364566 -0.0188992 -0.008390412 0.08013942 -0.039496157 0.4095528 0.19530757 -0.2873822 -0.026537063 0.0720865 0.1298955 -0.19055878 -0.071900554 0.074999586 -0.35812095 0.084123276 -0.19985878 0.28302497 0.2861756 -0.077184185
15 0.10455727 -0.061289392 0.14680104 0.1056202 0.04849183 0.2255238 -0.3247114 -0.26512864 -0.42111295 -0.5625421 -0.4454014 -0.06624316 -0.050392214 -0.053071164 -0.014123491 0.075940356 -0.023030045 0.41315582 0.1796859 -0.25246835 -0.028009757 0.03664923 0.06391651 -0.15801656 -0.052660685 0.053569596 -0.32794967 0.02425285 -0.17464486 0.23086636 0.23393497 -0.080830924
125 0.2701461 -0.15323403 0.34594157 0.41259465 -0.030637102 0.25551137 -0.048004825 -0.23177543 -0.04446724 -0.4379992 -0.480676 -0.11454146 -0.21825491 0.042167276 0.43065247 -0.044462923 0.20627664 0.37234348 0.18010513 -0.015631154 -0.29433072 -0.06726752 -0.041428197 -0.13619646 0.1033707 0.19558507 -0.03366092 0.017833754 -0.0070814556 -0.015286322 0.09802236 -0.0700108
19 0.069876425 -0.017417489 0.19235133 0.1238267 0.012321647 0.20315626 -0.2619411 -0.24621208 -0.32896075 -0.5593726 -0.44062448 -0.092342496 -0.06529505 0.014441945 0.023436904 -0.0006161491 -0.030903988 0.4313841 0.18571904 -0.26186383 -0.017082527 0.082571656 0.12838954 -0.12646088 -0.057918362 0.103881285 -0.29822436 0.04719816 -0.21050975 0.1786401 0.25174826 -0.08505612
23 0.15762691 -0.026144955 0.12821323 0.062007416 0.012881762 0.21487527 -0.36980373 -0.2501243 -0.5063134 -0.5929165 -0.45933813 -0.0823517 -0.052478574 -0.027235778 -0.08684511 0.1235347 -0.005062263 0.41509613 0.16271327 -0.2566041 -0.05824228 0.0327821 0.11173933 -0.1701052 -0.088554956 0.04790463 -0.33094737 0.0600543 -0.17196058 0.31973052 0.24693485 -0.042405
58 0.33087784 -0.15101956 0.32315943 0.38666487 -0.047952246 0.24443738 -0.04855705 -0.22509183 -0.12914051 -0.3924747 -0.4633867 -0.10523794 -0.2717422 -0.015826423 0.42838258 -0.05864133 0.25919664 0.43730444 0.18911125 0.021997249 -0.27432927 -0.13020375 -0.14052504 -0.16365516 0.07060768 0.20188911 -0.05010761 0.00045152876 -0.052437358 0.022437373 0.07162079 -0.097866766
53 0.05629484 -0.12389082 0.29867423 0.11546652 0.17184618 0.23172301 -0.17460285 -0.24032438 -0.13795525 -0.5485174 -0.33827868 -0.08553175 -0.14120045 -0.036617674 0.29161513 -0.13933273 0.06924195 0.39009345 0.15751694 -0.15470499 0.03553775 -0.018559577 0.066673666 -0.04345015 0.07188783 0.074037425 -0.21129094 -0.105413765 -0.25176716 -0.06750557 0.21638271 -0.32397482
115 0.16585301 -0.18640806 0.32217762 0.3375121 0.004105515 0.1951561 -0.039945234 -0.22320944 -0.0409542 -0.48712066 -0.40792498 -0.09098095 -0.1663669 0.04299423 0.44045225 -0.10612888 0.13760546 0.37259895 0.19140069 -0.07145417 -0.16345227 -0.0068275924 0.03247417 -0.07966286 0.15757807 0.1910175 -0.07267879 -0.01998086 -0.090479694 -0.048928738 0.135585 -0.15871088
62 0.11401538 -0.13435662 0.26426584 0.14519359 0.14431728 0.19516541 -0.15493266 -0.26591164 -0.19265825 -0.48025084 -0.3749155 -0.0881316 -0.15918726 -0.08265269 0.29150867 -0.15057942 0.11591331 0.44994625 0.1375805 -0.13365655 -0.012645024 -0.057321668 0.0079860715 -0.0789906 0.03097086 0.10751524 -0.21286926 -0.08736507 -0.22161606 -0.042964425 0.19679189 -0.29764637
102 0.30373678 -0.16020553 0.33475646 0.4489894 -0.075493634 0.26379567 -0.026094614 -0.21383122 -0.060316678 -0.41763845 -0.50030375 -0.14855835 -0.22003378 0.070733964 0.42382944 0.0012980554 0.21798205 0.41192418 0.19097078 -0.05248242 -0.3270776 -0.069112994 -0.061478745 -0.15829547 0.068278514 0.2275879 0.0021871713 0.027190812 0.007957743 0.030288648 0.086603574 -0.016921915
126 0.2846531 -0.11734286 0.33225498 0.39117926 -0.06660222 0.23780577 -0.07580551 -0.24113128 -0.13608238 -0.4222985 -0.47281763 -0.11537108 -0.17626669 0.043716963 0.37343737 -0.037618853 0.1880396 0.37525254 0.20943522 -0.078293264 -0.2290491 -0.03490806 -0.017952044 -0.18149596 0.06121016 0.22046748 -0.072262645 0.047027126 -0.035082217 0.05442792 0.14035088 -0.036880996
118 0.3485196 -0.14217834 0.30374798 0.41371992 -0.032074153 0.2514994 -0.05372801 -0.22924788 -0.11518603 -0.37578204 -0.474475 -0.11445398 -0.27607027 0.005648378 0.44576108 -0.04856074 0.28123817 0.4155524 0.16564563 0.011398619 -0.32980567 -0.1613404 -0.15282401 -0.16511987 0.04844255 0.19895853 0.021901412 0.015891021 -0.01758734 0.037126828 0.10025225 -0.07737757
66 0.18638827 -0.16055363 0.35217306 0.40895322 -0.018807536 0.19673817 -0.020084817 -0.21860565 0.020198915 -0.44658422 -0.467638 -0.1585873 -0.11983083 0.09612919 0.45005652 -0.08456079 0.073667504 0.3529752 0.1723924 -0.17830573 -0.18132441 0.10109684 0.11060158 -0.124582484 0.102210626 0.24975325 -0.10479447 0.051145673 -0.0687345 -0.030989552 0.13120139 -0.061994936
90 0.056781255 -0.13352223 0.33919945 0.29720432 0.008263147 0.20069207 -0.107817166 -0.22083612 -0.039845463 -0.52147955 -0.391715 -0.116387144 -0.034671575 0.09354871 0.34180877 -0.08620432 -0.029103002 0.35298443 0.19244073 -0.24137995 -0.052916415 0.18032858 0.22466984 -0.0694379 0.108788304 0.19466439 -0.18145525 0.013509267 -0.14858626 0.010783286 0.21936506 -0.1218653
107 0.37076974 -0.1502364 0.40255117 0.4374125 -0.094320364 0.23043825 -0.03871121 -0.2109287 -0.053830523 -0.40891734 -0.5048206 -0.17712452 -0.20614621 0.049318105 0.45335683 -0.041888423 0.27265623 0.3977128 0.19304565 0.0076385634 -0.36371663 -0.090938464 -0.09416714 -0.18559715 0.08088319 0.20826726 -0.0018089844 0.06406841 0.004792992 -0.012886734 0.07084649 -0.035005726
89 0.02776977 -0.15014964 0.30510572 0.239213 0.109794445 0.19021025 -0.09692349 -0.24544634 -0.025109326 -0.54877853 -0.39086854 -0.10644458 -0.11450959 0.059718665 0.35048226 -0.14377454 -0.0017184648 0.3736798 0.14285189 -0.21498857 -0.007377491 0.12806712 0.19405136 -0.03022277 0.11699995 0.14711487 -0.19686477 -0.020045409 -0.1857066 -0.03986357 0.22148348 -0.19980209
81 0.05631015 -0.12622781 0.3361099 0.29912207 -0.029702619 0.1661922 -0.074320085 -0.23589392 0.0035264534 -0.5279412 -0.4494084 -0.14993462 -0.030134847 0.13599738 0.3483963 -0.08360935 -0.01222179 0.30250186 0.19298042 -0.27595183 -0.07696029 0.23007657 0.27012658 -0.11091658 0.12712428 0.2560913 -0.19180334 0.029384771 -0.14975898 -0.036293108 0.2248814 -0.05569869
98 0.22939664 -0.13126165 0.31747547 0.2585035 0.008078578 0.22172876 -0.12844673 -0.26013273 -0.20314823 -0.45828968 -0.4389901 -0.11855616 -0.15811868 -0.00906117 0.27700824 -0.009125768 0.16172458 0.42597142 0.17776878 -0.07757794 -0.18271953 -0.062847294 -0.0121476315 -0.1257239 0.035316158 0.12568977 -0.1053883 -0.014245841 -0.10752479 0.08167239 0.13515018 -0.10962225
57 0.08698351 -0.11946118 0.25479612 0.14379303 0.14950646 0.20992032 -0.20324743 -0.25147176 -0.19129837 -0.50643885 -0.3859376 -0.07480503 -0.17677946 -0.077624895 0.25891864 -0.120308064 0.08048531 0.4394657 0.12577344 -0.1313063 -0.013829324 -0.016520306 0.016180199 -0.06366118 0.023891 0.061772894 -0.22509117 -0.07999228 -0.23149961 -0.024914773 0.19250679 -0.2980571
33 -0.01417454 -0.10077967 0.28677914 0.0036518173 0.25754333 0.1890323 -0.22274658 -0.29398257 -0.2294508 -0.5640931 -0.32620576 -0.047991306 -0.15716827 -0.12888362 0.24311315 -0.2244591 0.03623742 0.45570356 0.15290032 -0.12488076 0.09791202 -0.033312812 0.03289506 0.038164232 0.046561025 -0.0033794583 -0.25947097 -0.14925696 -0.3275593 -0.10977617 0.24303512 -0.4593085
71 0.012479716 -0.15112692 0.33563536 0.36291677 0.013002162 0.1719158 -0.0037300566 -0.22607256 0.080906294 -0.550388 -0.40968424 -0.13298698 -0.022518886 0.12922376 0.44219953 -0.13743787 -0.048677146 0.2774345 0.17422423 -0.30320328 -0.03448302 0.27895507 0.3120238 -0.07195616 0.1868297 0.28467113 -0.14747182 0.037966046 -0.16151714 -0.08113941 0.20426574 -0.09526145
38 0.05922476 -0.092561215 0.19453634 0.034880675 0.19840726 0.2024755 -0.24882455 -0.24586041 -0.32143712 -0.5327452 -0.3425282 -0.043988224 -0.16826744 -0.111027576 0.18031022 -0.1113336 0.090214394 0.4464359 0.18424253 -0.14744753 0.062839836 -0.067871846 0.008164008 -0.057624705 0.00449022 -0.011374907 -0.32751328 -0.11214276 -0.2768833 0.019545972 0.22036345 -0.34962606
124 0.16931693 -0.1423995 0.29603067 0.2543195 0.024123993 0.21494965 -0.112731576 -0.23462877 -0.15925689 -0.5056876 -0.42743728 -0.08500693 -0.14467373 0.024868743 0.26303643 -0.02198316 0.1279424 0.426117 0.17669323 -0.086106695 -0.14979918 -0.02522307 0.020266926 -0.10521644 0.04381861 0.113136046 -0.16079386 -0.01698663 -0.09248918 0.058590107 0.13528687 -0.10531487
99 0.2389562 -0.14778012 0.33549473 0.34854883 -0.025127025 0.23844302 -0.06615707 -0.20872967 -0.08635925 -0.44937295 -0.428817 -0.1366051 -0.18508707 0.024967527 0.37247375 -0.059093736 0.16705365 0.427266 0.18252474 -0.05387804 -0.22418022 -0.051437162 -0.03292883 -0.11931316 0.09033223 0.17143334 -0.062279183 0.018240217 -0.09584199 0.013610858 0.12718281 -0.10349216
77 0.10733556 -0.16589172 0.43321037 0.4089373 -0.04990396 0.20906824 -0.01269269 -0.21865879 0.025199786 -0.524581 -0.4121907 -0.1602406 -0.085179225 0.12948233 0.45444825 -0.11493144 0.028754907 0.33099297 0.19586773 -0.17180441 -0.12972926 0.1243224 0.15461053 -0.07915904 0.19375068 0.25319192 -0.082497664 0.0020373068 -0.11097475 -0.0556086 0.14935903 -0.1034619
123 0.16211902 -0.16575329 0.32402983 0.23185083 0.03290982 0.23016813 -0.095027365 -0.24144088 -0.12563485 -0.4790915 -0.4159677 -0.09862266 -0.1905643 0.024357622 0.32731855 -0.06606979 0.1370827 0.4161288 0.17157003 -0.052362725 -0.15909074 -0.028489688 -0.0115498165 -0.07096533 0.09417769 0.123725966 -0.12400568 -0.030727198 -0.13708751 -0.020552753 0.15474261 -0.18111885
12 0.11033814 -0.053491473 0.18050338 0.10205116 0.0031965843 0.21045162 -0.28327695 -0.26946566 -0.3978369 -0.54081887 -0.47745013 -0.07768157 -0.043708246 -0.010896186 -0.021009559 0.07128363 0.00050836115 0.3999426 0.19192123 -0.2664956 -0.061779007 0.06797369 0.10756025 -0.16186093 -0.0857166 0.090338126 -0.31836736 0.069121115 -0.18888889 0.22760119 0.23558176 -0.06120021
95 0.048093166 -0.13136686 0.30624864 0.26585355 -0.023173556 0.18124162 -0.090412766 -0.24004999 -0.028416278 -0.52597976 -0.4332383 -0.1442563 -0.026660755 0.08465208 0.3258922 -0.08875439 -0.03443669 0.314982 0.16490367 -0.27096263 -0.06132814 0.19450055 0.2546563 -0.10475363 0.1211221 0.2143914 -0.1855463 0.022298474 -0.14276986 0.003062039 0.21657827 -0.07182746
86 0.007955081 -0.13468677 0.33342767 0.28493673 0.06522743 0.1864743 -0.060852088 -0.22718734 0.0051458725 -0.52485365 -0.40164205 -0.112592444 -0.051434178 0.06653754 0.38195953 -0.11417107 -0.013070073 0.34143215 0.17605646 -0.2441437 -0.018211314 0.16496241 0.2334257 -0.07092824 0.14420752 0.20284007 -0.1735723 -0.010167464 -0.17859091 -0.027474618 0.20847924 -0.16786014
13 0.16347739 -0.10064808 0.26281643 0.21986116 0.036868524 0.19593841 -0.18202293 -0.25387684 -0.23411107 -0.4985457 -0.4430046 -0.08913172 -0.1052933 -0.026459413 0.18278202 -0.04059939 0.062566 0.40634668 0.17467679 -0.14440572 -0.097416855 -2.363469e-05 0.050841644 -0.112928264 -0.0026579816 0.14187022 -0.1799927 -0.015070374 -0.15631858 0.10517559 0.19436106 -0.12065355
85 0.047500264 -0.16277231 0.36771563 0.35285693 -0.057259407 0.20858553 -0.040883254 -0.22671312 0.046532966 -0.5228469 -0.4171757 -0.17993596 -0.025044253 0.15385261 0.3900663 -0.08339406 -0.019888692 0.2765461 0.16763638 -0.2571629 -0.09739506 0.22042342 0.23517126 -0.09467015 0.167731 0.2772349 -0.12125706 0.03915849 -0.13397375 -0.050794344 0.18279381 -0.08490392
67 0.07005913 -0.1287147 0.38510177 0.36892045 -0.05040433 0.21336126 -0.025125397 -0.21535629 0.04075728 -0.5465875 -0.38997412 -0.1537949 -0.07362696 0.15704185 0.42160788 -0.11457282 -0.01850947 0.28948128 0.18855615 -0.2298346 -0.11287766 0.17520443 0.19955593 -0.08537475 0.16129588 0.285459 -0.11543637 0.045234837 -0.108577244 -0.054311533 0.1781823 -0.05083613
64 0.09069077 -0.14216903 0.33039454 0.2995865 -0.027225483 0.19389148 -0.08837586 -0.1965423 -0.04241138 -0.5202773 -0.3635316 -0.13467705 -0.07893262 0.11460282 0.34055462 -0.07450572 0.022175452 0.32497892 0.20004185 -0.23726584 -0.07331655 0.17222099 0.20540582 -0.0939646 0.1159946 0.24875109 -0.17672086 0.010778689 -0.10913033 0.0247937 0.17325456 -0.06146601
60 0.053532556 -0.10322676 0.3067514 0.090896994 0.12700996 0.18375036 -0.19423804 -0.24641675 -0.21098162 -0.55326253 -0.376764 -0.08374101 -0.1464742 -0.06575239 0.23106349 -0.13168573 0.058261026 0.40739438 0.198569 -0.15859272 0.013475423 0.01583626 0.055758115 -0.039404918 0.045410637 0.06340192 -0.24885766 -0.10584204 -0.24607325 -0.03382207 0.20836213 -0.31478745
1 0.17368793 -0.08428445 0.21278223 0.2590427 -0.04460929 0.24338283 -0.176476 -0.2465491 -0.27009603 -0.49396175 -0.46626535 -0.124588236 -0.06395873 0.027375342 0.12784086 0.043416988 0.03516403 0.40588477 0.18832819 -0.21039233 -0.10993817 0.06074457 0.0903282 -0.19120236 -0.004549297 0.14677188 -0.20363742 0.084183365 -0.13459112 0.18497352 0.2027476 -0.030108007
128 0.19818938 -0.12135014 0.31778574 0.29593417 0.013396632 0.22659828 -0.09606018 -0.2472248 -0.13393223 -0.45799106 -0.4779071 -0.121170014 -0.15848541 0.028410511 0.3063369 -0.069459416 0.14769754 0.39131823 0.1594333 -0.08113607 -0.16586368 0.010707475 0.024442816 -0.12818119 0.03366371 0.15584922 -0.14212734 -0.0003417061 -0.13887273 0.008524121 0.17913361 -0.14208181
47 0.02622439 -0.0839722 0.28079474 0.051326588 0.2028127 0.20291296 -0.22545536 -0.2687356 -0.22649193 -0.5073096 -0.3274821 -0.044729084 -0.15118423 -0.103033006 0.24819729 -0.19934647 0.035550956 0.4290019 0.15343438 -0.16782908 0.06024809 -0.004356184 0.02655753 -0.0015816665 0.04924978 0.045157302 -0.24019419 -0.10424496 -0.3097738 -0.0635406 0.23891068 -0.3734255
96 0.13634859 -0.15557033 0.352628 0.332146 -0.037617054 0.18634126 -0.065944135 -0.21264417 -0.057718366 -0.5118822 -0.4139158 -0.1305291 -0.123164564 0.06212333 0.39054868 -0.07734904 0.09347475 0.36295238 0.19190013 -0.1529059 -0.1459366 0.100607224 0.12223074 -0.12247334 0.09676578 0.22025187 -0.11069692 0.00096066727 -0.09852682 -0.028919838 0.19353613 -0.0989901
65 0.04486146 -0.13139085 0.37057596 0.34569108 -0.0016563805 0.19039181 -0.050803415 -0.21291824 0.040763248 -0.54440737 -0.38434562 -0.13946618 -0.09478232 0.12432246 0.41806877 -0.12251228 -0.018891204 0.33315977 0.18843956 -0.23049721 -0.08418849 0.16512732 0.19221617 -0.0727143 0.19761348 0.23246053 -0.13735911 -0.008248112 -0.15867609 -0.0840049 0.1685992 -0.1401607
122 0.0046243058 -0.15046822 0.3480224 0.3184994 0.029130593 0.2044068 -0.053677462 -0.24097309 0.011992045 -0.5284828 -0.43443128 -0.13975668 -0.008146812 0.10954615 0.356189 -0.0845535 -0.027237127 0.29689068 0.17920767 -0.28547543 -0.05703274 0.23362146 0.2799441 -0.051457036 0.13747783 0.2336349 -0.18503597 0.009382838 -0.16627428 -0.038101185 0.2268772 -0.09960187
56 0.032323528 -0.13738613 0.3191279 0.23710176 0.090707175 0.1935135 -0.08729779 -0.24671277 -0.07966548 -0.5403422 -0.36697483 -0.08397877 -0.09124844 0.05446388 0.36754766 -0.14935853 0.030922418 0.3766299 0.17182837 -0.16528007 0.00043488067 0.079209216 0.14738993 -0.03531498 0.10869217 0.14061373 -0.18619938 -0.049831364 -0.19526878 -0.049788207 0.22182536 -0.23559095
113 0.2318893 -0.11656494 0.35019317 0.3414635 -0.020290108 0.25924 -0.09056394 -0.2221408 -0.13261177 -0.44785902 -0.44441053 -0.13430884 -0.23611113 0.014672535 0.362319 -0.036643237 0.20925081 0.44333798 0.15979205 -0.055909336 -0.23194417 -0.10649424 -0.0739894 -0.119287126 0.05935114 0.17903543 -0.04397494 0.018478917 -0.049198464 0.0053760516 0.1160623 -0.10143158
68 0.09696777 -0.15985286 0.39882976 0.43108937 -0.08525463 0.19979808 0.015253362 -0.22372624 0.09338848 -0.5005069 -0.45867407 -0.16763254 -0.04635522 0.18556489 0.44677228 -0.07729069 0.010535533 0.29134208 0.19302195 -0.20625524 -0.15886246 0.2100991 0.2185446 -0.10567238 0.21078701 0.30324197 -0.08154701 0.040549845 -0.08401163 -0.06438323 0.1879165 -0.025972761
14 0.030909829 -0.10684194 0.24771428 0.078568414 0.15994117 0.16111383 -0.1918764 -0.2614397 -0.17733762 -0.50700766 -0.37047398 -0.06441563 -0.15718624 -0.058290064 0.2803794 -0.17967804 0.042468686 0.43648192 0.14786491 -0.16614707 0.036589995 0.035828505 0.06875615 -0.016429387 0.071664445 0.05304037 -0.27225754 -0.10944225 -0.27324548 -0.04944309 0.23570478 -0.31727743
120 0.33109874 -0.10772375 0.28845716 0.32150805 -0.020079087 0.26126802 -0.11504314 -0.24798481 -0.18051209 -0.43392044 -0.4952034 -0.10468861 -0.2625818 0.00060324906 0.3466142 -0.0069490913 0.24710588 0.4468262 0.18604669 -0.01146372 -0.29645294 -0.1569113 -0.1247818 -0.17635593 0.005933625 0.15789089 -0.07574033 -0.0064182654 -0.047535095 0.06811336 0.11433665 -0.10866254
74 0.09081909 -0.11849104 0.37540585 0.34031096 -0.0076642362 0.21005958 -0.064515285 -0.20627484 0.00014054729 -0.52480054 -0.42322904 -0.17268123 -0.060291473 0.16515799 0.3910642 -0.07692271 -0.008584259 0.33596838 0.170951 -0.26295292 -0.11314309 0.16370422 0.22212143 -0.07945212 0.13614468 0.2561247 -0.16808228 0.036445152 -0.109152064 -0.008922701 0.18507527 -0.046476327
70 0.006323483 -0.13161282 0.3427579 0.309063 0.021348232 0.17736109 -0.04037119 -0.2092974 0.036123008 -0.53700227 -0.41348734 -0.14028373 -0.027977949 0.14593667 0.4231595 -0.14581542 -0.068070374 0.2931825 0.15204984 -0.29380694 -0.023372907 0.2512154 0.26749402 -0.07393951 0.18114673 0.2772549 -0.17222562 0.010156449 -0.18652971 -0.0833272 0.24412926 -0.14752038
7 0.05527182 -0.07328021 0.16210492 0.02850967 0.07717868 0.19877121 -0.32679546 -0.23674121 -0.42641208 -0.5507295 -0.42088747 -0.083487004 -0.054263648 -0.049526613 0.004436387 0.027735412 -0.03472598 0.4488756 0.15687925 -0.2532163 0.024007129 0.054232717 0.12726218 -0.11328608 -0.06423023 0.06226601 -0.34776723 0.004645713 -0.26495713 0.20268047 0.2709324 -0.20133536
4 0.13632208 -0.020894576 0.16166109 0.06517937 0.07249902 0.21965036 -0.36014953 -0.22536777 -0.45394316 -0.5754286 -0.45812353 -0.07747448 -0.059300117 -0.06425664 -0.025731342 0.063151225 0.025117425 0.42803258 0.17252618 -0.23096032 0.007101289 0.012514926 0.07495973 -0.124514475 -0.08552544 0.024103314 -0.35218593 0.031768147 -0.20330204 0.19283357 0.22661467 -0.15558153
69 0.088009186 -0.16805781 0.34082437 0.3634213 -0.011427435 0.19675885 -0.027875453 -0.24289326 0.011648622 -0.5163662 -0.41905203 -0.1351834 -0.082165 0.1311994 0.37073863 -0.09262519 0.032214742 0.34432527 0.16693239 -0.22254738 -0.110815525 0.16255943 0.19937596 -0.07026292 0.1630531 0.22314474 -0.14552292 0.045812473 -0.10634242 -0.05669218 0.16788252 -0.08965454
108 0.23051596 -0.13617758 0.29613957 0.34410828 -0.031199813 0.22640567 -0.10217805 -0.22223729 -0.16271655 -0.492163 -0.41555184 -0.11880391 -0.18274061 0.023359504 0.3242622 0.023226088 0.12393471 0.37017253 0.19443972 -0.11626003 -0.20560803 -0.01868397 -0.0008918863 -0.15813209 0.03355939 0.18805994 -0.11079266 0.055507097 -0.05062149 0.08760784 0.13174403 -0.04204977
52 0.14093693 -0.14404604 0.339039 0.15790372 0.0968409 0.17762241 -0.1461901 -0.27869242 -0.1629655 -0.47495025 -0.39011806 -0.08862703 -0.15054223 -0.063703895 0.32728204 -0.16867608 0.10509537 0.41241202 0.18012202 -0.13258168 -0.03626738 -0.021824544 0.017601848 -0.088511676 0.0480108 0.11638204 -0.2047226 -0.08070584 -0.21401517 -0.03602339 0.20404215 -0.24438894
63 0.09560816 -0.106713966 0.23702867 0.075773686 0.17202616 0.20117949 -0.2458996 -0.26664403 -0.302857 -0.5145556 -0.3736335 -0.06887818 -0.20354642 -0.14290173 0.21332523 -0.08761797 0.11647184 0.466012 0.16359279 -0.078518406 0.014239161 -0.09110988 -0.031434968 -0.048646566 0.0021256218 0.030100388 -0.26335782 -0.07537881 -0.24244562 0.015161958 0.18053535 -0.3317209
93 0.104529545 -0.13311811 0.29394853 0.2790087 0.03896148 0.18199916 -0.12409955 -0.2543894 -0.11951768 -0.5032428 -0.4223394 -0.09867823 -0.09827339 0.038499966 0.29848924 -0.087975524 0.03393072 0.36470085 0.19905384 -0.20059472 -0.061199673 0.10411918 0.11912256 -0.11811153 0.08348961 0.16875106 -0.19831315 -0.010226783 -0.17765911 0.015762087 0.19949701 -0.17183806
73 0.019466517 -0.15609886 0.35736856 0.28104442 0.06491908 0.17961457 -0.036367673 -0.2172861 0.004651094 -0.5287807 -0.35516718 -0.13210319 -0.05424189 0.088084206 0.3946681 -0.17441472 -0.0067644543 0.3384714 0.1496948 -0.22040208 -0.0276144 0.1746593 0.22156015 -0.07527042 0.15566768 0.21967216 -0.17444023 -0.0111649325 -0.1958478 -0.068444945 0.20979014 -0.1690352
18 0.24376069 -0.11337068 0.33559033 0.405266 -0.073862724 0.23523045 -0.078952506 -0.19180463 -0.06009387 -0.43909392 -0.46621495 -0.13373537 -0.15847959 0.094587326 0.38598973 -0.025840873 0.12885895 0.3923364 0.16519158 -0.14095093 -0.2338765 0.038609877 0.05477685 -0.16358078 0.08640802 0.22210832 -0.09277382 0.038986087 -0.061184946 0.05528339 0.11503088 -0.016534707
