128 32
36 0.027411837 0.06276006 0.14408551 -0.12111434 0.081973754 0.041107535 0.04948566 -0.1666426 0.17724597 -0.06888716 -0.37235907 -0.18333475 -0.4301956 -0.066140026 -0.05196158 -0.035905045 0.13498403 0.095034145 -0.2990997 0.11899878 -0.2110327 -0.2895804 -0.34871203 -0.5530015 -0.09307367 0.124194674 0.22728571 0.061832886 0.14904642 0.24136764 0.02676663 -0.33911327
28 0.012181024 0.21211308 0.01631357 -0.08400047 0.18565631 0.09886396 -0.048798963 -0.18729843 0.10835825 -0.17474307 -0.35246584 -0.008984226 -0.31737256 -0.12096639 0.038872566 -0.17148814 0.20489815 0.004976254 -0.23672423 0.331396 -0.17171976 -0.31082672 -0.1425664 -0.25447312 -0.0003677412 0.25805357 0.017702091 -0.030296935 0.4125455 0.016084047 0.32642576 -0.5091496
56 0.12000427 0.08851136 0.05336643 -0.112369984 0.15735948 -0.0018007252 -0.009795083 -0.16328543 0.11964811 -0.12150862 -0.37206578 -0.15388924 -0.41079664 -0.05407728 -0.01903536 0.08119558 0.20518401 0.031096226 -0.21764572 0.21591002 -0.20459267 -0.31595153 -0.33603126 -0.46142328 -0.11476577 0.2190145 0.16011336 0.09138311 0.2804346 0.20860597 0.15160951 -0.39886722
119 0.046174385 0.21767822 0.08045288 -0.11783556 -0.027905075 0.10255477 0.20133229 -0.26123723 0.2514207 -0.15907145 -0.4153568 -0.0253145 -0.25837123 -0.12097076 -0.07637716 -0.258462 0.1158395 0.052597165 -0.33622253 0.10157546 -0.2496486 -0.15248555 -0.16231376 -0.4651168 0.076165356 0.15479313 0.19216268 -0.29279053 0.20737688 -0.07526309 0.14546522 -0.41986594
79 0.122314975 0.072546996 0.06928798 -0.11519843 0.115805835 -0.033303067 0.017306464 -0.1426028 0.15568292 -0.10850828 -0.3618854 -0.15493572 -0.39640653 -0.02295438 -0.046064403 0.08842174 0.18243775 0.065967634 -0.2539587 0.137153 -0.26068443 -0.30925533 -0.3864371 -0.53407556 -0.094238 0.1918161 0.20823504 0.0735704 0.22202976 0.19535324 0.11447719 -0.40297776
25 0.030334199 0.15594213 0.022932518 -0.094500445 0.28099328 0.12705745 -0.11240157 -0.16251487 0.04072832 -0.15245825 -0.3703103 -0.045133684 -0.39112 -0.14910968 0.053565748 -0.12593669 0.24244227 0.034853455 -0.19577667 0.37490213 -0.10115987 -0.40483978 -0.18011104 -0.18374155 -0.07434118 0.26543868 -0.041005947 0.15822361 0.4396097 0.0712846 0.32476246 -0.48907635
24 0.06332928 0.1610194 0.021852767 -0.111898646 0.2619319 0.104298435 -0.11926636 -0.16583805 0.01981901 -0.13052271 -0.36751756 -0.07417305 -0.37332788 -0.12388312 0.0361806 -0.04224783 0.25305364 -0.021465518 -0.20746343 0.35939485 -0.17896467 -0.37249047 -0.1982485 -0.23338369 -0.07735898 0.27523994 -0.030090885 0.1421779 0.44232008 0.08342072 0.2977614 -0.4920824
108 -0.043396693 0.2322886 0.10827324 -0.08618526 -0.051847152 0.17432997 0.20584393 -0.26327032 0.23280624 -0.13734289 -0.36743543 -0.014946338 -0.22679304 -0.11241121 -0.055737976 -0.3375621 0.10010641 0.107930355 -0.3639076 0.12554415 -0.23193179 -0.1577289 -0.13306399 -0.46582285 0.12842035 0.12900586 0.20348367 -0.3051146 0.1566813 -0.051012598 0.17228594 -0.4547275
20 0.07033037 0.115799524 0.10178829 -0.12841505 0.1444318 0.015151219 0.025168303 -0.15568872 0.14236176 -0.06530407 -0.36202168 -0.15619336 -0.4135751 -0.06848755 -0.01944278 -0.012897499 0.16217099 0.04669058 -0.2517034 0.18566208 -0.22266088 -0.32236832 -0.33973125 -0.4691373 -0.08870007 0.1596722 0.21405242 0.08329281 0.2055079 0.19760013 0.1042539 -0.37405148
92 -0.005236307 0.2142118 0.07072497 -0.13332021 0.21573867 0.18440719 -0.07989137 -0.18993954 0.06599398 -0.14180093 -0.35865337 -0.048691083 -0.35623956 -0.165051 0.05018465 -0.26574644 0.23311512 0.047182202 -0.25307122 0.36170945 -0.08539556 -0.3646738 -0.07179838 -0.15626249 -0.01227384 0.19363171 -0.10515754 0.030323673 0.38854462 -0.02187133 0.35459015 -0.5090653
41 0.038847033 0.10183936 0.103124484 -0.112317555 0.10224372 0.073680215 0.05419733 -0.18291375 0.11864988 -0.0872979 -0.3551468 -0.15625973 -0.40098628 -0.08117203 -0.024486175 -0.07843414 0.17757934 0.09711624 -0.2970552 0.14631832 -0.2144543 -0.2998039 -0.28796223 -0.46344495 -0.07296631 0.18429731 0.18856859 0.032205608 0.19017556 0.16363804 0.08732781 -0.39077935
118 0.0550139 0.28211004 0.000551766 -0.10417296 0.0074485545 0.11781487 0.15291807 -0.30982324 0.24568227 -0.20278493 -0.40629688 0.047608625 -0.20582439 -0.114884645 -0.0648509 -0.27793613 0.12855859 0.020901173 -0.30510688 0.18720691 -0.26245308 -0.15848707 -0.102245115 -0.4299508 0.13134673 0.18033321 0.1402513 -0.37533683 0.26568973 -0.1177862 0.21513772 -0.42164972
3 0.0044859285 0.1583313 0.117608264 -0.109020375 0.24675103 0.13907956 -0.07510206 -0.18102652 0.036132343 -0.15400997 -0.37655255 -0.051822975 -0.36281183 -0.13624966 0.05385026 -0.15139212 0.23892966 0.05722327 -0.20421879 0.3323221 -0.10162138 -0.37240154 -0.11946068 -0.17405894 -0.054751154 0.21898627 -0.06768925 0.12607628 0.42034858 0.044023328 0.3276137 -0.5058803
125 0.023195606 0.2679787 0.050210524 -0.09250947 -0.0027874028 0.1373441 0.14194374 -0.28230277 0.19443424 -0.18893965 -0.406458 -0.013607087 -0.27073026 -0.11998587 -0.06305328 -0.28207883 0.11894426 0.036334343 -0.29784888 0.19578506 -0.25459608 -0.18973763 -0.09546383 -0.39199075 0.09634385 0.17635942 0.1579897 -0.2533504 0.2487818 -0.061231405 0.20271893 -0.43806383
124 0.019071523 0.28172237 0.03725308 -0.08494378 0.019148035 0.14934358 0.15460008 -0.2703406 0.21533896 -0.19812593 -0.39137056 0.044899326 -0.20499921 -0.13170834 -0.07147234 -0.3354588 0.13795958 0.022486096 -0.31663495 0.20402822 -0.23787598 -0.16738032 -0.07719652 -0.36975524 0.1336119 0.21915576 0.1091399 -0.30870685 0.30482468 -0.14032172 0.26444727 -0.48530105
97 0.034830593 0.27095613 0.04562728 -0.104893856 -0.036068667 0.089262635 0.19137307 -0.2814808 0.27090013 -0.16371754 -0.38678285 0.029360285 -0.20202175 -0.096418746 -0.0910584 -0.26998708 0.10781224 0.038754553 -0.30754408 0.12056295 -0.28993744 -0.15400037 -0.15001728 -0.49764177 0.12614504 0.13128726 0.22234653 -0.34610704 0.20015556 -0.07778809 0.18247992 -0.41670617
10 0.025329314 0.17502767 0.05474734 -0.09452279 0.24721652 0.12772192 -0.100218214 -0.17383797 0.040668722 -0.14351153 -0.33747417 -0.04877242 -0.3521523 -0.114581406 0.03783127 -0.15983358 0.24015039 0.05426955 -0.19891706 0.3547564 -0.13194087 -0.34257382 -0.14190981 -0.23006578 -0.060037993 0.23667157 -0.026021097 0.07201395 0.41236028 0.045305602 0.31836864 -0.4857638
18 -0.17703238 0.058794044 0.35494423 -0.18058944 0.009086673 0.18621519 0.118983746 -0.16318765 0.15638113 0.009445672 -0.33962333 -0.19987376 -0.42901397 -0.1487876 0.01719097 -0.32026926 0.1300585 0.2866474 -0.38695177 0.0648505 -0.09412338 -0.28875095 -0.17769471 -0.44053388 -0.06361272 0.05515576 0.15803717 0.01247594 0.029372236 0.15371047 0.06364258 -0.41698262
77 -0.13721745 0.053067766 0.30455014 -0.16801344 0.041954845 0.17415892 0.07578643 -0.114939146 0.10916299 -0.04246449 -0.3168752 -0.19721043 -0.44972482 -0.15912808 0.0310447 -0.27603436 0.16356486 0.26148543 -0.34337816 0.09511902 -0.06664789 -0.28125298 -0.20170127 -0.4104538 -0.09591236 0.08486548 0.10705553 0.08297385 0.09559548 0.17849913 0.098969094 -0.42966062
127 0.007920371 0.27515364 0.03202173 -0.08301436 0.01769897 0.15863298 0.17382778 -0.23935857 0.21495719 -0.17845494 -0.37901977 0.01331389 -0.2383196 -0.13158101 -0.052749854 -0.34450883 0.14413598 0.05139603 -0.2939752 0.2051335 -0.23969367 -0.17973062 -0.07805181 -0.36652818 0.09447209 0.16639419 0.11680251 -0.27426144 0.2495437 -0.12831363 0.25785473 -0.44754854
6 0.034556516 0.14055292 0.04224627 -0.11362077 0.2271645 0.099653944 -0.08730385 -0.17767465 0.06936755 -0.1427169 -0.360262 -0.07293334 -0.37465048 -0.1250886 0.054067623 -0.13992932 0.21612588 0.038304888 -0.21709342 0.30621907 -0.14189243 -0.33095676 -0.19143517 -0.23552422 -0.05603518 0.24631935 0.014683338 0.08856352 0.39395213 0.066161625 0.2915876 -0.47113717
61 0.028400937 0.21530342 0.01158398 -0.10049027 0.21604377 0.14346255 -0.052336015 -0.20634823 0.061183307 -0.15173768 -0.38916168 -0.045556203 -0.3392223 -0.14842099 0.06325737 -0.17177932 0.22461264 0.0263423 -0.20798606 0.3750061 -0.17746438 -0.3375744 -0.13994391 -0.21717228 -0.013757019 0.2325719 -0.004479247 0.046137 0.4025735 0.007823033 0.29342818 -0.46003592
107 -0.08701782 0.266588 0.12016726 -0.08923899 -0.0739204 0.21885963 0.20201282 -0.3064576 0.23711073 -0.18290278 -0.39469078 0.037853684 -0.22343804 -0.16380847 -0.06637603 -0.48274451 0.08606656 0.10416417 -0.36903992 0.11493419 -0.18982974 -0.16998968 -0.018704835 -0.37909588 0.14397943 0.1624871 0.12932445 -0.3340316 0.18605347 -0.1528286 0.19417381 -0.45804033
69 -0.116983384 0.06854179 0.29858816 -0.14818482 0.00777913 0.17835571 0.14056796 -0.17109436 0.1627258 -0.023006473 -0.33838958 -0.1749519 -0.41446796 -0.15455963 0.008776687 -0.28404164 0.11486093 0.25601342 -0.3720943 0.055132654 -0.13177739 -0.28484133 -0.18268417 -0.46927947 -0.047214147 0.09934815 0.15324563 0.006203385 0.03467795 0.12208308 0.07262624 -0.41313094
86 -0.120597936 0.101403296 0.23819692 -0.12898633 0.107102565 0.18469687 0.048738852 -0.16495782 0.1544055 -0.042882875 -0.3390922 -0.111409836 -0.3470892 -0.16323756 0.028450929 -0.3239138 0.12880167 0.20952074 -0.3586755 0.15405695 -0.071991235 -0.31694016 -0.12581575 -0.31717274 -0.021873908 0.14389512 0.07104443 -0.005411339 0.16885927 0.05557009 0.19648193 -0.4679115
26 0.010135662 0.16170138 0.05615927 -0.09484489 0.22430128 0.116429046 -0.067532286 -0.17260006 0.048704945 -0.12259012 -0.35535055 -0.094303854 -0.358538 -0.12236933 0.027073191 -0.10424474 0.2327409 0.02873623 -0.23409298 0.3509302 -0.1177847 -0.35185373 -0.19217253 -0.22263525 -0.04518988 0.2311176 0.005323731 0.08309475 0.4156972 0.08352374 0.27772415 -0.4849591
93 0.08950672 0.06732025 0.112689085 -0.10034487 0.13740486 0.009098948 0.042786643 -0.15625368 0.16716199 -0.07044424 -0.34040016 -0.17565219 -0.41795087 -0.059967913 -0.028648509 0.058596287 0.18112248 0.115638085 -0.2630367 0.12701899 -0.22612132 -0.2992192 -0.38408035 -0.5378808 -0.084651634 0.17315055 0.2539498 0.0825985 0.2049783 0.24749064 0.06656118 -0.40818232
128 0.054606944 0.25362888 0.014837454 -0.08964568 0.01741619 0.07624343 0.14813694 -0.2427302 0.21627969 -0.19312781 -0.38656595 0.058944184 -0.23130919 -0.13792586 -0.052380573 -0.25599524 0.14265752 0.019741625 -0.29683226 0.17703657 -0.26853746 -0.1986528 -0.119640276 -0.36914912 0.11480457 0.20227502 0.122688346 -0.27046236 0.29663092 -0.13779387 0.27273795 -0.4781537
104 0.020052517 0.27553815 0.04624268 -0.1095613 -0.022751823 0.15370944 0.17873178 -0.27763614 0.23588811 -0.20227513 -0.41207206 0.06515809 -0.23375335 -0.15469377 -0.060326874 -0.38481724 0.10763058 0.051091895 -0.2841254 0.1665444 -0.22355124 -0.15880708 -0.07649117 -0.36711675 0.14162333 0.21318445 0.10943565 -0.34845158 0.24341697 -0.15898384 0.25696266 -0.45076296
53 0.12117383 0.1265174 0.002402811 -0.123039685 0.14676784 -0.03857428 0.012798792 -0.17642133 0.13100134 -0.10776241 -0.37304094 -0.13278973 -0.37204096 -0.050110076 -0.029109737 0.12046045 0.16960813 0.018455349 -0.21532127 0.20490299 -0.29020733 -0.28120974 -0.3926793 -0.5097911 -0.08434887 0.22681569 0.23343001 0.068851545 0.3147727 0.18534313 0.14162314 -0.40272826
63 0.17773709 0.09644671 -0.0071205692 -0.08267522 0.20180371 -0.07646143 -0.025135078 -0.15189913 0.106563225 -0.1454296 -0.39795494 -0.15980168 -0.4328333 -0.031873617 -0.0130215585 0.17956808 0.22632249 -0.0022606947 -0.18938841 0.21035601 -0.27148 -0.3184473 -0.41297358 -0.5106957 -0.106868714 0.20410855 0.23608258 0.13519572 0.3201942 0.2324601 0.13234064 -0.38562286
37 0.013906415 0.07192376 0.11019254 -0.12288267 0.08753837 0.046821404 0.07856902 -0.14600903 0.1449929 -0.046002664 -0.35811943 -0.163946 -0.4029155 -0.06839993 -0.009492248 -0.0137597425 0.1628895 0.13719827 -0.26312375 0.13014352 -0.22502832 -0.30746084 -0.3609649 -0.55432093 -0.10085868 0.15235345 0.25439873 0.093613885 0.16727257 0.20569362 0.05776599 -0.40032518
96 -0.2145448 0.057665337 0.36848378 -0.14080846 -0.002331112 0.23561673 0.15576422 -0.178272 0.16771953 0.023558138 -0.317245 -0.19734065 -0.43883032 -0.16279879 0.0300554 -0.3802636 0.08725652 0.33885336 -0.41764987 0.043057263 -0.08893253 -0.2789487 -0.15075323 -0.44025004 -0.04995247 0.047443964 0.19960912 0.021808729 3.5984383e-05 0.1503266 0.020419406 -0.42806473
11 0.04117772 0.28145263 0.009577691 -0.08111823 -0.01775644 0.11737012 0.18868081 -0.27889696 0.23135047 -0.20252979 -0.40684518 0.026170399 -0.22874646 -0.09894246 -0.056568936 -0.30561313 0.11506861 0.052260876 -0.30245516 0.15066786 -0.2773012 -0.1391217 -0.12965253 -0.45246476 0.12008802 0.20067032 0.19764663 -0.34254286 0.25102603 -0.09777437 0.20931302 -0.4245175
49 0.034188762 0.07764919 0.122928925 -0.11477938 0.13427705 0.046448 0.03763568 -0.16983925 0.13678014 -0.07883895 -0.34324443 -0.15353918 -0.4467678 -0.07792233 -0.009318572 -0.021048076 0.14907539 0.11736729 -0.28548607 0.14590259 -0.21756233 -0.28925967 -0.3169539 -0.49847186 -0.10400447 0.13776807 0.2136386 0.11238699 0.1757037 0.2037889 0.0948588 -0.38354635
2 0.042196885 0.17509164 0.044428665 -0.11167541 0.25822324 0.095245406 -0.11413046 -0.14623885 0.022589343 -0.16280012 -0.35719332 -0.07630351 -0.41912383 -0.14983161 0.06664784 -0.07956358 0.24975733 0.025643738 -0.1950529 0.38168424 -0.14920382 -0.3638458 -0.20792282 -0.21097232 -0.080825455 0.23773962 0.002070559 0.1733821 0.44012597 0.09487994 0.32130066 -0.4768229
59 0.13918051 0.033267375 0.083741635 -0.1157876 0.1430781 -0.07299533 -0.0117839 -0.13666223 0.13977703 -0.0755091 -0.37215513 -0.21175882 -0.44747368 -0.030570496 -0.043167543 0.17349578 0.17904285 0.046928063 -0.23972264 0.12503289 -0.23897807 -0.31893256 -0.45577595 -0.5756535 -0.13490996 0.18313636 0.23618649 0.17545131 0.22091946 0.30174112 0.047575567 -0.35168988
105 0.14197803 0.09390656 0.03143646 -0.11680953 0.1564917 -0.054414738 0.03173192 -0.15359047 0.20048466 -0.08121954 -0.36159632 -0.16504769 -0.3772688 0.012221239 -0.08100298 0.16981368 0.16365886 0.03205367 -0.26522928 0.15886673 -0.28114492 -0.27154016 -0.46492013 -0.62387025 -0.07901596 0.19502172 0.30618173 0.077762574 0.22765197 0.23274276 0.081656404 -0.34961385
114 -0.07747302 0.046206813 0.27230388 -0.14700566 0.06434786 0.14514637 0.0798505 -0.15050296 0.16210978 -0.018535402 -0.34749535 -0.16126636 -0.41002047 -0.12810156 -0.013815774 -0.25089332 0.15820682 0.20609547 -0.3540415 0.10633226 -0.07255071 -0.30728647 -0.19779654 -0.41313544 -0.05540438 0.082377784 0.13603495 0.035690896 0.116467886 0.13709608 0.12609524 -0.4581655
101 -0.020031035 0.2673407 0.019837854 -0.108523354 -0.02364979 0.14057231 0.19004327 -0.2757173 0.24659544 -0.19682083 -0.39316964 0.045497958 -0.19198959 -0.13438916 -0.051031157 -0.35407248 0.10161627 0.044055756 -0.32187843 0.1796504 -0.28259194 -0.14753592 -0.09201022 -0.4405268 0.16265337 0.21342546 0.16224302 -0.36973736 0.2561921 -0.14562294 0.22520868 -0.43671846
95 -0.17916222 0.012317747 0.339276 -0.1601744 -0.018146845 0.18161725 0.1346296 -0.16242029 0.1635951 0.0066460785 -0.32619286 -0.19861634 -0.45122054 -0.13578688 0.010888446 -0.27999485 0.1162736 0.28477514 -0.39853957 0.072590396 -0.106234625 -0.28872573 -0.19059354 -0.49960798 -0.060519874 0.05637423 0.20251851 0.025679735 0.014309019 0.19744231 0.012763773 -0.4002813
100 0.07987044 0.08371942 0.10299746 -0.123747624 0.17109866 -0.03615233 0.02295023 -0.13281102 0.14944264 -0.07910301 -0.3433611 -0.1823297 -0.4312921 -0.070471644 -0.028456697 0.099650934 0.16857249 0.057374924 -0.25100258 0.14966686 -0.23978293 -0.31561682 -0.39910728 -0.52632093 -0.11031061 0.17415628 0.20256355 0.1148042 0.23755072 0.21919735 0.10509544 -0.39340606
54 0.07084145 0.07377492 0.10764831 -0.11529558 0.12092471 0.016422387 0.046004727 -0.14089376 0.15926424 -0.069657326 -0.3458643 -0.16491883 -0.42039973 -0.030433537 -0.016220761 0.028080042 0.1505058 0.07091964 -0.28698158 0.14271411 -0.26164415 -0.3382891 -0.36446878 -0.5286615 -0.09549891 0.16036084 0.22867578 0.13549699 0.20355703 0.20815171 0.07427022 -0.37505698
111 0.053442154 0.29090118 -0.0015109885 -0.07884623 0.0039068284 0.10261179 0.13025366 -0.30195314 0.19266365 -0.22297649 -0.39877626 0.040165693 -0.2041809 -0.12727717 -0.060929045 -0.25159243 0.14365803 0.037493557 -0.30009326 0.2017349 -0.24542224 -0.14084518 -0.11096327 -0.39876595 0.11402024 0.21782829 0.13765489 -0.3161443 0.2996775 -0.108236715 0.24823286 -0.45687526
8 -0.0007783219 0.22320838 0.036472004 -0.099431105 0.21095257 0.16261706 -0.079958394 -0.17572588 0.04512982 -0.18198973 -0.36287108 -0.034548894 -0.34894753 -0.15150103 0.072063796 -0.2346044 0.23021832 0.003152214 -0.20065829 0.39211267 -0.16231394 -0.33904603 -0.10765021 -0.17613047 -0.016369693 0.2683306 -0.03891717 0.040752515 0.42159978 0.018187426 0.3481354 -0.49881425
23 0.05130879 0.18954712 0.025789263 -0.098330624 0.25235683 0.10847756 -0.10014419 -0.18438852 0.054085612 -0.14500223 -0.3703943 -0.06503189 -0.34176356 -0.14721695 0.05939557 -0.091963015 0.2559114 0.022013465 -0.20596017 0.36523166 -0.17049593 -0.348398 -0.16171308 -0.21980068 -0.049355824 0.24541298 -0.026979737 0.08192667 0.43834466 0.032795794 0.3223937 -0.4852236
42 0.06903941 0.086156406 0.1149011 -0.1134078 0.11143034 0.0073657655 0.036648426 -0.13732095 0.15647 -0.08234207 -0.36035863 -0.13394408 -0.41156113 -0.08943635 -0.048522964 -0.026755977 0.13950887 0.09509005 -0.26788202 0.16285695 -0.20442031 -0.27858856 -0.3394104 -0.5196385 -0.07142573 0.13433392 0.2058845 0.0657337 0.1871806 0.15477917 0.10636069 -0.3910063
90 -0.19960581 0.069077216 0.35221452 -0.16181889 -0.0033968436 0.22368245 0.16134192 -0.15885215 0.13903007 -0.011931843 -0.33895814 -0.18252882 -0.42075998 -0.17033565 0.028045522 -0.36713436 0.09872289 0.30193713 -0.3767107 0.05808417 -0.07354298 -0.29239756 -0.11846049 -0.4195087 -0.026649803 0.036078107 0.15383309 -0.025985876 0.014451043 0.13190567 0.100130975 -0.4474075
78 -0.12337556 0.056440372 0.3441118 -0.15138875 -0.01656729 0.18286848 0.14013125 -0.16425139 0.18032756 0.023836741 -0.31617746 -0.20129246 -0.42851642 -0.14793679 -0.012761841 -0.32096618 0.07136307 0.27140746 -0.39832178 0.049766053 -0.120306715 -0.30469626 -0.20014963 -0.4982867 -0.07651691 0.06933335 0.20365629 0.012782263 -0.0018250389 0.16951726 0.030586101 -0.40706432
1 0.022888228 0.12897825 0.10594421 -0.120792456 0.18424563 0.080652475 -0.044514596 -0.17658181 0.06554904 -0.12492362 -0.33213463 -0.075302005 -0.35353327 -0.13766006 0.027856437 -0.14057264 0.20527016 0.083013594 -0.24129851 0.25944507 -0.12783436 -0.32387853 -0.17578653 -0.27313346 -0.066930085 0.22168455 0.031086553 0.08498731 0.35016146 0.07218354 0.24835776 -0.48229733
60 0.060718723 0.055555325 0.14454128 -0.13270251 0.10737689 0.01781577 0.07599623 -0.14954145 0.1674627 -0.060726847 -0.34458 -0.18695922 -0.4448012 -0.03583325 -0.03575427 0.0691019 0.15193608 0.11172111 -0.31037286 0.09091966 -0.20174049 -0.3212028 -0.3850391 -0.5584322 -0.10112771 0.13988237 0.24880315 0.076085076 0.14755364 0.2583063 0.034345143 -0.372037
32 -0.026892552 0.12616557 0.13902582 -0.13183609 0.21931113 0.15921405 -0.060728263 -0.1703938 0.06004626 -0.13915639 -0.33745182 -0.07503359 -0.37505496 -0.16731776 0.057174165 -0.25200352 0.23677556 0.08012867 -0.23747954 0.3379069 -0.0918666 -0.37346587 -0.10225059 -0.18325253 -0.044467498 0.22882195 -0.065465644 0.09854186 0.36053756 0.034842353 0.3214367 -0.52299035
85 0.049065255 0.24246463 -0.002547457 -0.07789913 0.26501545 0.13931626 -0.12818758 -0.19294444 0.025545038 -0.19111814 -0.37902653 -0.023285514 -0.34496218 -0.14256014 0.047005154 -0.15253566 0.26006198 -0.014645986 -0.20560116 0.3876038 -0.15862894 -0.38912642 -0.14282298 -0.1417036 -0.024108322 0.2762749 -0.09824506 0.08062249 0.500115 0.023018468 0.35913944 -0.5072392
91 -0.021361727 0.26303023 0.059873305 -0.07323139 0.0061810645 0.13776314 0.17452101 -0.24976896 0.21703467 -0.18936294 -0.36786675 0.03327955 -0.22489463 -0.14953807 -0.049934015 -0.3385107 0.11724816 0.065108776 -0.33526796 0.1779996 -0.2085016 -0.19879545 -0.080243334 -0.37285694 0.11061625 0.18092935 0.12598695 -0.29740182 0.2297766 -0.11329499 0.22284806 -0.45959684
27 -0.0072170743 0.21509181 0.03909662 -0.108245924 0.2733572 0.13917933 -0.103140846 -0.2129756 0.034299046 -0.19265695 -0.35285312 -0.00094319653 -0.32208666 -0.17464194 0.09102364 -0.21910758 0.25146827 0.04211676 -0.19136314 0.38197842 -0.09771278 -0.3846791 -0.05739726 -0.072884865 -0.009928437 0.262761 -0.12216621 0.045977198 0.48728958 -0.0452886 0.39686877 -0.54601675
81 -0.13844225 0.06775756 0.28481874 -0.14291331 0.030853758 0.15905325 0.1143118 -0.13979693 0.17885517 -0.016418112 -0.31095067 -0.16511242 -0.4013838 -0.13440546 0.021258581 -0.28007677 0.1406658 0.24637228 -0.38087577 0.07178103 -0.081409626 -0.31364155 -0.19440287 -0.4092864 -0.08053777 0.09484799 0.15783015 0.048173077 0.07387141 0.14534698 0.10071464 -0.446345
123 -0.022110507 0.22817825 0.10059932 -0.12728226 -0.013923389 0.16249976 0.14026098 -0.25004 0.19343035 -0.15875593 -0.37009346 0.020145694 -0.2574346 -0.16352439 -0.020693185 -0.36414677 0.14225735 0.088097215 -0.3103988 0.18376045 -0.1978249 -0.17912637 -0.07847006 -0.3776081 0.09862924 0.16091307 0.11223622 -0.2873642 0.21852867 -0.07745433 0.24226011 -0.45031068
64 -0.11863195 0.046710424 0.29955322 -0.15320374 0.034802742 0.15283504 0.11095362 -0.15753503 0.14767013 -0.007275855 -0.31984726 -0.142654 -0.40601367 -0.15292045 -0.00014758154 -0.24841858 0.14033915 0.2681439 -0.3758353 0.075939156 -0.12901744 -0.3204084 -0.1896664 -0.44826144 -0.07937268 0.11721199 0.14120503 0.0671892 0.095820926 0.13951047 0.07690744 -0.4252297
65 -0.20850176 0.05463673 0.37225994 -0.15625332 0.0016467038 0.2316415 0.13972285 -0.11791992 0.13818078 0.018201234 -0.31849995 -0.17633373 -0.43134132 -0.1619218 0.03965902 -0.3808865 0.109785706 0.31900772 -0.3937739 0.0713729 -0.06438726 -0.3139438 -0.16485317 -0.40811285 -0.07933693 0.09644289 0.14219119 0.05011466 0.04745965 0.14975432 0.056288823 -0.43420303
47 0.12547784 0.031255327 0.1089014 -0.10503202 0.141613 -0.015126251 -0.0058034677 -0.1223916 0.16665532 -0.059202522 -0.34325388 -0.20345008 -0.4470884 -0.042193484 -0.0365345 0.1415526 0.16950442 0.09578748 -0.2796697 0.14430629 -0.24190912 -0.32664323 -0.43763742 -0.5922828 -0.14479989 0.18806899 0.261969 0.17527759 0.19401798 0.30109048 0.043247018 -0.34753835
99 0.009217412 0.27583927 0.0480872 -0.10018362 -0.010574395 0.13817598 0.13553108 -0.26573515 0.23011695 -0.18154263 -0.40085393 0.023785844 -0.19873768 -0.14407682 -0.06912276 -0.31214145 0.13326532 0.05396973 -0.31643796 0.17645316 -0.22547409 -0.1800909 -0.097874515 -0.3639167 0.10725898 0.20608754 0.13906756 -0.307324 0.23795544 -0.108851455 0.22449087 -0.44432956
38 -0.0044763754 0.069255814 0.21693446 -0.14043944 0.057540607 0.061124016 0.06593894 -0.1331624 0.15498735 -0.046352316 -0.32965183 -0.18659154 -0.42535537 -0.06873248 -0.0048787217 -0.09417271 0.14969493 0.15690595 -0.31373477 0.09652722 -0.18019812 -0.29488 -0.30014697 -0.4922133 -0.0883668 0.111640155 0.21081965 0.07326783 0.14423966 0.17860726 0.104514994 -0.4159388
29 0.008212224 0.1883267 0.051780324 -0.1072381 0.28362885 0.16719124 -0.1283105 -0.16725211 -0.003254428 -0.149858 -0.36091232 -0.06232446 -0.36594838 -0.15392941 0.11182693 -0.17714806 0.25683305 0.024637371 -0.21788765 0.42524773 -0.09608606 -0.41016996 -0.08773364 -0.09271851 -0.054624494 0.2605564 -0.10318802 0.12808329 0.48333174 0.019283019 0.35115832 -0.5105321
106 -0.0128425965 0.1868858 0.07312121 -0.10918591 0.020599049 0.09643055 0.12971328 -0.22956653 0.18030313 -0.13593963 -0.3940456 -0.040057592 -0.27464014 -0.13530116 -0.023083529 -0.24981888 0.13307993 0.08966207 -0.30062273 0.16322069 -0.21490353 -0.23916036 -0.16319236 -0.42604607 0.04993174 0.19180836 0.17096183 -0.20210901 0.19236834 -0.0012058027 0.19272514 -0.45015055
22 0.0021826026 0.17749007 0.040940523 -0.09625744 0.20509028 0.11588812 -0.090414435 -0.14813504 0.07104322 -0.14193535 -0.34517074 -0.066162534 -0.3437941 -0.1278205 0.07681921 -0.13191488 0.24598542 0.06547361 -0.22269383 0.33194923 -0.13387251 -0.33983666 -0.18698958 -0.22316167 -0.033571217 0.21200554 0.026794707 0.09935846 0.38429636 0.06756608 0.31961444 -0.4940015
31 -0.047032375 0.20321628 0.06325902 -0.12995753 0.24179445 0.21389876 -0.08589234 -0.1787922 0.03082392 -0.14873853 -0.3492389 -0.04297585 -0.29860342 -0.16727293 0.08419075 -0.26973054 0.2535465 0.06255666 -0.22190824 0.40285984 -0.10264363 -0.38825545 -0.058825046 -0.1042047 -0.021415994 0.23883586 -0.081553794 0.028581731 0.42298305 -0.009518786 0.3752895 -0.51545423
76 -0.19550553 0.10633977 0.32236478 -0.12837937 0.036700554 0.2502269 0.12430499 -0.1729782 0.1468197 -0.05373888 -0.32722062 -0.13605036 -0.39072773 -0.17710072 0.03494461 -0.41640142 0.14890352 0.2417702 -0.33693737 0.11048117 -0.11210319 -0.2775463 -0.09664507 -0.37318155 -0.024337875 0.097109064 0.12734547 -0.034406677 0.081239454 0.08558713 0.15799507 -0.43293428
19 -0.034320828 0.17604503 0.14512646 -0.0939021 0.15366422 0.1696878 0.00092921354 -0.17422411 0.06977873 -0.13665292 -0.34643728 -0.0825232 -0.34896246 -0.1820675 0.0374959 -0.26697168 0.22338578 0.09436588 -0.28722367 0.27976486 -0.093125634 -0.31634766 -0.09651297 -0.22850303 -0.008899425 0.21070428 -0.023655826 0.009952394 0.33603033 0.0050520836 0.28228238 -0.5076981
113 0.026811644 0.20206513 0.016273504 -0.0889734 0.08180384 0.10052985 0.06155539 -0.19966942 0.19062583 -0.12799577 -0.37819666 -0.046569023 -0.27890435 -0.09859522 -0.029932855 -0.17235616 0.16510554 0.065843605 -0.28168064 0.18877918 -0.22774082 -0.23336269 -0.16692424 -0.4201001 0.021534944 0.2011176 0.1554251 -0.12453565 0.25598463 -0.00026991754 0.20600976 -0.42942345
50 0.107897006 0.04993195 0.09636463 -0.12056028 0.15525891 -0.0344363 0.02881775 -0.13537522 0.17934765 -0.034953073 -0.35902897 -0.23447879 -0.46289787 0.0038967752 -0.046718437 0.16294007 0.1766672 0.043466184 -0.24701668 0.09921312 -0.27539876 -0.3420781 -0.5022905 -0.639519 -0.15108755 0.10832395 0.28207842 0.14845298 0.15761301 0.3315467 0.028254457 -0.322474
89 -0.20144281 0.090738095 0.3470416 -0.14766046 -0.02589886 0.25868252 0.18081822 -0.16844325 0.1661702 -0.019075362 -0.32320085 -0.1705844 -0.4558505 -0.1626429 -0.02743465 -0.4172539 0.11378291 0.31229693 -0.41526422 0.060140405 -0.100032195 -0.23792449 -0.12884203 -0.48437178 -0.029744929 0.029251074 0.20633793 -0.06879179 -0.036850475 0.13156244 0.032684647 -0.39558485
82 -0.12162304 0.083161265 0.2957614 -0.13145393 0.042629436 0.18613566 0.07259033 -0.15519567 0.13416842 -0.034585968 -0.330851 -0.16462098 -0.4431647 -0.13979557 0.0014978234 -0.3016692 0.16182986 0.24461015 -0.35044473 0.12650543 -0.10363821 -0.29798433 -0.17893516 -0.3873253 -0.055356584 0.09375604 0.12121096 0.061265565 0.10341001 0.14662379 0.14054658 -0.41093495
87 -0.1813676 0.061869647 0.32288244 -0.1371868 -0.036033165 0.22286178 0.1436683 -0.16972634 0.1512795 -0.021312486 -0.33504364 -0.16276705 -0.3829879 -0.17260198 0.008415378 -0.37863785 0.10624905 0.28406608 -0.413093 0.06351427 -0.089706115 -0.25638592 -0.12175217 -0.4452046 -0.023920327 0.07016968 0.16569714 -0.05012753 0.048087753 0.11581357 0.049938474 -0.4412297
102 0.045759913 0.2845619 0.023953665 -0.0804038 -0.048249617 0.1036778 0.19891745 -0.2660905 0.28455675 -0.19320942 -0.409809 0.026826669 -0.21701479 -0.10602683 -0.094283104 -0.25891224 0.10243264 0.055161227 -0.2953901 0.12364962 -0.32250747 -0.096700646 -0.13897677 -0.50862545 0.16199672 0.1839527 0.24431807 -0.37613475 0.2284968 -0.12144187 0.18519033 -0.40871727
74 -0.14837793 0.05435093 0.32386935 -0.15911739 0.04423518 0.17080933 0.10122144 -0.13094051 0.12192774 -0.029060468 -0.32239228 -0.18637477 -0.4218621 -0.14902517 0.018237986 -0.286328 0.15504257 0.27208656 -0.3630685 0.08765138 -0.0874012 -0.322798 -0.21042643 -0.42520633 -0.093460225 0.09354929 0.11735202 0.06645195 0.11177952 0.17119263 0.104930565 -0.45032287
122 -0.17092949 0.12369411 0.34924296 -0.16123441 -0.0676308 0.2400894 0.20020334 -0.19474934 0.19477186 -0.041734215 -0.3379924 -0.11690965 -0.34012198 -0.18698607 -0.03205677 -0.47233093 0.0878151 0.2657282 -0.40115985 0.018603055 -0.0944077 -0.26387763 -0.087700345 -0.4006536 0.018723885 0.088497356 0.12105279 -0.14182752 0.02398237 0.007854275 0.097139776 -0.44769892
83 -0.16887736 0.05149754 0.30843404 -0.12628284 0.014800452 0.17327124 0.16141427 -0.17439412 0.178524 0.013000205 -0.33013645 -0.17355792 -0.38816625 -0.14650606 0.012645721 -0.2824054 0.11465897 0.29813433 -0.37301907 0.031855904 -0.12715313 -0.2772559 -0.20823754 -0.44339326 -0.06845604 0.09172423 0.20225011 0.008140352 0.041030858 0.125489 0.06868851 -0.42703447
115 0.018343868 0.24961436 0.02859912 -0.090410754 0.039205216 0.08533928 0.15677279 -0.24288827 0.22308123 -0.19017291 -0.37858978 0.004227756 -0.25311282 -0.11983904 -0.040283997 -0.23922022 0.12660223 0.04485275 -0.28847072 0.18895009 -0.24483296 -0.17905766 -0.18599059 -0.42905417 0.09469482 0.17250217 0.20130308 -0.24777298 0.23046175 -0.03476025 0.22427824 -0.44286513
57 -0.08998511 0.112653226 0.25504756 -0.1614468 0.007579119 0.13865739 0.15112399 -0.19700575 0.2184278 -0.058699884 -0.3417867 -0.103289574 -0.36988232 -0.1516878 -0.010179143 -0.29553756 0.11850954 0.19637674 -0.36522493 0.04974505 -0.12231064 -0.25234416 -0.17582136 -0.39616972 -0.013099216 0.09225341 0.14524199 -0.09312384 0.12480031 0.070703976 0.13392314 -0.453779
80 -0.11470377 0.01712468 0.26092666 -0.15011023 0.050234698 0.16550364 0.11701801 -0.1522981 0.17624405 -0.009164899 -0.32000226 -0.18993007 -0.4001637 -0.10218113 0.010889035 -0.21427597 0.14479783 0.21419291 -0.37761542 0.07828063 -0.12397284 -0.30919135 -0.21828477 -0.4868549 -0.07134323 0.11051431 0.16881815 0.050393425 0.09431639 0.17061606 0.05727612 -0.40732697
72 -0.07154628 0.081372604 0.25675488 -0.13447444 0.04705018 0.14040513 0.100217514 -0.15051289 0.1729953 -0.02297117 -0.3300889 -0.1583015 -0.4083423 -0.10199764 -0.0068384456 -0.21284549 0.13341688 0.21226935 -0.32795095 0.0852617 -0.16285421 -0.25623447 -0.2433074 -0.5028308 -0.042475827 0.10624015 0.18158297 -0.005451796 0.08025982 0.15670224 0.074847 -0.42165294
9 0.009292271 0.23877534 0.021025231 -0.112419255 0.28123087 0.14371029 -0.13255563 -0.18234694 0.014989917 -0.1558277 -0.38220727 -0.01685586 -0.32427955 -0.17220479 0.0903914 -0.20088519 0.25000474 0.018022401 -0.22259423 0.415199 -0.109524205 -0.40503934 -0.07573182 -0.08929728 -0.008849984 0.29326385 -0.13245192 0.059062943 0.5263225 -0.032881424 0.41781023 -0.5458554
35 0.06577891 0.03859894 0.1408019 -0.10645146 0.1079893 -0.04577365 0.07878211 -0.110994294 0.16123757 -0.041014567 -0.36539218 -0.1953265 -0.44776976 -0.02699726 -0.023904257 0.1425633 0.160509 0.110679425 -0.28012952 0.09295984 -0.26504707 -0.32510194 -0.45807073 -0.62027806 -0.14121293 0.1627077 0.33345267 0.1504181 0.14688548 0.27146316 0.033654466 -0.38982618
39 0.14572191 0.14060442 -0.00599845 -0.0839394 0.18662642 0.0033172618 -0.039280098 -0.1685516 0.12623207 -0.093455754 -0.35587442 -0.13982663 -0.41481492 -0.028350184 -0.049583767 0.122674316 0.20331587 -0.010896283 -0.21505979 0.2247029 -0.24971732 -0.30146608 -0.37712315 -0.4869832 -0.06429624 0.18325838 0.20937715 0.118042134 0.29273102 0.19453005 0.16442652 -0.35921812
75 -0.21781926 0.029486494 0.40023765 -0.16455396 -0.057810336 0.24104778 0.1770206 -0.15317076 0.2076081 0.026482146 -0.31840113 -0.20394564 -0.4333774 -0.12734093 0.007034782 -0.403807 0.09844999 0.34417158 -0.42752075 -0.00910547 -0.08849692 -0.25494558 -0.15194768 -0.521859 -0.048639745 0.00063554046 0.23714228 -0.042655647 -0.07766555 0.16865715 0.008217519 -0.3970305
62 0.10283776 0.098091014 0.074527934 -0.094771825 0.136638 -0.0073903017 -0.00097285275 -0.14115202 0.13625802 -0.086738035 -0.35837716 -0.1911438 -0.45489386 -0.041344605 -0.021527281 0.081196085 0.16741204 0.039268598 -0.23446521 0.16603954 -0.23387416 -0.32723308 -0.3748871 -0.55779594 -0.098192565 0.14964841 0.22779974 0.14174798 0.18552597 0.22519279 0.1048205 -0.37551546
17 0.040105928 0.17785521 0.029703593 -0.09871153 0.24706669 0.13282445 -0.08964197 -0.17384718 0.045820042 -0.13580154 -0.36251286 -0.04931385 -0.3400308 -0.14762609 0.03385508 -0.16456297 0.23526034 0.05094528 -0.22899508 0.35989752 -0.12982516 -0.3797313 -0.16229606 -0.2003481 -0.057818238 0.21497644 -0.024330616 0.072909504 0.3954459 0.040948156 0.29420775 -0.48705834
30 0.018219106 0.20247072 0.041147724 -0.10789573 0.2429976 0.15961277 -0.094179615 -0.18647347 0.02743605 -0.15733169 -0.34656227 -0.060009502 -0.33739895 -0.17281379 0.08941321 -0.19349733 0.25703314 0.039273623 -0.22768888 0.35572502 -0.12283294 -0.36433986 -0.08745423 -0.14676048 -0.038152806 0.24310263 -0.0725053 0.057433274 0.44868854 -0.009715662 0.358432 -0.51510423
14 0.13130036 0.09533603 0.015834987 -0.10660515 0.19258748 -0.009270145 -0.02498256 -0.15179613 0.12551005 -0.10875404 -0.34823093 -0.13309538 -0.42190486 -0.041415762 -0.015069111 0.10029728 0.2085955 0.0032721744 -0.23679368 0.25665006 -0.22202176 -0.32807806 -0.36142278 -0.45159578 -0.09068309 0.20455205 0.18518412 0.15688503 0.30532122 0.21397516 0.16542321 -0.3987196
15 0.022874443 0.17857303 0.075446315 -0.11387027 0.25113744 0.16654469 -0.109911606 -0.18101577 0.021980187 -0.15251336 -0.33880416 -0.058876906 -0.3706978 -0.17097375 0.07678813 -0.20269024 0.24997962 0.035035845 -0.20866972 0.38310808 -0.082297646 -0.38658562 -0.11831894 -0.11939183 -0.04472015 0.2701197 -0.10698909 0.15243417 0.45859054 0.031973857 0.3538354 -0.49207798
68 -0.17589359 0.061449926 0.3237505 -0.14973536 -0.027283167 0.2198033 0.15224707 -0.19575319 0.20403282 -0.007370345 -0.3457064 -0.12584136 -0.38270867 -0.15855725 0.017223783 -0.40887246 0.107251875 0.25554833 -0.40824243 0.040699974 -0.078789786 -0.25047463 -0.12549725 -0.44020602 -0.010756959 0.06360678 0.1364658 -0.09215718 0.042572305 0.083858885 0.06335076 -0.43627954
13 0.09048035 0.23097451 -0.023746489 -0.089920476 0.289082 0.12118478 -0.1454368 -0.21116506 0.015634988 -0.21426098 -0.35101998 0.007427546 -0.32647312 -0.14171337 0.069672994 -0.14071155 0.26057115 -0.03921014 -0.167038 0.46207148 -0.15460905 -0.3766617 -0.09610048 -0.08253884 -0.0023379412 0.31352216 -0.14623787 0.08062571 0.5860955 -0.022527572 0.44936258 -0.53154165
88 -0.17074668 0.06309886 0.354791 -0.1331774 -0.0340781 0.19862618 0.19281632 -0.18390737 0.19767705 -0.0182456 -0.34993804 -0.15894625 -0.42954665 -0.15937546 -0.02217595 -0.35669002 0.11423476 0.2988324 -0.39739448 0.026330275 -0.11127739 -0.2570558 -0.17281944 -0.47603366 -0.036698855 0.053633895 0.21051496 -0.052612737 -0.0023480628 0.113724194 0.058198113 -0.40814754
121 -0.0046878257 0.25397894 0.052816186 -0.08366623 0.006042519 0.17921974 0.11023887 -0.2736212 0.17618507 -0.15571146 -0.40391865 -0.017680509 -0.26234978 -0.13862862 -0.028971858 -0.30715728 0.13115919 0.09988765 -0.29554477 0.20127115 -0.23648584 -0.18283598 -0.10779559 -0.37944344 0.08925624 0.20468317 0.15710755 -0.24516994 0.24536319 -0.050120298 0.2055073 -0.42728612
98 0.0058443425 0.22539715 0.11914458 -0.12153925 0.034639023 0.15271872 0.14504191 -0.23477131 0.20978065 -0.1406938 -0.38602442 -0.0019659519 -0.26495287 -0.117004305 -0.044474788 -0.2946919 0.12067867 0.07119403 -0.3197923 0.16813113 -0.19333209 -0.21460143 -0.09384756 -0.35846597 0.07689498 0.17527722 0.09305705 -0.22563043 0.24573599 -0.082235865 0.25712284 -0.4518213
116 0.095860556 0.21161094 0.00634643 -0.09379186 0.07896105 0.08078225 0.038452588 -0.24666445 0.16329473 -0.13928887 -0.39861637 -0.075065136 -0.302964 -0.08715961 -0.040422224 -0.07839094 0.17866567 0.013451331 -0.27539384 0.24010584 -0.27051553 -0.24399665 -0.21883076 -0.44157594 -0.012117387 0.20109321 0.15449423 -0.115369305 0.29159322 0.06810952 0.17654099 -0.40282276
52 0.048835643 0.09572154 0.1309835 -0.13797694 0.096374795 0.05343948 0.06279427 -0.14425957 0.17045768 -0.048533093 -0.34356394 -0.13939649 -0.41317216 -0.07506711 -0.037797328 -0.0025365315 0.14042918 0.112630405 -0.29929236 0.12164644 -0.22148155 -0.29435888 -0.32582685 -0.5163066 -0.085519224 0.1536897 0.22279298 0.063169055 0.16772029 0.18924692 0.074162774 -0.41464162
110 0.006506568 0.22940075 0.06146947 -0.1296899 0.015237727 0.14386281 0.116790056 -0.26588032 0.17898388 -0.14178509 -0.3918521 -0.022893703 -0.2825002 -0.12510744 -0.052024953 -0.2812089 0.1253179 0.062023282 -0.308395 0.17587623 -0.20443475 -0.21004121 -0.11468925 -0.4175244 0.058379985 0.15341479 0.14953527 -0.20972553 0.22384031 -0.017066984 0.19259907 -0.43597716
84 -0.19759881 0.039258152 0.40310198 -0.18141636 -0.030245582 0.23592854 0.15137607 -0.13474248 0.17371415 0.02734812 -0.31866747 -0.23375726 -0.43020454 -0.16565587 0.014006785 -0.3796422 0.12759823 0.3330134 -0.4090446 0.01817087 -0.060973007 -0.2911653 -0.16546905 -0.45838693 -0.048432782 0.040261578 0.17630579 -0.013972811 -0.017818874 0.16887279 0.02363092 -0.40769225
112 -0.03119152 0.23140681 0.10568927 -0.113282464 0.0002636991 0.15536831 0.15861972 -0.25219336 0.21876456 -0.15812074 -0.36359084 0.018943591 -0.23046458 -0.1405843 -0.05485528 -0.32839233 0.11171569 0.12591696 -0.35750535 0.1567568 -0.21587446 -0.20979115 -0.12982228 -0.42542553 0.10212925 0.18071893 0.12406391 -0.26584554 0.21598949 -0.08378659 0.18415457 -0.44443074
94 -0.15330347 0.034298662 0.31095588 -0.1664246 0.03898408 0.17262031 0.1077291 -0.14909382 0.11694438 0.00872664 -0.31516978 -0.19692706 -0.4400532 -0.1494599 0.039312456 -0.29373536 0.16488414 0.27698213 -0.33819404 0.07667817 -0.07215389 -0.33012074 -0.18014461 -0.43707415 -0.08165859 0.067884535 0.17085843 0.07160135 0.060308926 0.18562908 0.08605686 -0.42997473
120 0.030362865 0.28377834 0.041548178 -0.09795247 -0.06729992 0.1148849 0.20271233 -0.2984078 0.25601187 -0.16965275 -0.40667343 0.006354387 -0.21391478 -0.12257278 -0.10088591 -0.28648877 0.10588705 0.08099335 -0.34946573 0.11989259 -0.27264276 -0.10230495 -0.10219032 -0.5121011 0.16634871 0.15709645 0.23184218 -0.3855628 0.19654484 -0.12768844 0.15963292 -0.43471298
126 0.045649417 0.1851136 -0.0010630225 -0.118911184 0.22047302 0.092047356 -0.07088049 -0.17642836 0.068544194 -0.15756127 -0.36939412 -0.039534617 -0.37887543 -0.13378727 0.031114658 -0.09643272 0.20746876 0.025724843 -0.20361468 0.32930768 -0.17767604 -0.3409443 -0.18163532 -0.24741578 -0.037838005 0.2629628 0.0377915 0.06140762 0.41683853 0.056826163 0.28314152 -0.44999942
70 -0.16573483 0.10971373 0.29004276 -0.1545022 -0.023609243 0.18884018 0.14614284 -0.1890621 0.13967928 -0.031182226 -0.35623905 -0.13678254 -0.37667462 -0.19976975 -0.0074998923 -0.3814338 0.095587835 0.25790852 -0.357491 0.096892394 -0.11452107 -0.28064454 -0.13096626 -0.43049094 -0.01987508 0.10192132 0.14957349 -0.06447009 0.043738414 0.047368478 0.09109316 -0.44472942
12 -0.034884118 0.17244586 0.09633567 -0.10689782 0.23165457 0.14511652 -0.06772035 -0.1586665 0.019126443 -0.09593165 -0.35172474 -0.10101234 -0.3729749 -0.15879059 0.07325904 -0.18534039 0.22126257 0.07649655 -0.21883559 0.34092224 -0.13255917 -0.38093004 -0.15481791 -0.18823656 -0.0478745 0.2131405 -0.017226197 0.091787785 0.39072096 0.053749915 0.3106582 -0.48113266
73 -0.21672565 0.06019249 0.36590192 -0.17296971 -0.026496999 0.21938875 0.17392026 -0.13563895 0.17483674 0.024776816 -0.32220012 -0.15616925 -0.39999264 -0.20761491 0.031894505 -0.44484425 0.08733833 0.3302242 -0.40626177 0.058476657 -0.071406744 -0.2711921 -0.116117224 -0.40659127 -0.02166158 0.0458745 0.13827026 -0.0006764448 0.02768653 0.09722845 0.10212246 -0.45083907
33 0.04894736 0.29987207 0.016946346 -0.07829282 -0.006644992 0.1316239 0.1361652 -0.30211648 0.19844173 -0.19474368 -0.39704174 0.0017525358 -0.24226272 -0.14407818 -0.050255284 -0.29440373 0.096919306 0.026337005 -0.28920096 0.18860078 -0.26653227 -0.14114276 -0.064347595 -0.39062816 0.13758306 0.16386859 0.12610678 -0.31616086 0.23620398 -0.10529684 0.22533812 -0.4207064
16 -0.032169245 0.17407104 0.10603647 -0.1078107 0.17404285 0.1416053 -0.018912865 -0.17292753 0.069270454 -0.15506525 -0.36427826 -0.09016278 -0.37398288 -0.1729907 0.07524341 -0.21200517 0.20429488 0.07503392 -0.22768362 0.2948357 -0.11914858 -0.3420107 -0.14332977 -0.21473728 -0.038008273 0.23260283 0.021414744 0.051619943 0.33669305 0.032491397 0.29273716 -0.4644596
40 0.15422581 0.1195058 -0.025008246 -0.10831897 0.12681979 -0.01171134 0.01922317 -0.20792055 0.16076252 -0.1405209 -0.38562945 -0.10642843 -0.38719204 -0.053465776 -0.042658027 0.09067488 0.19136035 0.034154277 -0.2308786 0.19530766 -0.24521887 -0.26287797 -0.3305336 -0.50110143 -0.0805795 0.20843455 0.21172251 0.02400771 0.3106722 0.15793523 0.15701759 -0.38196224
67 0.0044911886 0.24639554 0.07815609 -0.10560403 -0.0027631533 0.106463395 0.18279997 -0.23590182 0.23885262 -0.1558618 -0.40181202 0.026295371 -0.25940728 -0.14890657 -0.041697938 -0.3123392 0.10155166 0.06383128 -0.33282506 0.0952449 -0.23759805 -0.18220451 -0.15137772 -0.4248222 0.103661455 0.18053947 0.17253824 -0.26589936 0.17829171 -0.087222554 0.17651452 -0.44027954
4 -0.052103642 0.22268586 0.13620785 -0.10966658 -0.017410392 0.14779615 0.18113247 -0.24483155 0.24008226 -0.13291554 -0.39438635 -0.005357665 -0.26275837 -0.13397628 -0.030953282 -0.31691077 0.108818956 0.13030961 -0.32275465 0.12327243 -0.21843228 -0.17147072 -0.11662487 -0.45583636 0.10177313 0.14708835 0.18241286 -0.25346577 0.199951 -0.0468449 0.1990389 -0.43976596
71 -0.08240246 0.06817696 0.229758 -0.13765846 0.014089341 0.10925766 0.10203757 -0.19783667 0.14324825 -0.06429362 -0.32875898 -0.1083777 -0.37992644 -0.13177474 -0.013071272 -0.24838556 0.13599521 0.18591191 -0.3419073 0.07439504 -0.12022269 -0.26556683 -0.2005747 -0.45319661 -0.039980706 0.09783856 0.14816709 -0.042313244 0.11387522 0.12100699 0.0946169 -0.4617273
46 0.1653434 0.10370038 0.0008545123 -0.10239603 0.16790932 -0.06322626 -0.052895084 -0.15911445 0.14828496 -0.111154325 -0.38676783 -0.16866912 -0.44685766 -0.0053090453 -0.06419591 0.18709204 0.18190044 -0.0040797107 -0.19468576 0.22093931 -0.2888539 -0.32486072 -0.4196385 -0.52077436 -0.11751446 0.21845682 0.2227475 0.1354284 0.28907222 0.2245186 0.1591196 -0.35577318
43 0.08918757 0.023703324 0.13487606 -0.12380115 0.1283548 -0.036394246 0.026080167 -0.14284974 0.17645805 -0.039498437 -0.34389532 -0.23126312 -0.48242974 -0.026901715 -0.023979325 0.13860756 0.16158001 0.08386284 -0.26870015 0.10030028 -0.2503291 -0.31323957 -0.46267366 -0.6266087 -0.14766477 0.13358568 0.28397074 0.19353037 0.15348473 0.31024486 0.037438627 -0.35821822
66 -0.122688994 0.08434909 0.2971267 -0.120113604 0.00673092 0.19996801 0.16976558 -0.16894631 0.16235371 -0.012318075 -0.34955028 -0.126656 -0.40015304 -0.1740972 -0.018866269 -0.30784157 0.1194076 0.24702814 -0.4046829 0.0696549 -0.15645136 -0.29902446 -0.14640996 -0.45427433 -0.040714584 0.10796764 0.15536441 -0.039499473 0.06359466 0.07872869 0.028446563 -0.41430816
21 -0.06379635 0.13817286 0.15069968 -0.1319408 0.14366935 0.1871804 -0.022632536 -0.182058 0.07820398 -0.08537582 -0.33609685 -0.03774503 -0.32932281 -0.15265922 0.05317008 -0.28785977 0.21881336 0.10799909 -0.27224392 0.28446302 -0.07167731 -0.315548 -0.06573332 -0.21741566 -0.007494181 0.17887504 -0.050031688 0.024470061 0.3337824 0.010005297 0.3175025 -0.5206275
44 0.07509413 0.06368365 0.13332817 -0.13424593 0.13105991 0.0140855005 0.023863599 -0.15132529 0.15571158 -0.047449972 -0.36079913 -0.20110749 -0.43769082 -0.069063745 -0.0017809982 0.049984366 0.16198704 0.08203187 -0.25954583 0.13217749 -0.2162 -0.29310557 -0.3808994 -0.5262678 -0.115425944 0.15172403 0.24445221 0.15388903 0.18855442 0.27286786 0.066091076 -0.38635567
5 0.05543192 0.20146449 0.019870356 -0.10507265 0.25796768 0.13177267 -0.10671537 -0.18284185 0.015500744 -0.16744421 -0.35188746 -0.066272154 -0.38015768 -0.14188898 0.07037026 -0.16223414 0.27219698 0.021957954 -0.19190684 0.4102231 -0.11764885 -0.39113256 -0.12389147 -0.1290925 -0.04582294 0.2472049 -0.06191975 0.092730895 0.45691058 0.010559441 0.3825384 -0.5287976
117 -0.157891 0.09467773 0.32125503 -0.13769542 0.0142523805 0.22245452 0.14878708 -0.15432647 0.18098566 -0.052432735 -0.32359898 -0.15147643 -0.36436912 -0.13795523 -0.019869925 -0.37237403 0.115589 0.25552118 -0.39761683 0.075326905 -0.104861826 -0.28124154 -0.12828791 -0.4334168 -0.029002158 0.06324153 0.14091827 -0.060233243 0.05318833 0.08287149 0.09368677 -0.42987466
34 0.047273863 0.08359744 0.11285107 -0.12338932 0.049748443 -0.0019389965 0.107213914 -0.17222254 0.17906189 -0.06661022 -0.35401744 -0.15656249 -0.381591 -0.03505302 -0.044940468 -0.0067329975 0.15623876 0.11854057 -0.27795085 0.081163935 -0.25096855 -0.2674205 -0.3970398 -0.5841439 -0.06942212 0.16218634 0.28415135 0.03843258 0.12587485 0.21097669 0.063833304 -0.38399315
103 -0.0387252 0.25102895 0.10754234 -0.09778493 -0.034881204 0.17243582 0.185074 -0.25408822 0.23709038 -0.1502471 -0.38837755 0.014107306 -0.23266952 -0.14780898 -0.061752755 -0.36560783 0.10615305 0.086058274 -0.35690704 0.139321 -0.21119577 -0.1794263 -0.082277045 -0.39400384 0.12922703 0.14679648 0.15823217 -0.2793311 0.20525049 -0.105345756 0.20577227 -0.44802898
58 -0.07539337 0.2165464 0.11423439 -0.11263693 0.028720645 0.16557297 0.16932766 -0.2386983 0.22075099 -0.119857825 -0.36343464 -0.03837087 -0.23377521 -0.11936316 -0.04245959 -0.34533337 0.10452949 0.10261724 -0.33848104 0.1423915 -0.17539029 -0.2323902 -0.12005669 -0.3844397 0.07870631 0.12708557 0.13438348 -0.18865164 0.17658183 -0.026054211 0.22555839 -0.4563157
45 0.06732516 0.019820727 0.17940466 -0.11133279 0.086440936 -0.019524144 0.09711075 -0.15051802 0.19315194 -0.02529954 -0.36889288 -0.21245797 -0.41850775 -0.03696939 -0.030376023 0.044623736 0.14906545 0.09717055 -0.32594758 0.058544032 -0.26201195 -0.2975828 -0.42426965 -0.6282973 -0.10601419 0.11575715 0.2636647 0.096941225 0.107161894 0.25002652 -0.0062622754 -0.37941927
51 0.11497974 0.0892773 0.049581554 -0.074139655 0.20850515 -0.02337988 -0.01033233 -0.13147177 0.12527749 -0.06156114 -0.35802096 -0.15051621 -0.40535632 -0.042540852 -0.0031599358 0.14476393 0.19338939 0.02680455 -0.22964452 0.19425847 -0.24858741 -0.36890623 -0.42849913 -0.4934707 -0.11690339 0.23210046 0.20266898 0.16059728 0.29766288 0.2374248 0.108705945 -0.4143738
55 0.13080785 0.052138504 0.085226215 -0.12942787 0.14256445 -0.0343611 0.013180194 -0.12314989 0.15046076 -0.05798619 -0.3806836 -0.18442945 -0.48714736 -0.03425186 -0.026385672 0.13972065 0.18442164 0.07550383 -0.24101911 0.118739486 -0.26394996 -0.32914248 -0.45282102 -0.58949727 -0.1353538 0.15355136 0.26660788 0.18526869 0.19763184 0.2823977 0.052853573 -0.37235287
109 -0.04495081 0.24607909 0.090593785 -0.07704266 -0.07751648 0.15684424 0.26069102 -0.29097855 0.2518644 -0.14053488 -0.3936267 0.0056343 -0.20608921 -0.09817373 -0.057178225 -0.40431446 0.08289748 0.105696164 -0.3569923 0.11476834 -0.26767033 -0.13844138 -0.07611074 -0.4805934 0.16779223 0.13110678 0.2160504 -0.37418255 0.14118654 -0.12217786 0.16011482 -0.4620891
7 0.08099607 0.20538181 -0.011881722 -0.101397164 0.24763443 0.14844078 -0.11563096 -0.19461887 0.055450536 -0.17968531 -0.37474814 -0.016499706 -0.30218545 -0.1507476 0.051430546 -0.14261803 0.24356139 0.0021477353 -0.21707639 0.41723195 -0.124419145 -0.3701171 -0.11712779 -0.17477657 -0.022302564 0.25167263 -0.08955891 0.030595293 0.5053346 0.002283792 0.38315406 -0.5343138
48 0.034632303 0.14763062 0.042758282 -0.1060501 0.2074146 0.1141495 -0.027315535 -0.20624241 0.073337 -0.14667493 -0.35527527 -0.07348318 -0.33719403 -0.14635654 0.065881774 -0.1350585 0.21910052 0.027122544 -0.24517588 0.32089767 -0.13437413 -0.35089013 -0.14698844 -0.25025254 -0.036254678 0.19501597 0.021816334 0.025224032 0.362777 0.034977462 0.26457042 -0.48348403
