128 32
76 -0.24137385 -0.052435994 -0.0458795 0.027628805 -0.03838928 0.19437695 -0.12494823 -0.0649448 0.15301976 0.116444096 -0.15309298 0.25433004 0.14521335 0.0045139194 0.02064101 -0.27378818 0.18755671 -0.43446383 -0.047704525 -0.009821443 -0.08598403 -0.3713531 0.13574407 -0.09136132 0.27377138 -0.07247154 0.22817516 -0.09790617 0.47259402 0.04381353 -0.031163892 0.5599507
57 -0.21723147 -0.12873287 -0.13633853 0.090653434 -0.051702306 0.189951 -0.11702638 -0.1068847 0.12547618 0.100138955 -0.12485425 0.2934482 0.16434087 0.066920415 -0.0008860598 -0.26982006 0.20337985 -0.41577283 -0.01682424 -0.031903688 -0.08647965 -0.33249602 0.19256268 -0.15217659 0.26831582 0.016117208 0.18959188 -0.11799529 0.51937157 0.023985622 -0.001120877 0.5680803
88 -0.21381283 -0.12513562 -0.1424288 0.08501066 -0.09339441 0.19760941 -0.07797304 -0.10214223 0.12466059 0.101911314 -0.15371569 0.27532867 0.1382847 0.03400072 0.012719964 -0.24001774 0.18356845 -0.43822223 -0.008568896 -0.030841624 -0.096700855 -0.35251558 0.16490045 -0.1483696 0.27235574 -0.02480061 0.19615057 -0.12722218 0.5205373 0.025184298 -0.0058898563 0.57583004
110 -0.24417105 0.12996638 -0.006463302 -0.1775081 0.24203017 0.13341624 -0.23218735 0.20247957 0.08489423 0.42556685 -0.2092786 0.2749705 0.026745938 0.15811603 0.21231996 -0.42500633 0.12223977 -0.36277246 -0.060117323 -0.13401382 0.008276959 -0.40846953 0.086460546 -0.06417722 0.11339258 0.10167 -0.124169536 -0.02889826 0.41121933 0.2738868 -0.06242406 0.46905681
77 -0.16745959 -0.058289595 -0.16814446 -0.043518614 -0.11164607 0.21324398 -0.16268799 -0.13308325 0.11541021 0.100538746 -0.103729516 0.36214355 0.091936916 -0.034710318 -0.10900645 -0.28869522 0.19286326 -0.38862783 0.014780796 -0.008748638 -0.10294013 -0.32366186 0.19578418 -0.11867323 0.18228346 -0.043106508 0.18301816 -0.10537983 0.45611018 -0.0005616509 -0.052013718 0.5082478
62 -0.20962442 0.09272885 -0.021535354 -0.18336987 -0.18112834 0.17779775 -0.19733344 -0.18502514 0.18412462 0.13285942 -0.029938567 0.31562495 0.03775423 -0.14005174 -0.11280685 -0.30982408 0.21261822 -0.39993894 -0.028748335 0.11064198 -0.050715517 -0.4402403 0.2687986 -0.047184408 0.045254026 -0.17358735 0.29306838 0.012862177 0.39453462 0.11632593 -0.17287947 0.50037575
91 -0.24179561 0.0782636 0.003065151 -0.05985145 0.2068256 0.14060491 -0.1819598 0.14814165 0.11818551 0.35196778 -0.1911948 0.27158213 0.08736452 0.15544847 0.22765301 -0.3678203 0.1335606 -0.40729535 -0.074170604 -0.102523215 -0.0067857117 -0.40702382 0.08909222 -0.08530415 0.18303987 0.055635847 -0.045001846 -0.06442447 0.45410827 0.23324727 -0.026640473 0.48635763
101 -0.16465859 0.054259248 -0.082506455 -0.13759926 0.18552586 0.14414477 -0.23806097 0.1661555 0.09889006 0.35660753 -0.18275626 0.3053585 0.027037965 0.09630866 0.13191128 -0.36688647 0.1560531 -0.3799922 -0.03601559 -0.12014985 -0.002701596 -0.39172113 0.072216645 -0.04953733 0.13019712 0.10516824 -0.13706417 -0.04764454 0.43918738 0.20461413 -0.05306151 0.47903416
47 -0.14682686 0.03645253 -0.14308885 -0.18297838 -0.13397814 0.18544553 -0.19996876 -0.14398658 0.13635772 0.1407582 -0.04605976 0.37347004 0.04219144 -0.058328778 -0.12689015 -0.3270198 0.21404625 -0.3568236 0.012719396 0.059815526 -0.0788315 -0.36586386 0.23675723 -0.08320751 0.06588887 -0.04511038 0.16879782 -0.039754614 0.39446175 0.082101494 -0.12908275 0.47636655
108 -0.23480593 0.11969718 -0.048757967 -0.16861264 0.14719583 0.1578605 -0.23481758 0.12496419 0.0720376 0.3630983 -0.14522408 0.31464717 0.032414984 0.0989879 0.119412005 -0.38280332 0.12892963 -0.37236658 -0.062471174 -0.042082135 0.0056658597 -0.3957055 0.122735664 -0.08182208 0.10407751 0.026995223 -0.054536097 -0.030450318 0.40820652 0.23183063 -0.06710096 0.47008964
63 -0.043242294 -0.048323225 -0.30412576 -0.17489998 -0.028638026 0.22324647 -0.21045499 -0.055481147 0.0015021183 0.18938144 -0.114934206 0.47526163 -0.012696252 0.034999155 -0.1676126 -0.3230946 0.19033538 -0.28990406 0.081111126 -0.09116716 -0.117197506 -0.32228425 0.23713537 -0.094072506 0.029517192 0.14439611 -0.0635665 -0.08141734 0.44529992 0.050977837 -0.060022917 0.4077224
25 0.019511877 -0.013164152 -0.32387614 -0.3060926 -0.0781788 0.23769778 -0.2782659 -0.069283225 -0.02788153 0.20851044 -0.04794917 0.5707614 -0.077028215 -0.013923258 -0.18628033 -0.3681135 0.1813624 -0.23999201 0.11443069 -0.050712265 -0.118287496 -0.31621525 0.21771073 -0.08007454 -0.049396034 0.15244162 -0.102784306 -0.048152447 0.4262674 0.07676587 -0.08656166 0.36908227
18 -0.16077502 -0.16707568 -0.2832547 0.0807128 -0.0663005 0.20916803 -0.1054957 -0.094804384 0.07154763 0.073128745 -0.14948325 0.33769354 0.12312626 0.08707844 -0.08830544 -0.23552601 0.1866515 -0.40170348 0.03488162 -0.08008655 -0.1257396 -0.28297168 0.19777334 -0.16237153 0.2512037 0.08504455 0.070933275 -0.18250601 0.52701855 -0.037191864 0.015991429 0.53695077
93 -0.12946326 -0.18102758 -0.2455798 0.058757152 -0.10930642 0.22450612 -0.096003234 -0.16239588 0.06853337 0.048220254 -0.13307348 0.34242254 0.14242756 0.01172645 -0.100164145 -0.23738588 0.21821027 -0.36537254 0.03880145 -0.06554012 -0.13516273 -0.3057949 0.19358443 -0.15625498 0.23072714 0.03986798 0.16430241 -0.16187833 0.52930933 -0.035757873 -0.0031878452 0.5190786
70 -0.20839365 -0.18406239 -0.17561883 0.11556027 -0.10821032 0.2045582 -0.05675918 -0.122277215 0.09605447 0.02916426 -0.17559895 0.29138985 0.18546598 0.028832387 -0.036517747 -0.21661566 0.21616489 -0.4226757 0.02136491 -0.043188933 -0.13741587 -0.29632398 0.1681446 -0.16284637 0.31075445 -0.0015046604 0.21159379 -0.17830506 0.5493317 -0.044913393 0.014580159 0.57921886
124 -0.21227674 0.028205287 -0.115486085 -0.08133162 0.1494347 0.15593256 -0.19651744 0.1467892 0.079108566 0.32162005 -0.19296226 0.31959888 0.051153865 0.1253075 0.09736667 -0.37228397 0.13231783 -0.3349402 0.0064601274 -0.10867237 -0.04893067 -0.38374028 0.11329682 -0.09423984 0.13585532 0.12910849 -0.13367932 -0.095709115 0.46145564 0.17646891 -0.03858867 0.48828456
21 -0.027846301 -0.024243202 -0.29584798 -0.26742694 -0.049115937 0.22955468 -0.26500812 -0.04884508 -0.0033782644 0.22151998 -0.06840688 0.5162343 -0.025505442 -0.0026915306 -0.1591537 -0.32275537 0.19656186 -0.2453213 0.055242043 -0.067187876 -0.12058212 -0.30304876 0.1969296 -0.08633176 -0.02027931 0.13827708 -0.115296386 -0.023194462 0.4187037 0.1083259 -0.06451503 0.40157634
2 -0.02759099 -0.043146923 -0.27380612 -0.17657238 -0.015699865 0.20429361 -0.25006452 -0.027269395 0.0016012024 0.23141988 -0.1296583 0.4878233 -0.02803566 0.03198089 -0.15191579 -0.33160117 0.19696471 -0.2782202 0.08765971 -0.1012997 -0.078520134 -0.31232393 0.18847586 -0.089083314 0.038673908 0.17022063 -0.1064455 -0.06147645 0.42796487 0.09514704 -0.061658308 0.3871729
59 -0.21729241 0.08575929 -0.026871985 -0.19828385 -0.08366808 0.15896493 -0.21685794 -0.10343497 0.14756568 0.17965196 -0.06544867 0.2947706 0.03537695 -0.08031917 -0.055892516 -0.32683858 0.23728773 -0.36213985 0.0018994814 0.06194304 -0.06172545 -0.43611887 0.22529146 -0.047456317 0.050634265 -0.12674662 0.2300234 0.017421154 0.3929218 0.15758555 -0.1696503 0.4711536
52 -0.19876315 0.0049259537 -0.092102036 -0.12939426 -0.04599541 0.18126439 -0.19783227 -0.06964751 0.09820599 0.13674897 -0.10096294 0.34480113 0.06814191 -0.02314497 -0.026318861 -0.30784374 0.22520639 -0.38219395 -0.0029504118 0.008038868 -0.078666076 -0.3694632 0.19495721 -0.0818433 0.14094321 -0.046263594 0.128919 -0.065917686 0.43479127 0.10942789 -0.07769492 0.4981716
28 -0.039864216 -0.07069723 -0.30345106 -0.21425809 -0.07301725 0.22405316 -0.2461262 -0.10750707 0.0094966255 0.15320183 -0.07274605 0.5052681 -0.031418998 0.006618074 -0.22266464 -0.309521 0.22743414 -0.27319294 0.07261008 -0.074346945 -0.11257219 -0.30873078 0.24356382 -0.11846596 0.008609955 0.14070906 -0.043777972 -0.085904844 0.43516272 0.06359015 -0.052693296 0.42342347
106 -0.18563296 0.053041697 -0.10050155 -0.085052624 0.06089757 0.16133061 -0.21663514 0.058561742 0.08140708 0.2707057 -0.15705995 0.34262332 0.06696114 0.06848846 0.051405113 -0.32398716 0.19642472 -0.36015147 -0.009721883 -0.053962786 -0.043734882 -0.37495175 0.13433717 -0.06616815 0.134936 0.050511662 -0.023427278 -0.047470376 0.44352502 0.1872047 -0.0509236 0.46238524
72 -0.14748383 -0.20813873 -0.25981128 0.15570943 -0.121229365 0.21405123 -0.06557435 -0.14436153 0.09782264 0.02614732 -0.18225233 0.3078306 0.15125327 0.038570028 -0.104750104 -0.19639888 0.21003334 -0.41788834 0.043349963 -0.06701738 -0.12621681 -0.29956815 0.2303403 -0.18620482 0.28984958 0.047317486 0.19756106 -0.21501398 0.5551283 -0.06916404 0.026516618 0.55909413
121 -0.27679512 0.16925871 0.02631183 -0.18628654 0.22391896 0.13326348 -0.23270194 0.18018456 0.09162623 0.38441837 -0.18645012 0.28361592 0.025093183 0.08102003 0.18750879 -0.41171765 0.16141318 -0.4042552 -0.07186744 -0.049979933 -0.008517286 -0.45403767 0.07788325 -0.020196132 0.09867942 0.02633977 -0.07943848 -0.011032234 0.3850111 0.29352424 -0.082683384 0.48695552
5 -0.16769198 0.053912792 -0.13427606 -0.2280028 0.045040667 0.19694701 -0.23581788 0.032605466 0.06585635 0.25949728 -0.120371066 0.38945246 -0.0006455692 0.031403616 -0.05182006 -0.37335336 0.16233382 -0.35654825 0.028804347 -0.03419935 -0.068724126 -0.38094184 0.13978793 -0.029481689 0.048485763 0.047403343 -0.0149990255 0.001225365 0.3782061 0.16599825 -0.111210786 0.43520012
50 -0.16193876 0.09573685 -0.09170916 -0.15056169 -0.019800812 0.1356692 -0.22580253 -0.04345267 0.11619087 0.25506735 -0.07882003 0.3726954 0.0118500125 -0.016764862 -0.039969295 -0.33904096 0.19315353 -0.36874226 -0.0014330554 0.030987294 -0.07733912 -0.40439683 0.19541942 -0.053561583 0.035104968 -0.0030362462 0.09853533 -0.0002735315 0.41018972 0.18664607 -0.11100394 0.43852141
64 -0.27142075 -0.110607155 -0.13498972 0.08999741 -0.0517877 0.21197471 -0.09164526 -0.05526517 0.11204052 0.10022403 -0.15831043 0.2490906 0.16932578 0.07172648 0.04161954 -0.274965 0.1840043 -0.43068534 -0.01130198 -0.048317846 -0.08028802 -0.33687806 0.14925455 -0.12926416 0.26946184 -0.0067294026 0.18962279 -0.1422031 0.5192036 0.039689146 -0.013283032 0.5695521
66 -0.06950791 -0.029864982 -0.27925658 -0.1591663 -0.113527216 0.23485921 -0.21299544 -0.105908476 0.025938317 0.13160574 -0.06793975 0.47138187 0.031654533 -0.000680525 -0.15628174 -0.3320971 0.21523908 -0.298345 0.08175026 -0.046755537 -0.119119324 -0.3225935 0.22866435 -0.10884183 0.06278187 0.08870256 0.018428259 -0.07875965 0.4208308 0.06684993 -0.07675634 0.42361787
29 0.007859928 -0.04694004 -0.36522573 -0.24594297 -0.113647416 0.2551995 -0.25193608 -0.08513114 0.0049559595 0.19341712 -0.071480125 0.55334395 -0.047836933 -0.012518093 -0.23335594 -0.35012394 0.1939196 -0.2421335 0.12757608 -0.06347941 -0.1239105 -0.3217573 0.21662167 -0.08936876 -0.016056446 0.16999881 -0.09184656 -0.060602892 0.40313557 0.041054595 -0.09906685 0.38485333
17 0.0056057866 0.0054363385 -0.32207212 -0.3254246 -0.065827616 0.25545326 -0.30854523 -0.03210018 -0.014233667 0.25518373 -0.10601019 0.5882489 -0.073460735 -0.0017390405 -0.19813439 -0.39595738 0.18173932 -0.22200976 0.09127802 -0.087068334 -0.08394865 -0.3298131 0.19546814 -0.060541376 -0.053413637 0.2064845 -0.17565835 -0.010032914 0.35147524 0.13809647 -0.10878723 0.33291185
80 -0.18321079 -0.14400288 -0.19677866 0.064991 -0.10612114 0.18459502 -0.09077745 -0.14944747 0.0995358 0.054692484 -0.12891518 0.3296764 0.13333383 0.017754966 -0.04969594 -0.25524738 0.19367796 -0.40243375 -0.011186011 -0.015057392 -0.106422655 -0.335762 0.19960587 -0.15233214 0.23980138 -0.008864817 0.21260796 -0.14382768 0.51151985 0.0041588903 0.0029947115 0.5228143
7 -0.024892496 -0.10188263 -0.32451037 -0.12690201 -0.09055058 0.19990927 -0.17909713 -0.11484151 0.020821879 0.12215925 -0.08971647 0.48205456 0.018313425 0.026153587 -0.17918152 -0.30715987 0.20839375 -0.2864899 0.10636967 -0.06833741 -0.106975615 -0.30035213 0.2392553 -0.13787305 0.08679652 0.13555972 0.015664818 -0.09230519 0.47752464 -0.00889966 -0.041498467 0.43108627
78 -0.15569325 0.09825445 -0.06580672 -0.24051625 -0.17786592 0.17246881 -0.22450754 -0.16700944 0.16545689 0.13577148 -0.023329763 0.3950093 -0.0019376029 -0.13394535 -0.14587104 -0.29759097 0.23181424 -0.36520267 0.0018288383 0.10789501 -0.09005457 -0.4082702 0.24456178 -0.028530944 0.021674931 -0.14779298 0.2522538 -0.005575425 0.39707536 0.12037548 -0.20570564 0.4819791
73 -0.01832012 -0.070196375 -0.35164732 -0.22912487 -0.12671582 0.23744278 -0.23161007 -0.11671527 -0.00021170005 0.15700653 -0.068781175 0.5398515 -0.018088892 -0.015157809 -0.21497393 -0.36003554 0.20884526 -0.25023645 0.1214434 -0.061977837 -0.12403453 -0.29295203 0.21100786 -0.105172105 0.015960693 0.13441084 -0.046064693 -0.050886124 0.4320176 0.055331927 -0.11486749 0.36810806
71 -0.21190163 0.08803087 -0.09218066 -0.1366713 0.18981509 0.1407473 -0.19857325 0.15288574 0.0920193 0.34978533 -0.17375575 0.32580167 0.053725503 0.12866962 0.13502125 -0.40273824 0.14136551 -0.36905107 -0.039389644 -0.10760891 -0.014990275 -0.38160136 0.11404235 -0.058166068 0.11303793 0.10792922 -0.14299184 -0.036490064 0.41617772 0.20921467 -0.06033623 0.4551007
13 -0.09561393 -0.025887651 -0.22917011 -0.17938831 -0.010980441 0.2238014 -0.22825558 -0.017372241 0.037185833 0.19865607 -0.12491757 0.43784365 0.0060606087 0.04078978 -0.07814081 -0.35371825 0.1606943 -0.30115035 0.037122156 -0.083184615 -0.09622149 -0.319284 0.16875538 -0.09229059 0.081443995 0.11176405 -0.035912912 -0.034448396 0.43209907 0.08626365 -0.08080429 0.43952316
81 -0.15912177 -0.16306382 -0.24071443 0.057135064 -0.09164478 0.23849292 -0.13449693 -0.10813935 0.031154932 0.071926236 -0.18571098 0.30396158 0.10872882 0.03878572 -0.060272004 -0.24008612 0.20113675 -0.38855672 0.037817933 -0.06686165 -0.07727316 -0.32111403 0.19161265 -0.15379184 0.2348286 0.054170504 0.09508591 -0.15051329 0.5062362 0.0035274709 -0.019672208 0.5216713
84 -0.13496222 -0.09495908 -0.20878418 0.0040771384 -0.08163587 0.19020113 -0.119390786 -0.110886514 0.099773884 0.11082847 -0.113958746 0.35519296 0.099397756 0.03417368 -0.09968707 -0.2843755 0.18714897 -0.3807304 0.03404031 -0.034427077 -0.09592415 -0.32405078 0.22101772 -0.14012608 0.19477095 0.024924202 0.14929718 -0.114861175 0.49446288 0.008618845 -0.032156486 0.5034528
49 -0.14493881 0.11587065 -0.07773219 -0.26723266 -0.16500269 0.1914009 -0.25304502 -0.15691154 0.158965 0.17203651 0.006469519 0.38745132 -0.023692405 -0.1270224 -0.14699927 -0.31888938 0.23062274 -0.35478228 0.0060376297 0.08970965 -0.093345605 -0.41503078 0.26662382 -0.0042726276 -0.019418567 -0.15450495 0.21807052 0.013698699 0.38854417 0.14637226 -0.18658102 0.45587555
39 -0.19072162 0.13345905 -0.025312144 -0.3411773 -0.1378948 0.16395152 -0.21790293 -0.12190439 0.14763765 0.16971292 0.0044773617 0.4005737 -0.02606921 -0.14698516 -0.1294093 -0.37843233 0.24038015 -0.3421413 0.019004215 0.08208363 -0.05726391 -0.4403294 0.24909122 0.0022370296 -0.016191663 -0.13236398 0.21739922 0.07493545 0.3661195 0.17776573 -0.23685256 0.4687809
97 -0.22119677 0.08651335 -0.050117772 -0.11724849 0.14020582 0.1562702 -0.20174421 0.12684204 0.114238925 0.34169906 -0.15579093 0.28768057 0.04898544 0.1105014 0.15401411 -0.3789789 0.13520844 -0.36604184 -0.05048449 -0.08440012 -0.0038205555 -0.39715123 0.097870156 -0.068588495 0.15648757 0.07052353 -0.03646502 -0.053596128 0.4169116 0.19162022 -0.04411322 0.4791756
98 -0.14087756 0.0959687 -0.05933978 -0.27503303 -0.15486336 0.15347178 -0.22595583 -0.1633886 0.16037087 0.16551119 0.03277279 0.39926863 -0.015953613 -0.109900005 -0.12140826 -0.3566182 0.23009571 -0.37185094 -0.015438857 0.12242563 -0.05527626 -0.41541123 0.25483808 -0.036919747 -0.0006644799 -0.10753615 0.23358373 0.02830951 0.39395225 0.14893618 -0.21341637 0.46587962
116 -0.24745427 0.0707941 -0.010350789 -0.111669876 0.10559958 0.13870463 -0.16390033 0.07613075 0.11185879 0.2514573 -0.13436729 0.28051305 0.061582062 0.06580288 0.13076903 -0.34885275 0.1708954 -0.4193119 -0.032724433 -0.031525124 -0.019268958 -0.41934976 0.094760686 -0.09690169 0.15684725 0.004037203 0.04172849 -0.067037635 0.45317578 0.17026955 -0.078876905 0.5214234
69 -0.18098822 0.10627828 -0.01901703 -0.27070692 -0.15841562 0.15878494 -0.23553677 -0.15282306 0.18359603 0.14168341 0.0039771157 0.35827678 0.002361387 -0.13511245 -0.11351434 -0.33455688 0.21582787 -0.36878046 -0.023574088 0.11526377 -0.05796901 -0.4519355 0.24675225 -0.045919083 0.025439959 -0.13652067 0.2615412 0.043567743 0.39347154 0.14687985 -0.21542403 0.4751157
123 -0.27542546 0.18450215 0.0880914 -0.18793303 0.29995722 0.0980712 -0.22660172 0.27976674 0.120042026 0.50692135 -0.2022595 0.25798354 0.035970416 0.16245915 0.31429005 -0.45693034 0.09435721 -0.37556702 -0.09053942 -0.11361533 0.020103903 -0.43850073 0.04711339 -0.035256103 0.11539834 0.10260202 -0.166625 -0.00043035415 0.3923855 0.32058746 -0.07451998 0.4798084
58 -0.24579185 0.13083968 -0.013270355 -0.1799397 0.17175315 0.1631197 -0.22142 0.16753271 0.098166965 0.36146197 -0.16818285 0.3096833 0.03906161 0.10129256 0.12601255 -0.3998413 0.13940386 -0.38232082 -0.03110374 -0.06469662 -0.017674923 -0.41209054 0.085765794 -0.044349045 0.09618289 0.04988242 -0.08255115 -0.014791809 0.39084068 0.23756266 -0.071902 0.47952434
51 -0.1292933 0.14067048 -0.0921147 -0.3054846 -0.0317161 0.17213072 -0.27268472 -0.050587676 0.1020474 0.2602414 -0.019034404 0.3891936 -0.039257497 -0.07902729 -0.101376005 -0.36075857 0.2098704 -0.34174222 -0.0041393302 0.021330731 -0.04709178 -0.4280406 0.2036087 -0.015086529 -0.02444923 -0.019520845 0.07479333 0.04438389 0.37375975 0.17521477 -0.16612245 0.42556888
113 -0.25912297 0.16467746 0.01595879 -0.19395481 0.22079782 0.15223269 -0.252135 0.19357 0.12680359 0.40423876 -0.17572047 0.2928697 0.03436468 0.094060026 0.20968401 -0.3981968 0.13646196 -0.37669596 -0.07917793 -0.099220455 0.0073934295 -0.44481573 0.065258816 -0.04134226 0.12334864 0.052103147 -0.09277799 -0.010781624 0.3934499 0.271822 -0.08269761 0.45894867
15 -0.035961956 -0.09166178 -0.3146175 -0.14482692 -0.1216472 0.20536812 -0.18755274 -0.11326256 0.015123633 0.11203937 -0.081865944 0.4959928 0.034372523 -0.021485424 -0.19637865 -0.31424168 0.20444724 -0.3202321 0.09502936 -0.06170451 -0.10937018 -0.29383492 0.23190615 -0.12292346 0.078601696 0.08828527 0.023213593 -0.07904741 0.47889856 0.02703683 -0.047629856 0.4156613
20 -0.17493562 -0.15307416 -0.21610598 0.065573476 -0.1452849 0.24270572 -0.09801019 -0.16196856 0.09710642 0.02753125 -0.12478107 0.36158565 0.14174326 -0.0047919597 -0.09602391 -0.23437765 0.20786093 -0.3932467 0.027128985 -0.030352801 -0.12238988 -0.32587135 0.18483067 -0.13543893 0.255134 -0.024536837 0.207266 -0.16023648 0.5245968 -0.009161819 0.0052452283 0.5438854
115 -0.15876415 0.016311586 -0.07835109 -0.14861985 0.13103025 0.16716461 -0.19762698 0.09464723 0.05118201 0.2694037 -0.1578112 0.35007524 0.043083828 0.097864814 0.11228038 -0.37657723 0.14212592 -0.36418417 -0.008421017 -0.14084888 -0.034967788 -0.36184502 0.09473978 -0.10030656 0.15645467 0.116259344 -0.09883041 -0.07315637 0.451928 0.15566365 -0.048552446 0.4697895
54 -0.1318055 0.10084861 -0.08827695 -0.2562178 -0.16071874 0.18474567 -0.22395347 -0.12041049 0.13309787 0.15484597 -0.04947086 0.39176613 0.011441777 -0.1399081 -0.15478112 -0.3163806 0.20645133 -0.34865218 -0.0017717528 0.092481956 -0.05244822 -0.42849252 0.25871208 -0.03817805 -0.015066378 -0.1490575 0.21107438 0.029918762 0.3895837 0.1327029 -0.20661889 0.4604436
87 -0.15925929 -0.11752328 -0.16476709 -0.00216681 -0.09197427 0.22459085 -0.118960194 -0.09372886 0.090712756 0.11100759 -0.13406615 0.34785193 0.11252649 0.028254263 -0.05068319 -0.28720206 0.19509701 -0.39733267 0.0016889861 -0.039519586 -0.089085 -0.3492107 0.16436578 -0.12061963 0.21204078 0.0060786745 0.14772649 -0.08736305 0.4677007 0.029272407 -0.037845075 0.5300458
122 -0.1182492 -0.16278277 -0.26458824 0.0074899863 -0.1587518 0.22427016 -0.11322272 -0.17706099 0.057704758 0.037501972 -0.1047583 0.3745002 0.1055463 -0.010239372 -0.11368721 -0.23136263 0.2209688 -0.35953102 0.0359094 -0.007063181 -0.10084544 -0.29042885 0.22327976 -0.16656025 0.22472444 0.01665276 0.1636058 -0.14352962 0.5186472 -0.042174518 -0.014306186 0.52065367
120 -0.23841122 0.15160847 0.002569768 -0.14158995 0.27251676 0.119202286 -0.2080265 0.2606716 0.08919139 0.45266977 -0.19072238 0.27617943 0.05784965 0.1796227 0.24416997 -0.4155278 0.100467995 -0.3865514 -0.058549378 -0.11956138 0.0081205545 -0.40203252 0.08764122 -0.08510753 0.12995188 0.11154458 -0.17615752 -0.056358457 0.4145455 0.2708041 -0.024748862 0.48889711
102 0.023764785 0.0040125214 -0.37942603 -0.3143273 -0.06201515 0.24590294 -0.29214087 -0.062468015 -0.043301594 0.23051712 -0.07339425 0.5858052 -0.07214817 0.018048417 -0.25791463 -0.40180853 0.17916305 -0.2206881 0.14995359 -0.08073882 -0.09808898 -0.30918592 0.22055882 -0.07055748 -0.08560443 0.22163609 -0.19361763 -0.0148036 0.37883505 0.10064618 -0.088213824 0.34991574
46 -0.16124311 0.07123049 -0.04798375 -0.2538724 -0.06845539 0.16374405 -0.18560708 -0.07170001 0.0900939 0.16184707 -0.06602504 0.37358072 0.019202374 -0.07188982 -0.066809654 -0.32004747 0.21208422 -0.36508027 0.021010421 0.077827536 -0.069342084 -0.40763313 0.20874669 -0.04721881 0.022072595 -0.07998961 0.14086531 0.042788822 0.37430522 0.15417959 -0.1787705 0.47274995
38 -0.07590599 0.023508133 -0.1950564 -0.21883391 -0.0152008515 0.1944949 -0.23904592 -0.00846116 0.040514678 0.20370336 -0.09592688 0.4545965 -0.0053104344 0.009261831 -0.10618435 -0.3743756 0.17620869 -0.31425166 0.05939249 -0.084330365 -0.085033685 -0.35342884 0.187402 -0.08190256 0.018922096 0.10790485 -0.04621946 -0.03256145 0.4324689 0.10464226 -0.099935226 0.43066224
109 -0.2947653 0.091909364 -0.008404964 -0.08293456 0.22648634 0.14192392 -0.19194743 0.18954831 0.10650124 0.37320426 -0.20877586 0.24219044 0.057120603 0.16533007 0.19349267 -0.38080376 0.12706076 -0.3868967 -0.050278194 -0.10178574 0.010604413 -0.41908392 0.096633196 -0.08946684 0.14877103 0.06066139 -0.08915966 -0.06684536 0.42589918 0.23461887 -0.07132877 0.50188386
74 -0.165562 -0.08473125 -0.18134487 0.011409321 -0.06546956 0.18329027 -0.18207048 -0.09336519 0.14016853 0.12195366 -0.08919696 0.3059392 0.10640964 -0.001526448 -0.061583273 -0.2650179 0.19071509 -0.38538146 0.0010915787 -0.00872383 -0.09011852 -0.32155934 0.19663548 -0.12296093 0.20392837 -0.010185173 0.17440914 -0.11142848 0.50580126 0.016445853 -0.071261175 0.5210939
56 -0.18795355 0.15529612 -0.021923142 -0.26554552 -0.014338642 0.14045277 -0.22893056 -0.027068088 0.12780291 0.27695265 -0.06954494 0.35683003 -0.026571508 -0.057940148 0.0010317618 -0.35990456 0.18121643 -0.38370684 -0.04351722 0.030963808 -0.047644988 -0.4450089 0.1818056 -0.0028476582 -0.0032516136 -0.078374624 0.07407215 0.034112994 0.37612772 0.20788117 -0.16874821 0.45886412
65 -0.22744267 0.13551392 -0.012554813 -0.17591156 0.18697208 0.12553868 -0.18759526 0.15606192 0.10785929 0.39415038 -0.16825421 0.32349965 0.03173774 0.1303652 0.18223517 -0.40576097 0.13815644 -0.39280504 -0.01899599 -0.06612724 -0.0010900754 -0.41450772 0.12052211 -0.081952974 0.096098624 0.044795573 -0.074921146 -0.063345484 0.43062127 0.23221798 -0.07690261 0.46432656
42 -0.18637316 0.14090869 -0.03767187 -0.29989797 -0.06988862 0.17981663 -0.2734532 -0.068317726 0.11305261 0.20738174 -0.0061226487 0.3832621 -0.01900266 -0.116306834 -0.087659165 -0.37542966 0.22548996 -0.35884452 -0.01566468 0.09864793 -0.051235754 -0.42025372 0.24513786 -0.009187299 -0.024578454 -0.10301989 0.14844708 0.04007511 0.36161724 0.1868749 -0.18479773 0.45330307
82 -0.15586247 -0.16803409 -0.23005441 0.06330536 -0.11270474 0.21882626 -0.09014142 -0.14712717 0.08720405 0.022836052 -0.121590495 0.33700582 0.16052727 0.037532203 -0.08948228 -0.23265179 0.2035562 -0.39837813 0.04966879 -0.031504735 -0.14084253 -0.3285603 0.18515778 -0.16276562 0.2669869 0.0068431045 0.17519575 -0.1496015 0.52777344 -0.0010688718 -0.005681406 0.5536303
34 -0.18228875 0.1075761 -0.026574409 -0.2740105 -0.0077944244 0.16496736 -0.23926347 -0.041006554 0.119528055 0.26139015 -0.047383152 0.35408506 0.006367743 -0.0629161 -0.021409556 -0.39317572 0.19760787 -0.34948918 -2.9565766e-05 0.043113645 -0.039788704 -0.4299665 0.18024871 -0.03335348 0.02365294 -0.06178896 0.09659602 0.029618323 0.36491022 0.18562606 -0.14664637 0.4423977
119 -0.20099105 0.07927824 -0.055181116 -0.14367956 0.11850671 0.16856346 -0.22315712 0.057006426 0.101974495 0.32302535 -0.16636495 0.30412418 0.042287443 0.09100071 0.066873044 -0.3509779 0.15449138 -0.36791974 -0.04915619 -0.064147115 -0.021102477 -0.42917997 0.13790482 -0.05638242 0.09949663 0.03834306 -0.020766504 -0.039263822 0.40682238 0.18004833 -0.06991459 0.4851574
100 -0.19832453 0.09084461 -0.020775184 -0.17218728 0.14302209 0.12578069 -0.22188377 0.08966612 0.09309306 0.35989767 -0.15890767 0.30653673 0.031804774 0.058047492 0.10815479 -0.40051076 0.17662224 -0.35931835 -0.019440148 -0.08520664 0.00010741843 -0.44403848 0.12891059 -0.038812723 0.08416998 0.034548037 -0.023055105 -0.033112653 0.40653864 0.22872734 -0.09876531 0.45594907
104 -0.10953026 0.036846947 -0.18097912 -0.23532344 -0.1073947 0.20873784 -0.254196 -0.08919346 0.05890125 0.1934942 -0.02858033 0.45795727 -0.004473918 -0.055967867 -0.16020395 -0.36790332 0.2237098 -0.2746834 0.05371601 -0.007334956 -0.08450167 -0.34324524 0.25096276 -0.058517817 0.009451835 0.029607931 0.04863874 -0.03026093 0.4112205 0.12377502 -0.1447179 0.43584228
111 -0.22722162 0.11340844 -0.02247383 -0.19076844 0.07593054 0.17434396 -0.23557675 0.06413293 0.09709024 0.30997044 -0.124740295 0.3214931 0.017519202 0.069151096 0.04131268 -0.40536037 0.15551324 -0.3637861 -0.03309287 -0.052977487 -0.033198852 -0.4243161 0.1805965 -0.028676944 0.057270166 0.051632967 -0.024623327 -0.0034190966 0.37516254 0.22779518 -0.099930875 0.44062525
92 -0.026798835 -0.059994288 -0.3355856 -0.1669952 -0.048950654 0.24830817 -0.19491541 -0.066148385 0.016660612 0.1635224 -0.09728554 0.50082195 -0.011248314 0.030270811 -0.1606077 -0.3332665 0.18602583 -0.27238107 0.08459209 -0.0992085 -0.119831674 -0.2970891 0.21412489 -0.13005243 0.04292542 0.18427302 -0.079892464 -0.08344014 0.4346483 0.05333497 -0.023389764 0.4228713
114 -0.1515301 -0.14485301 -0.21810906 0.0435732 -0.15887311 0.23614895 -0.104445465 -0.15575525 0.10033949 0.026634436 -0.10718502 0.34628293 0.11287953 0.005473475 -0.13053909 -0.25426358 0.20206739 -0.37967175 0.04257426 -0.0174127 -0.12478925 -0.32720885 0.24253815 -0.15803644 0.20490602 -0.005438253 0.21267946 -0.16316275 0.50059384 -0.04215759 -0.02202164 0.5214587
44 -0.16090058 0.07866104 -0.073311396 -0.27302563 -0.15857005 0.18311626 -0.22975221 -0.1572992 0.13117036 0.12004871 -0.03938886 0.38278034 -0.016693056 -0.12950213 -0.134447 -0.32005283 0.23507297 -0.33789575 0.004320512 0.0732398 -0.08066605 -0.41902328 0.27837443 -0.049083896 0.00069543766 -0.103956535 0.22454669 0.011767638 0.3988892 0.10295021 -0.19260597 0.4703064
86 -0.13460967 -0.092775345 -0.21144526 -0.007583857 -0.090549104 0.2032896 -0.14210583 -0.12222434 0.08096956 0.090737924 -0.10910458 0.36371619 0.09075757 0.013696112 -0.09863364 -0.2675717 0.19241965 -0.37193894 0.014209014 -0.053573657 -0.08548941 -0.32492298 0.20896049 -0.15300938 0.18777475 -0.0047054426 0.11080499 -0.1292031 0.48129234 0.034671977 -0.009527813 0.50543404
68 -0.19253634 -0.16187146 -0.18161541 0.096267395 -0.031041931 0.21825929 -0.12155883 -0.07213054 0.084128566 0.10881428 -0.17504025 0.30700922 0.13394901 0.05927758 -0.0024649315 -0.22561704 0.18824251 -0.40392855 0.0029699814 -0.07544398 -0.120408855 -0.2998824 0.17549849 -0.14773855 0.28028876 0.054510154 0.1273569 -0.15686217 0.5477773 0.00087053026 0.013975376 0.5699568
33 0.032440018 -0.006637229 -0.37934405 -0.31395143 -0.02013216 0.2574768 -0.2767781 -0.03030772 -0.03036897 0.2304572 -0.071497425 0.58192456 -0.070658706 0.024362627 -0.22163099 -0.36265585 0.18845703 -0.22412117 0.11473805 -0.118289456 -0.10432971 -0.29453638 0.19035777 -0.08449823 -0.061010163 0.25487688 -0.24318808 -0.0062068542 0.39069992 0.088602446 -0.09981447 0.3591877
107 -0.19757165 -0.18439752 -0.22725327 0.1568148 -0.08256287 0.1934953 -0.09948573 -0.094047934 0.09554545 0.09135333 -0.14956981 0.3112534 0.17248394 0.070580415 -0.058033947 -0.22064123 0.19164002 -0.4267781 0.02930107 -0.04768878 -0.13017397 -0.30857077 0.1958895 -0.17502615 0.3025131 0.03124603 0.1422767 -0.17556594 0.5364354 -0.0025784592 0.026164122 0.5709077
24 -0.23870763 -0.010695697 -0.048930615 0.0011079531 0.09892884 0.15802687 -0.15802014 0.0963569 0.12224651 0.252986 -0.18974467 0.26176703 0.1119429 0.1422475 0.14156784 -0.34511092 0.13363807 -0.39556864 -0.031894054 -0.09716405 -0.028282799 -0.37167028 0.10075121 -0.10382592 0.2201888 0.06899577 -0.0035674083 -0.08717661 0.47266257 0.14238437 -0.022762273 0.54181075
6 0.016200965 -0.07932367 -0.41768855 -0.22728121 -0.02646093 0.24987201 -0.24190302 -0.041821506 -0.040782392 0.22589032 -0.12538397 0.5654968 -0.012420523 0.057217542 -0.21844836 -0.33059168 0.20268051 -0.263271 0.1028229 -0.11828348 -0.11246732 -0.27780944 0.19523919 -0.1181411 0.015943231 0.25990295 -0.18326174 -0.081310995 0.4329717 0.042591337 -0.03736234 0.3477547
30 -0.21726115 0.05409143 -0.0697789 -0.12402373 -0.07602587 0.17248492 -0.20263296 -0.10697753 0.110252276 0.14841633 -0.086228244 0.31508216 0.061349187 -0.07195085 -0.06591384 -0.32395226 0.23371153 -0.3803626 -0.016608357 0.033647723 -0.068310566 -0.40998232 0.23786789 -0.06729981 0.08437913 -0.08978225 0.22526154 -0.026841227 0.4164515 0.14639024 -0.12149454 0.4780337
105 -0.15829735 0.061118454 -0.08556435 -0.19691625 -0.07307345 0.18414225 -0.24849074 -0.053134054 0.104090825 0.2248895 -0.062075485 0.3953005 0.0025672074 -0.03726853 -0.078808025 -0.36580265 0.21831985 -0.32832712 -0.004236201 -0.01186482 -0.05808619 -0.40428448 0.20829123 -0.039635696 0.02398892 -0.03162756 0.06649919 -0.00398952 0.3979542 0.16917333 -0.136394 0.4334529
4 -0.25621796 0.14557359 0.01708794 -0.19479506 0.1831172 0.12467488 -0.25281072 0.12031845 0.11466957 0.37642577 -0.15202208 0.2903506 0.036852833 0.07072216 0.14616348 -0.40992862 0.14741792 -0.36963546 -0.06816888 -0.062120397 -0.022881836 -0.44619283 0.11164283 -0.025005797 0.059365734 0.017608576 -0.032775167 -0.020930894 0.40427858 0.25236154 -0.09407529 0.4727846
99 -0.23633689 0.18739721 0.012641259 -0.24235103 0.17068271 0.11189481 -0.23907694 0.15053868 0.11704313 0.40058324 -0.1418721 0.3239372 0.0017200896 0.066446036 0.14615591 -0.4362969 0.1689311 -0.35278663 -0.034276545 -0.06065705 0.015228805 -0.42367083 0.13343264 -0.04506594 0.036060013 0.01790649 -0.0763321 -0.012623247 0.40753502 0.26262525 -0.122240245 0.44076055
11 -0.24904224 0.10785063 -0.011324788 -0.09900639 0.17524366 0.16161159 -0.1861297 0.1319806 0.14535643 0.3582509 -0.17846482 0.25501445 0.05781158 0.10102609 0.15492435 -0.3832615 0.15269199 -0.4054538 -0.0483316 -0.08167654 -0.0034033083 -0.41300824 0.08789845 -0.061456066 0.14586255 0.0278895 -0.03529209 -0.019322647 0.43220484 0.2115982 -0.0867892 0.5094603
31 0.06132574 -0.017340634 -0.380576 -0.2778313 -0.030122688 0.22853328 -0.2377911 -0.058204375 -0.024033235 0.2274895 -0.09537868 0.5852133 -0.06454801 0.033100203 -0.19479552 -0.3661891 0.17096244 -0.23919445 0.12894937 -0.11448781 -0.09365076 -0.31538656 0.20206136 -0.11631392 -0.032416694 0.24880362 -0.18233854 -0.06637472 0.41755968 0.09223974 -0.05630171 0.37133318
14 -0.05472972 0.025189936 -0.26992252 -0.3121601 0.008811686 0.23362836 -0.27901447 0.030765856 -0.015547494 0.2619152 -0.09198672 0.50023264 -0.032513816 0.023598846 -0.10569193 -0.38423654 0.16029581 -0.26718357 0.06952841 -0.09897521 -0.081061326 -0.34382406 0.18947451 -0.045870267 -0.034543376 0.19573633 -0.20295388 -0.019789571 0.3774594 0.12679838 -0.10501167 0.39784664
35 -0.1581951 -0.13396056 -0.22661018 0.035643812 -0.084898844 0.18238196 -0.120727316 -0.11554001 0.11639164 0.058039457 -0.12790017 0.3362766 0.11817415 0.013920449 -0.09367415 -0.23633084 0.20561102 -0.3813394 -0.0087987175 -0.06024051 -0.12163737 -0.32279372 0.20222522 -0.14441688 0.24270831 0.007222863 0.1761012 -0.14454682 0.5037259 -0.009891984 -0.00831016 0.5250712
128 -0.14770165 0.06910975 -0.08067548 -0.221889 -0.10261183 0.19420065 -0.23692733 -0.08565051 0.12630203 0.18262766 -0.054162435 0.39079022 -0.008691389 -0.05258591 -0.099295326 -0.35858956 0.22311263 -0.3437616 0.018157115 0.025863267 -0.05688689 -0.38995245 0.22350603 -0.051697552 0.009751495 -0.024770666 0.13205492 0.0074818493 0.40552774 0.12554774 -0.15305664 0.46177828
79 -0.19679253 0.096803784 -0.048690524 -0.24360375 -0.07057102 0.1887446 -0.228256 -0.048382666 0.12561908 0.24783482 -0.08449724 0.3591121 0.01835619 -0.073780626 -0.074412756 -0.3810177 0.20830348 -0.38215137 0.015663177 0.029866155 -0.051481083 -0.4022572 0.19384004 -0.010918012 0.010901787 -0.08225457 0.11425507 0.05034762 0.36267155 0.15751785 -0.19045025 0.44077903
90 -0.1806237 -0.08829254 -0.159119 0.003959174 -0.10850268 0.18109903 -0.11235533 -0.14666708 0.15634622 0.089376405 -0.10720445 0.31574613 0.10573934 0.003100643 -0.08825657 -0.26140875 0.22054033 -0.3765928 0.021783536 -0.0037650708 -0.09861845 -0.34800553 0.23626417 -0.1115923 0.19283389 -0.038590383 0.22756243 -0.109928854 0.48046175 0.007483503 -0.07084791 0.5446415
61 0.015622648 -0.013484913 -0.3744625 -0.27490368 -0.056159344 0.2521551 -0.27091768 -0.04676744 -0.05768213 0.2211354 -0.09145153 0.5669151 -0.054095306 0.010935958 -0.19852449 -0.3631579 0.1799295 -0.2348886 0.1126236 -0.102092266 -0.10809715 -0.3250722 0.1919828 -0.1099295 -0.052898474 0.19185929 -0.18608145 -0.06845484 0.39094597 0.097776435 -0.08852561 0.38726187
3 0.022765014 -0.032997664 -0.377006 -0.2799629 -0.05435289 0.24519835 -0.2574458 -0.06837674 -0.04601237 0.19104113 -0.09981712 0.56621224 -0.052116938 0.03238246 -0.24491048 -0.3618097 0.17516962 -0.24180563 0.12807666 -0.09228214 -0.1166748 -0.32989848 0.20640016 -0.09867803 -0.047936063 0.19980057 -0.15680572 -0.053776477 0.40905315 0.05034407 -0.08526345 0.3730923
36 -0.18845029 0.081973515 -0.0691327 -0.20022261 -0.045289595 0.19510502 -0.23124331 -0.021181084 0.09973701 0.20858654 -0.08798851 0.37128407 0.0060504824 -0.021281896 -0.039794125 -0.3432386 0.20139128 -0.37215906 -0.014735665 0.034722093 -0.05826765 -0.367733 0.19553171 -0.0439686 0.060230583 -0.026729811 0.084551625 0.013787723 0.4161619 0.1634793 -0.13450435 0.48704594
96 -0.17127977 0.020926837 -0.084867075 -0.121542946 -0.14383216 0.1854278 -0.17451018 -0.14640847 0.15552986 0.14554036 -0.05030163 0.36088192 0.032660596 -0.06729323 -0.1258089 -0.33120465 0.21652591 -0.36866367 0.03567993 0.044548262 -0.08724892 -0.37591568 0.2522189 -0.07150942 0.060703717 -0.078159496 0.24774383 -0.008249975 0.43657982 0.09441325 -0.16419384 0.47615555
95 -0.20640543 -0.09770007 -0.117205374 0.007985897 -0.073167965 0.19309856 -0.1235333 -0.08550393 0.10982725 0.09427789 -0.14322907 0.31093127 0.11921525 0.032289453 -0.024623472 -0.25375444 0.21583827 -0.4210521 0.0029099802 0.004845028 -0.069351204 -0.33344996 0.18577251 -0.15650609 0.2557085 -0.03823914 0.14901987 -0.13462572 0.4830418 0.045007832 -0.021849085 0.5719825
83 -0.14771797 -0.1982775 -0.23409279 0.13563414 -0.094577275 0.23011568 -0.07203369 -0.11295438 0.07553464 0.07084625 -0.16379549 0.34210548 0.14942193 0.07290982 -0.08587419 -0.2169461 0.18927003 -0.4052188 0.012999615 -0.07060918 -0.12743078 -0.27795288 0.19738172 -0.17881203 0.29069862 0.028519757 0.16448708 -0.20446238 0.54578143 -0.0392748 0.04471443 0.55635387
1 -0.022775488 -0.059779588 -0.2982967 -0.19849768 -0.05252657 0.24980684 -0.19853888 -0.07995633 0.03815593 0.16024233 -0.07375537 0.47795123 -0.021370575 -0.012504179 -0.16319019 -0.31608996 0.17768595 -0.31271145 0.08657075 -0.073199615 -0.12889825 -0.33385193 0.16818906 -0.08616347 0.03940825 0.13432248 -0.018044863 -0.07686585 0.45425397 0.026978137 -0.07903281 0.44523266
55 -0.24706943 0.12882559 0.02523466 -0.16958885 0.24024232 0.14514457 -0.22702421 0.21132413 0.109200634 0.39376372 -0.20029762 0.3045419 0.038078494 0.12897025 0.16814484 -0.42766267 0.14808206 -0.37123707 -0.060362216 -0.113233626 -0.006249607 -0.4176409 0.06681691 -0.05581764 0.12005393 0.08512827 -0.11419347 -0.023493178 0.4067741 0.24024105 -0.051191248 0.4860915
117 -0.16780564 -0.14902541 -0.21633725 0.13422586 -0.057261337 0.2076656 -0.085763454 -0.09222476 0.07166644 0.10722442 -0.2022733 0.29712054 0.15438628 0.071245044 -0.009819268 -0.24293242 0.17074148 -0.40551907 0.021731615 -0.083735235 -0.12021115 -0.28594396 0.17320575 -0.16102304 0.27630347 0.068427294 0.07585857 -0.17077945 0.5563425 -0.0051960126 0.019960502 0.5389126
127 -0.19218977 0.100405775 -0.04950087 -0.15693505 0.11810721 0.16999304 -0.22620204 0.10165141 0.108333364 0.31415516 -0.16216019 0.33033612 0.03375068 0.063102454 0.09711348 -0.37696946 0.1910575 -0.38073492 -0.014042458 -0.062955104 -0.02661639 -0.41454437 0.099156335 -0.04851655 0.1027842 0.018639581 -0.042438503 -0.01354013 0.4312169 0.20161712 -0.1104221 0.45232478
10 -0.22168683 -0.17078371 -0.17217003 0.077992104 -0.17217325 0.23734653 -0.083515935 -0.16532171 0.13421242 0.007175963 -0.12606841 0.29782978 0.15121755 -0.019257957 -0.099658914 -0.22953343 0.24018307 -0.4160784 0.020831814 -0.011077845 -0.114992686 -0.29194382 0.20603238 -0.14000437 0.28581855 -0.052703667 0.26384866 -0.15064122 0.5203787 -0.021604007 -0.032442145 0.5785285
89 -0.18281029 -0.16973297 -0.20170538 0.07943869 -0.18800658 0.22472648 -0.056925457 -0.2283198 0.11812048 -0.0155469375 -0.0894634 0.31596544 0.18026559 -0.022970825 -0.09950377 -0.21050568 0.22835037 -0.41931522 -0.004526276 0.01563307 -0.13208875 -0.29763815 0.24713427 -0.17386469 0.27908435 -0.093838274 0.32038882 -0.16869976 0.5227332 -0.06320881 -0.012987342 0.5865628
32 0.016964551 -0.08523022 -0.39834142 -0.2524545 -0.109358296 0.26025134 -0.25518638 -0.06954128 -0.0377266 0.15232861 -0.10807795 0.56823266 -0.036493253 0.018503636 -0.23442861 -0.33472458 0.20112221 -0.23772095 0.13901547 -0.119031414 -0.10449461 -0.29820913 0.2351496 -0.115348615 -0.019393904 0.20040031 -0.15659809 -0.075565495 0.4588366 0.016051572 -0.04760209 0.40500912
23 0.029853519 0.042867746 -0.3620078 -0.33581984 0.03959877 0.2482394 -0.33928496 0.05409476 -0.053171348 0.30675015 -0.101733215 0.5800956 -0.06949934 0.040422846 -0.15629724 -0.39774045 0.15114832 -0.23593648 0.07870565 -0.12352013 -0.073176414 -0.30632576 0.16351411 -0.079619795 -0.03723505 0.25880963 -0.298816 -0.03080673 0.3767653 0.11845514 -0.05699675 0.3480193
16 -0.22555117 0.07614588 -0.032595087 -0.103928484 0.10061611 0.16716912 -0.18660456 0.11210053 0.1009048 0.30859423 -0.17134574 0.2925821 0.06084588 0.086338766 0.1368527 -0.34368396 0.13847172 -0.39768493 -0.05543274 -0.05380031 -0.023873856 -0.36509892 0.10668842 -0.08736151 0.14995234 0.056892682 -0.028033735 -0.05720652 0.4401355 0.1844432 -0.057602562 0.5240081
85 -0.17567036 -0.11533073 -0.14152151 0.029436462 -0.065697044 0.20815952 -0.08607771 -0.09993097 0.116673596 0.10558391 -0.17180821 0.3155706 0.12393217 0.045555428 -0.022592079 -0.26938903 0.20127794 -0.40317568 0.033468388 -0.06950821 -0.10629451 -0.32479432 0.15662053 -0.16687146 0.27549866 0.03590183 0.17459059 -0.1581385 0.50439674 0.002194171 -0.02509823 0.5469303
27 -0.19193321 0.085055664 -0.05488612 -0.22203556 -0.16013704 0.17776424 -0.19952884 -0.17095642 0.14030841 0.13953625 -0.014789912 0.35620734 0.046865053 -0.12102868 -0.13103557 -0.32601488 0.20412986 -0.3608597 -0.022327838 0.1276868 -0.056474917 -0.40540066 0.2632186 -0.060397107 0.046734814 -0.16077211 0.25264922 0.040077936 0.40262872 0.10462222 -0.20797744 0.49037993
9 -0.025322238 -0.007833765 -0.28892633 -0.23954289 0.013860498 0.21737702 -0.23811463 -0.005056331 0.021592673 0.25597873 -0.090650775 0.47452396 -0.03926762 0.031524446 -0.15183787 -0.36998233 0.17386283 -0.2792619 0.094871424 -0.11220958 -0.0812579 -0.30934483 0.21242413 -0.08571685 0.00200822 0.18406175 -0.12895077 -0.040800445 0.43680274 0.0696871 -0.08623458 0.39027283
75 -0.18754674 -0.20954065 -0.24220625 0.14296384 -0.11275225 0.2384585 -0.108914204 -0.14839213 0.09580724 0.0150830075 -0.16502479 0.29943818 0.18228106 0.04685349 -0.09150885 -0.1861705 0.21821828 -0.43429852 0.018486358 -0.025559044 -0.10885331 -0.27788556 0.19693638 -0.1994141 0.31760612 0.0063269436 0.19735709 -0.2169104 0.5714686 -0.055884395 0.01617023 0.5756681
26 -0.16376545 0.06807963 -0.102627166 -0.22373563 -0.125237 0.19919415 -0.20552117 -0.13889039 0.15100774 0.14767118 -0.03949965 0.35426024 -0.003381951 -0.094008565 -0.14245375 -0.30926147 0.22453094 -0.36948237 0.023198863 0.08531358 -0.06301245 -0.41497964 0.22276872 -0.055709284 0.020500774 -0.09781342 0.20268534 -0.005803597 0.41186076 0.11002186 -0.19526117 0.49141052
112 -0.13270932 -0.118378386 -0.22614731 0.034836125 -0.078737035 0.21173847 -0.15278167 -0.11779443 0.0721781 0.13020535 -0.124086216 0.3654476 0.1063254 0.042502668 -0.104508325 -0.2632423 0.2175628 -0.34615147 0.038878083 -0.037608977 -0.110389754 -0.30873373 0.19487345 -0.15193787 0.17445491 0.062031064 0.09383691 -0.13092591 0.5029787 0.01049119 -0.03545024 0.502661
103 -0.19794132 0.0020111562 -0.077096924 -0.02343133 0.026042571 0.16998513 -0.15187949 0.009283852 0.12660007 0.199502 -0.15560433 0.30632877 0.08666543 0.057180323 0.076204024 -0.29358777 0.1994803 -0.420372 -0.02039766 -0.07153548 -0.050173055 -0.3607044 0.12752078 -0.1129337 0.21077603 0.011162494 0.040247623 -0.068066396 0.47739556 0.14530596 -0.035857815 0.50281674
12 0.013846527 -0.054960188 -0.35638952 -0.21892741 -0.11418963 0.23589532 -0.2604097 -0.11239735 0.013498919 0.1556201 -0.08391717 0.5541037 -0.017639333 -0.011125159 -0.22131605 -0.3266736 0.21504335 -0.27785718 0.12615505 -0.070353284 -0.124153495 -0.30274433 0.23755449 -0.0989666 -0.012538282 0.16771948 -0.08484796 -0.041775815 0.43123537 0.04966003 -0.084266946 0.3745895
22 -0.2396733 0.099395886 -0.010603845 -0.17761913 0.2374587 0.1582775 -0.21692725 0.20630288 0.09549261 0.3688254 -0.18850428 0.28590882 0.061535463 0.1584682 0.20207636 -0.432928 0.127844 -0.3654691 -0.02473984 -0.13705793 0.006525131 -0.4063898 0.07392813 -0.06417055 0.11562822 0.14347373 -0.17160274 -0.012106967 0.41019177 0.24632594 -0.06438387 0.49775907
37 -0.14886357 0.015155159 -0.13241792 -0.11189772 -0.14351317 0.21050756 -0.19796254 -0.14638044 0.0948819 0.1325746 -0.059143003 0.39811972 0.052086554 -0.07441516 -0.14416094 -0.29334363 0.22115391 -0.36130908 0.009016226 0.042092152 -0.114169545 -0.36548716 0.25239515 -0.04644186 0.10631125 -0.033298217 0.1731273 -0.028957715 0.40208372 0.09047518 -0.088959716 0.48941082
126 -0.04933522 0.04346711 -0.28800216 -0.27120507 -0.03565261 0.21737719 -0.27436203 -0.021664804 0.018340234 0.24623375 -0.08400841 0.4815941 -0.04286777 0.009913527 -0.14794435 -0.3423784 0.19839318 -0.28829083 0.073479794 -0.062723935 -0.077923305 -0.3549389 0.20551047 -0.062068865 -0.03684045 0.12159455 -0.07691918 -0.028083561 0.3884741 0.13055557 -0.10719228 0.38298234
94 -0.19410074 -0.077396 -0.108410254 0.053612 0.05242938 0.18034726 -0.13188694 -0.0007780413 0.10468773 0.1657294 -0.21407275 0.29776174 0.11557501 0.07737415 0.08683902 -0.27033627 0.18066724 -0.4135137 -0.037207425 -0.11592835 -0.082752004 -0.34961286 0.12695426 -0.12398993 0.25252202 0.050758384 0.05728745 -0.1406615 0.51439273 0.061882738 0.022568049 0.5290555
48 0.009937149 -0.002388905 -0.32863387 -0.33797976 -0.08510945 0.2525674 -0.27617988 -0.09902657 -0.010939257 0.18933354 -0.059296113 0.57579905 -0.098070815 -0.014013888 -0.23985763 -0.36180663 0.22303006 -0.2524413 0.12624809 -0.031904064 -0.118921995 -0.31892326 0.21749973 -0.054698944 -0.10108224 0.17432195 -0.10691263 0.0016012023 0.3803664 0.10860456 -0.11731415 0.3721883
19 -0.049864825 -0.019826919 -0.3390108 -0.20598853 -0.009725746 0.2482558 -0.2227622 -0.005026041 -0.0661044 0.21968837 -0.12993222 0.5350436 -0.012761095 0.06686932 -0.15536329 -0.3824516 0.16957802 -0.25260976 0.10405758 -0.11044583 -0.09104156 -0.29409924 0.18667403 -0.12187154 0.009904514 0.23961371 -0.18833472 -0.070341304 0.40435573 0.06751523 -0.024823999 0.40150467
53 -0.20246513 0.16989677 -0.03270023 -0.27926564 -0.032627955 0.14419563 -0.21073864 -0.0376936 0.116693184 0.25785565 -0.037661944 0.3441338 -0.021716015 -0.041390937 -0.02546955 -0.36273062 0.19343871 -0.37178573 0.016272271 0.057364807 -0.014759291 -0.44801104 0.20233357 -0.040287517 -0.0036635045 -0.07173001 0.101186946 0.051973704 0.3620297 0.19078615 -0.2052488 0.45267612
67 -0.2368974 0.08212831 0.00035665306 -0.121761 0.1053248 0.14408854 -0.16801162 0.071358345 0.16117236 0.31295386 -0.16181037 0.25285456 0.062994905 0.082074635 0.12003287 -0.3444251 0.1624442 -0.41298658 -0.0617715 -0.0138487 -0.026724894 -0.43979943 0.13898793 -0.0527904 0.13955694 -0.0007449292 0.035813205 -0.023181515 0.4250588 0.20778432 -0.09222359 0.512742
43 -0.15295541 0.02982857 -0.15835074 -0.21193932 -0.19512133 0.19758768 -0.24438617 -0.1757614 0.12875766 0.11547752 -0.04662016 0.39846534 0.025239045 -0.1390662 -0.20107836 -0.3142958 0.2603004 -0.32547852 0.03257768 0.08245459 -0.1063469 -0.39927468 0.25644413 -0.04555997 0.015279702 -0.09106098 0.22196065 -0.0014606001 0.40017658 0.10409362 -0.15238762 0.45750982
8 -0.040047925 -0.02294044 -0.3099367 -0.19685048 -0.061407614 0.19803004 -0.26115024 -0.073734574 -0.0035352672 0.20886293 -0.1322943 0.49421206 -0.029649824 -0.026093058 -0.16555466 -0.3246857 0.19177891 -0.27641818 0.04561724 -0.085685946 -0.08799812 -0.30769476 0.22961077 -0.08887486 0.010394205 0.1096258 -0.09099796 -0.08453156 0.4566976 0.08165164 -0.0732852 0.37646252
118 -0.25103956 0.09665731 -0.011807733 -0.13230468 0.11686003 0.1535425 -0.222249 0.081554875 0.117288336 0.3042957 -0.13061917 0.30162647 0.060167715 0.051420797 0.10999106 -0.37205258 0.16300279 -0.37521917 -0.029927501 -0.059789617 -0.021265198 -0.37839368 0.1440456 -0.07778188 0.105924554 0.023382224 0.011599913 -0.053881116 0.4214573 0.1972033 -0.09779028 0.48382258
41 -0.19488066 0.12336511 -0.017590819 -0.21322267 0.08468702 0.14962909 -0.2570894 0.0856845 0.08718049 0.35064214 -0.104743004 0.34313717 0.00478028 0.047760073 0.07009695 -0.38762766 0.15869856 -0.3684718 -0.051159337 -0.023361227 -0.03437601 -0.41215053 0.17009713 -0.06363793 0.03999004 0.0019154798 0.0042327424 -0.006840716 0.38660187 0.21993792 -0.12584211 0.44062623
40 -0.2177637 0.07419757 -0.036490716 -0.20721968 -0.09109212 0.18756187 -0.19264999 -0.09088605 0.14795133 0.17237192 -0.08974572 0.33165616 0.01676182 -0.07179348 -0.0665084 -0.32822323 0.21458234 -0.3978067 0.008595132 0.02120282 -0.073277004 -0.39684987 0.21664062 -0.04316978 0.081258126 -0.12017373 0.16262828 -0.023297517 0.40636536 0.12578036 -0.17685527 0.47976038
45 -0.15617311 -0.00470888 -0.11151058 -0.16516267 -0.08820048 0.19045661 -0.18348195 -0.10771682 0.12805344 0.15464216 -0.07351519 0.33835322 0.065241836 -0.048852634 -0.056544945 -0.34241095 0.212802 -0.35276055 0.009445504 0.010524111 -0.06919405 -0.39058912 0.18417643 -0.05210312 0.092900455 -0.023860672 0.13567019 -0.045440733 0.43128064 0.097412586 -0.09755275 0.48225564
60 -0.13498038 0.09750588 -0.083194144 -0.28977537 -0.036934227 0.1743709 -0.28926456 -0.023549883 0.06421806 0.26897207 -0.052461047 0.431263 -0.042382568 -0.050736163 -0.11545197 -0.39324844 0.19470975 -0.33591488 0.009605903 0.012488899 -0.030262891 -0.4125796 0.24306957 -0.010808099 -0.041997638 -0.008434037 0.032449957 0.0496403 0.32882568 0.16489023 -0.15845214 0.4184863
125 -0.022263082 -0.018491365 -0.3329554 -0.2621945 -0.057175245 0.22746664 -0.25524604 -0.02914324 -0.0054541123 0.19239457 -0.099617675 0.5461242 -0.032995727 -0.015760267 -0.18623641 -0.35062048 0.20000087 -0.29568362 0.11356024 -0.061365157 -0.106089294 -0.32370803 0.19710036 -0.084055014 -0.021497402 0.14386769 -0.11307857 -0.033200573 0.42189413 0.06834532 -0.09962031 0.3991235
