128 32
16 -0.32290444 -0.26000595 -0.04382945 0.08780631 -0.39302176 0.3329556 -0.11247766 -0.34702432 0.36574852 -0.027939973 -0.05271811 -0.017412396 -0.118293986 -0.03250887 -0.2645455 -0.1562205 0.30178875 -0.16845158 0.0128037445 -0.018728646 -0.024174806 -0.3531659 0.3937956 0.098445 -0.06387123 -0.11022773 -0.1436974 -0.03400541 0.030939667 -0.28816637 -0.044470344 -0.021926302
8 -0.38842025 -0.21146172 0.012302451 0.18189754 -0.44365278 0.39292634 -0.17256595 -0.44485724 0.30659282 -0.1250259 0.032568116 0.011457687 -0.019687014 0.020722099 -0.33232874 -0.07252604 0.39230368 -0.29568848 -0.05852032 0.13172804 -0.10379302 -0.43336555 0.2906086 0.039717667 -0.119574815 -0.08388553 -0.14898627 -0.09218978 -0.034754515 -0.22365244 -0.07457409 -0.010029338
36 -0.08843601 -0.30609843 -0.12663302 0.039435636 -0.3340469 0.32747427 -0.076921135 -0.22783293 0.5033466 0.04693233 -0.15476692 -0.13990162 -0.08645111 -0.0067610187 -0.12836884 -0.26991758 0.14445533 -0.0552593 0.19073729 -0.16371116 -0.01621848 -0.2639391 0.44463316 0.27008235 -0.12567717 -0.24750258 -0.26647055 0.079823285 0.2122063 -0.18747076 -0.027577845 0.06697198
90 -0.15668371 -0.2087175 -0.08272868 0.12591712 -0.34547976 0.3898232 -0.14843504 -0.34481403 0.43538168 -0.10235667 -0.03244451 -0.11758368 0.05580441 0.094224885 -0.23851211 -0.13454834 0.20864503 -0.21426754 0.0633713 0.053583622 -0.12840232 -0.38363895 0.2698346 0.16265911 -0.16558595 -0.18936989 -0.27959257 0.06090221 0.086893395 -0.16704027 -0.06911435 0.14973745
103 -0.049696654 -0.23309761 0.11378148 0.19777817 -0.22196984 0.19722593 -0.34006062 -0.42758322 0.48528314 -0.054688934 0.01891837 -0.04796395 -0.2875175 -0.01424521 -0.36865094 -0.026814094 0.1777914 0.10539838 0.064522065 0.08989828 -0.13008747 -0.38747758 0.35143313 0.19775665 -0.308492 -0.3395126 -0.26817217 0.045756392 0.079498224 0.021774394 -0.14586861 0.046658345
108 -0.13522772 -0.23213352 -0.06451789 0.079076715 -0.354715 0.20859785 -0.14309725 -0.25334358 0.44890967 -0.005713827 -0.121454105 -0.12579432 -0.19278792 -0.048275184 -0.21365388 -0.18750988 0.2008533 0.037656274 0.12687284 -0.069158815 -0.053141043 -0.31692713 0.4314506 0.25112355 -0.15962708 -0.28548506 -0.20334005 0.06863163 0.1853429 -0.1230751 -0.10211461 0.017661382
102 -0.2539154 -0.22801924 -0.054655947 0.15122446 -0.39274558 0.3255955 -0.16347708 -0.36775792 0.32609272 -0.100776 -0.035029966 -0.05028624 -0.056159902 -0.0010812449 -0.27086306 -0.1289968 0.28652763 -0.18309028 0.04953096 0.055902638 -0.104716286 -0.374194 0.34571663 0.13099371 -0.1163916 -0.13939743 -0.1846008 0.020101463 0.04152013 -0.18506326 -0.071330294 0.04760698
62 -0.14279239 -0.3283305 -0.18353416 -0.033622503 -0.34291002 0.24491327 -0.032465354 -0.14196074 0.46307358 0.09534939 -0.2024527 -0.17341933 -0.14230062 -0.08824535 -0.09308422 -0.3386003 0.18376005 0.014362816 0.21506907 -0.2834035 0.016888168 -0.23785278 0.6036931 0.30115318 -0.04731189 -0.24105217 -0.18621707 0.08455224 0.2454775 -0.2841247 -0.029868964 0.0020620602
81 -0.106305905 -0.2483828 -0.17228171 0.052150983 -0.38092986 0.38478854 -0.07706134 -0.19817646 0.4747743 0.005394792 -0.15357529 -0.13557343 0.01981439 0.021451686 -0.10917132 -0.2612764 0.15563609 -0.125595 0.1887784 -0.13079216 -0.07605563 -0.30693534 0.40254644 0.2951621 -0.06377547 -0.20243609 -0.2510438 0.09749095 0.22851565 -0.22392689 -0.045845073 0.087987036
127 -0.08723006 -0.21758236 0.105385564 0.1771414 -0.20096388 0.17437996 -0.3240817 -0.40636432 0.44873694 -0.0412661 0.0006815122 -0.055904187 -0.27744773 -0.039800055 -0.32640785 0.01573276 0.19862938 0.11046839 0.046755742 0.059045307 -0.12132213 -0.40223226 0.35973114 0.20034164 -0.27640334 -0.345293 -0.2403441 0.056056574 0.073077686 0.01769416 -0.14977835 0.014676995
4 -0.090590924 -0.24251978 0.04224674 0.13250165 -0.23860273 0.16130228 -0.26950657 -0.33645135 0.49388018 -0.011209391 -0.09263125 -0.08017317 -0.27115777 -0.05176283 -0.281359 -0.13415822 0.17465986 0.1434856 0.12922934 -0.036645476 -0.0631276 -0.33321646 0.46414948 0.21942343 -0.21334998 -0.33668506 -0.24204083 0.10315382 0.1702794 -0.041907005 -0.13291907 0.041491136
47 -0.21433482 -0.30616888 -0.17546117 -0.010911926 -0.39554057 0.3477035 -0.0058475733 -0.13275585 0.42594436 0.07823758 -0.19471163 -0.15370029 -0.07545587 -0.04408737 -0.05835793 -0.3149215 0.22037037 -0.07425539 0.20918055 -0.20418626 0.005855872 -0.22662687 0.5381808 0.31624854 -0.020753214 -0.18423985 -0.16343985 0.109331064 0.21413879 -0.2606027 -0.005870091 0.019448955
110 -0.07033753 -0.2614522 0.056328613 0.13799463 -0.2124535 0.12688771 -0.27922568 -0.3107942 0.5148921 -0.0027603705 -0.067166746 -0.08778753 -0.37092978 -0.10023749 -0.2859695 -0.11984768 0.15211512 0.13516273 0.13156739 -0.07624865 -0.053187624 -0.34748217 0.5028965 0.24259663 -0.25141963 -0.33727822 -0.2395206 0.06849326 0.12590444 -0.059829194 -0.12978664 -0.005341586
68 -0.114757575 -0.18784101 -0.0958415 0.1390097 -0.35980764 0.46162876 -0.13787164 -0.38396758 0.44010666 -0.11721149 -0.017796863 -0.12872174 0.1275589 0.10644909 -0.21346612 -0.08649867 0.16742906 -0.2800749 0.044597924 0.13131823 -0.17791782 -0.40215304 0.15429898 0.21598177 -0.16016787 -0.1872844 -0.3367108 0.05945132 0.08131665 -0.11729058 -0.030591222 0.18919113
121 0.0070764874 -0.15666853 -0.05106174 0.17832746 -0.26158577 0.36503598 -0.22086154 -0.37674758 0.51262146 -0.13607998 -0.02297178 -0.18382327 0.067858964 0.1283058 -0.22519873 -0.11630989 0.1230127 -0.08395391 0.14023459 0.14031184 -0.17539364 -0.40409926 0.19436678 0.26893625 -0.28297773 -0.26662904 -0.37833464 0.13778871 0.17415322 -0.0096643 -0.07531407 0.23080552
117 -0.036022823 -0.18880665 -0.011528411 0.16523269 -0.3050776 0.39832437 -0.20276298 -0.37889582 0.48536083 -0.10258233 -0.006172133 -0.13996857 0.06278463 0.1153138 -0.2643216 -0.0909701 0.14599398 -0.14997599 0.12794638 0.1225998 -0.16987513 -0.35980552 0.18465298 0.22904217 -0.21220444 -0.22319616 -0.33692414 0.09340085 0.12709446 -0.03833762 -0.09153648 0.18721622
30 -0.13931835 -0.2646949 -0.1375124 0.027598033 -0.38798195 0.29938307 -0.07404122 -0.20560901 0.48398077 -0.002186442 -0.1508957 -0.12381802 -0.10649971 -0.030091388 -0.14794172 -0.27843788 0.20441745 -0.030435223 0.18045123 -0.16181542 -0.01767929 -0.2630468 0.4831225 0.27775168 -0.09954671 -0.21660636 -0.21725781 0.07370248 0.21459201 -0.21837467 -0.021011744 0.03464819
61 -0.27328128 -0.28445375 -0.08221558 0.057367492 -0.4191823 0.40378484 -0.059670497 -0.28532746 0.39897054 -0.024544695 -0.09248393 -0.08982745 -0.01836386 0.0077092876 -0.17633168 -0.20306185 0.2880646 -0.17795779 0.10138198 -0.069307715 -0.033245414 -0.33627644 0.38548657 0.19902425 -0.05432078 -0.10590498 -0.1579278 0.009967162 0.095071234 -0.22760695 -0.01387152 0.03273559
12 -0.3787355 -0.24855483 -0.019087411 0.11989247 -0.40363225 0.40396565 -0.14909925 -0.38900188 0.33820343 -0.06436705 -0.0371168 -0.021145096 -0.060505275 0.005398124 -0.28581142 -0.09452466 0.35272387 -0.23380849 -0.036100693 0.04662049 -0.0821233 -0.4035023 0.31226718 0.07879496 -0.06469339 -0.07281416 -0.13000952 -0.067869924 -0.0063411347 -0.23912403 -0.098449335 -0.0016407795
28 -0.45065334 -0.2861711 -0.01793381 0.06934851 -0.456439 0.38429806 -0.0867924 -0.35899433 0.27391008 -0.06435534 -0.0376106 -0.0044530453 -0.09485994 -0.038634457 -0.2862473 -0.13537697 0.39390185 -0.21120119 -0.030700289 0.029466601 -0.01945815 -0.3730333 0.3871216 0.06275155 -0.035919666 -0.043084085 -0.057724364 -0.08099257 -0.013142417 -0.33447683 -0.046767455 -0.07524923
37 -0.17046797 -0.28605598 -0.14017792 0.055802703 -0.35566887 0.37364572 -0.031708788 -0.21249722 0.45455378 0.024288412 -0.16498187 -0.15159537 -0.08130959 -0.034419697 -0.123511784 -0.29398176 0.21032672 -0.11050141 0.17653112 -0.14062615 -0.0072809574 -0.2518381 0.4778147 0.2701976 -0.07679882 -0.21838102 -0.19455647 0.090162694 0.18301722 -0.24394292 0.003097773 0.065550424
113 -0.19085093 -0.22756797 0.13473506 0.22282436 -0.21216 0.16376211 -0.34803376 -0.42918625 0.45569634 -0.055903528 -0.016536584 -0.05095677 -0.3430399 -0.051229704 -0.37960097 -0.034684885 0.23044382 0.13257968 0.034640614 0.07605568 -0.075730756 -0.39318675 0.40928105 0.14562936 -0.26204973 -0.3116933 -0.18586083 0.033679493 0.058563713 -0.042469583 -0.19698226 -0.021357397
20 -0.046732605 -0.17149726 -0.03659833 0.22742823 -0.30136445 0.4256793 -0.21030623 -0.4349703 0.4452475 -0.1631659 0.023868896 -0.13808374 0.17815037 0.1724039 -0.23564531 -0.088482745 0.1384803 -0.24719587 0.07836199 0.19038366 -0.21327198 -0.40042853 0.11910959 0.19352075 -0.24457566 -0.22983898 -0.3590595 0.114171036 0.093571275 -0.0238131 -0.069954455 0.23552513
73 -0.43702823 -0.2926718 -0.023406027 0.074114434 -0.4332221 0.34486324 -0.1071551 -0.37343866 0.29585558 -0.047157235 -0.04563389 -0.013168258 -0.13162078 -0.07891504 -0.29497188 -0.12981655 0.39308822 -0.18755704 -0.012006348 0.027434228 -0.02350319 -0.39548865 0.38294607 0.1008937 -0.03658539 -0.07923556 -0.0489874 -0.09267017 -0.0072137835 -0.3075113 -0.043281604 -0.044027634
25 -0.46290037 -0.27635738 -0.011543 0.11193068 -0.4140626 0.37871623 -0.11948989 -0.39637804 0.2635646 -0.07127637 -0.042128064 0.017671112 -0.13204792 -0.03762554 -0.29954654 -0.104099505 0.39569768 -0.22428991 -0.04512945 0.0672307 -0.04500997 -0.39295247 0.39202356 0.055882383 -0.048978463 -0.07378463 -0.049849607 -0.087114826 -0.050179854 -0.3074888 -0.06659341 -0.06950647
58 -0.0385032 -0.24067041 0.07194966 0.119382516 -0.1823031 0.13535325 -0.2839987 -0.332757 0.49624798 -0.02539303 -0.06328137 -0.074575365 -0.311239 -0.062518865 -0.2982624 -0.1094221 0.11903667 0.16218263 0.11097899 -0.047524672 -0.059148014 -0.36126015 0.47360954 0.2197981 -0.25503972 -0.31590962 -0.23387246 0.098698236 0.13626496 -0.05503167 -0.16375937 0.03965775
63 -0.3937667 -0.26285148 -0.04382831 0.1022187 -0.43331638 0.38168657 -0.087866984 -0.34486353 0.2991928 -0.06815998 -0.016963089 -0.020985382 -0.046322387 -0.02758947 -0.28309846 -0.120194025 0.38958198 -0.24120785 -0.020455647 0.042194914 -0.070774496 -0.3804408 0.3647456 0.0840004 -0.07614748 -0.08304195 -0.12717031 -0.05166779 0.0014146878 -0.2803892 -0.030149816 -0.033930596
122 -0.10407452 -0.207665 -0.05424608 0.110309355 -0.30600557 0.38995352 -0.13306646 -0.31802496 0.4415491 -0.06430074 -0.019917732 -0.113167964 0.07093823 0.07557993 -0.21718717 -0.12408798 0.19488603 -0.19777006 0.09892112 0.06652324 -0.14333469 -0.37471434 0.25308552 0.21444787 -0.1630807 -0.20220825 -0.27915385 0.05783148 0.12151129 -0.12186535 -0.059645277 0.15157585
76 -0.043822255 -0.20720913 -0.091435626 0.11034726 -0.31711203 0.34653872 -0.1655519 -0.33948004 0.48406506 -0.08004432 -0.061083566 -0.16646522 0.07563244 0.10718313 -0.21650437 -0.12703718 0.14089207 -0.15253597 0.102988385 0.04782435 -0.15445639 -0.37353405 0.2583487 0.23565817 -0.18748039 -0.24840428 -0.33133093 0.10185953 0.15158887 -0.08014994 -0.059687886 0.16665034
116 -0.045697294 -0.24019828 0.09368053 0.15930116 -0.21303074 0.1589063 -0.32681245 -0.3377963 0.51473784 -0.010096233 -0.061794482 -0.05395348 -0.326926 -0.06758995 -0.2849714 -0.096270144 0.1335903 0.14658013 0.08506631 0.0016498648 -0.06646716 -0.35189107 0.43251845 0.20493117 -0.2882537 -0.3584321 -0.27897504 0.061572663 0.1194884 -0.024163151 -0.15225372 0.01244413
22 -0.040321928 -0.19679981 0.1453929 0.22571574 -0.18058568 0.13739188 -0.35104758 -0.38754237 0.5112794 -0.027809488 -0.031524718 -0.062754415 -0.36783597 -0.073461436 -0.3411813 -0.03032295 0.1515416 0.20790832 0.10132623 0.03764222 -0.11144583 -0.37220004 0.43187854 0.21364924 -0.30188662 -0.38969335 -0.28169987 0.09077686 0.10589245 0.046092924 -0.19696108 0.027950179
56 -0.12740484 -0.30568576 -0.22889175 -0.03367495 -0.3965645 0.34363282 0.027218468 -0.12549262 0.48950595 0.05846484 -0.2033958 -0.17688069 -0.02569957 -0.011453232 -0.01657557 -0.38095587 0.17046256 -0.06332073 0.24637718 -0.27164972 0.0052519334 -0.2505808 0.5209795 0.33306062 -0.02981994 -0.20592682 -0.2077522 0.1027564 0.2763484 -0.29180905 -0.0074191075 0.053196322
109 -0.15123914 -0.22272635 0.07025153 0.17064433 -0.23218979 0.20854226 -0.29925358 -0.38721147 0.4594085 -0.044737592 -0.014448337 -0.054938722 -0.23545033 -0.033854518 -0.32138714 -0.038966294 0.18796399 0.05106199 0.02617475 0.021960197 -0.06811731 -0.3832871 0.40623465 0.13349274 -0.25353712 -0.2659023 -0.25044712 0.02288529 0.053008493 -0.06519226 -0.14535342 0.0045627966
72 -0.07295012 -0.19931243 0.0003247651 0.17319958 -0.30007344 0.3447007 -0.18936566 -0.35030684 0.4391478 -0.0979813 -0.016834944 -0.097073734 -0.0328925 0.06762096 -0.2653711 -0.11273389 0.17529623 -0.11656305 0.094016574 0.08513816 -0.1494753 -0.3715196 0.26520255 0.2555938 -0.21797416 -0.24230365 -0.29688802 0.10896457 0.12875907 -0.053533025 -0.0636116 0.13555166
79 -0.34739998 -0.23162422 0.052576836 0.17378108 -0.33166787 0.33668113 -0.22800058 -0.41958636 0.32521173 -0.09350824 -0.0011841865 -0.038921893 -0.1188666 -0.02040937 -0.34812513 -0.069172285 0.31986314 -0.1764322 -0.014500431 0.15941867 -0.10121475 -0.4131136 0.3209532 0.06656286 -0.16270617 -0.0961895 -0.106975585 -0.04044107 -0.038303293 -0.23035848 -0.12251592 0.0064496994
35 -0.06777392 -0.18319559 -0.042795092 0.16936684 -0.32367378 0.48473173 -0.16529699 -0.41162816 0.4609702 -0.13025479 0.02613683 -0.08676931 0.16371584 0.14360212 -0.23822264 -0.06688402 0.17160906 -0.27747998 0.053785 0.13978562 -0.21535893 -0.41744274 0.1538059 0.17335412 -0.21053845 -0.20645218 -0.3729864 0.060860995 0.072786674 -0.07565399 -0.061865047 0.20028624
97 -0.10834844 -0.20878479 0.081476636 0.17664127 -0.23506099 0.15068759 -0.3148146 -0.3450695 0.48293126 -0.04387702 -0.048595056 -0.09555109 -0.28040367 -0.03991012 -0.28572187 -0.09419349 0.1847803 0.09789964 0.095288314 0.023097666 -0.075276084 -0.3630588 0.40735665 0.21132916 -0.24689612 -0.29552114 -0.23927023 0.051454615 0.11599455 -0.066371016 -0.16996042 0.027059458
38 -0.28435743 -0.24405044 0.010229141 0.12239 -0.33462325 0.2951481 -0.17022063 -0.3542174 0.36037776 -0.049912866 -0.025558386 -0.03203226 -0.16550715 -0.027786924 -0.28765506 -0.14427596 0.29583934 -0.08512621 0.053238653 0.029016212 -0.060503848 -0.34105897 0.38427392 0.13711414 -0.12943673 -0.17074028 -0.15313666 -0.010906476 0.038122546 -0.2151459 -0.083736144 0.008979552
57 -0.08694448 -0.17303887 -0.054746196 0.16464806 -0.32922208 0.46842492 -0.16658679 -0.43372187 0.4543046 -0.17446528 0.02958489 -0.14365643 0.1726275 0.15521657 -0.2549984 -0.07357614 0.16672347 -0.31126276 0.07985575 0.18915282 -0.21125385 -0.3977844 0.13713363 0.21980564 -0.2018293 -0.18911263 -0.3473936 0.10905916 0.06758764 -0.08687034 -0.03599989 0.22743544
96 -0.14237615 -0.261335 -0.16855805 0.013812764 -0.39378422 0.42165896 -0.01485257 -0.17431572 0.43658465 0.022462057 -0.13988696 -0.18478318 0.038731094 -0.004416338 -0.095098324 -0.29624823 0.18845986 -0.17015953 0.19079252 -0.13202791 -0.06164377 -0.25100634 0.36060077 0.26323327 -0.06935975 -0.19832505 -0.26649097 0.08977015 0.21923095 -0.21852838 0.008296445 0.12142361
2 -0.14824505 -0.30220225 -0.16269988 0.00472215 -0.36701456 0.28884444 -0.04553701 -0.14819676 0.46520773 0.088648245 -0.18290095 -0.16643943 -0.14487812 -0.052244168 -0.064402744 -0.31709263 0.17260809 0.010592588 0.24656689 -0.24474627 0.02779091 -0.23639564 0.5531019 0.32855627 -0.03862341 -0.24806416 -0.20677522 0.111934505 0.2658245 -0.2514572 -0.047228687 0.0063803513
45 -0.14268151 -0.28389546 -0.14739612 0.0146082295 -0.37998998 0.30268607 -0.047970243 -0.18950224 0.45148078 0.048419617 -0.16849954 -0.15443836 -0.15156741 -0.053691864 -0.14070898 -0.3006711 0.18192154 -0.029835954 0.18134826 -0.19849725 -0.012629092 -0.24114716 0.51859945 0.28851795 -0.08503468 -0.21791494 -0.21290882 0.077369764 0.21725364 -0.22198856 -0.046723865 0.010206851
118 -0.07808806 -0.20992942 0.11895532 0.17419931 -0.21715628 0.109328866 -0.35838038 -0.4105495 0.49575347 -0.0502426 -0.027186085 -0.055249214 -0.37312877 -0.06404438 -0.37690338 -0.019690324 0.15042697 0.20290385 0.07294323 0.04504512 -0.08888192 -0.40096584 0.41833782 0.19962981 -0.27529356 -0.3895741 -0.24844374 0.068505146 0.07392487 0.008911942 -0.18592958 -0.007935869
123 -0.088561445 -0.23553117 0.05589136 0.1418492 -0.22216156 0.100778244 -0.27262154 -0.29948074 0.4624445 -0.031088447 -0.0670357 -0.07393265 -0.32998264 -0.08556453 -0.25298223 -0.11575769 0.17201474 0.124482565 0.09741657 -0.053114712 -0.040597927 -0.34783912 0.4837 0.24591628 -0.24326286 -0.3389858 -0.21251874 0.06651769 0.12467772 -0.061688032 -0.14544393 -0.008835299
27 -0.10498734 -0.26453006 -0.1730127 0.02366987 -0.3766376 0.38863555 -0.001246124 -0.16715305 0.49259982 0.010397973 -0.1537681 -0.18390492 0.051705528 0.03642307 -0.083750166 -0.2985054 0.19546749 -0.13374403 0.2301023 -0.15411437 -0.05682058 -0.28031948 0.42134753 0.3133017 -0.05490572 -0.18851641 -0.2511647 0.09894846 0.25651756 -0.22991069 -0.019010724 0.09855026
92 -0.39012408 -0.27932224 -0.048222084 0.078810826 -0.41276532 0.3680907 -0.097106904 -0.34850663 0.31637257 -0.034697656 -0.068705484 -0.0033021625 -0.109606646 -0.037756603 -0.2418275 -0.1700429 0.3615605 -0.18305549 -0.0077489587 -0.03183265 -0.043948676 -0.34678257 0.42549387 0.078519404 -0.07290519 -0.08147591 -0.10209624 -0.043190233 0.013656179 -0.28166342 -0.048788458 -0.027982766
11 -0.0287826 -0.23825908 0.10925933 0.16281974 -0.19043157 0.071457304 -0.34929314 -0.3379867 0.50735766 0.016174572 -0.0630603 -0.093954 -0.3987496 -0.06642015 -0.29193032 -0.08852587 0.122023635 0.25679308 0.13847071 -0.01920292 -0.074653864 -0.34198552 0.45183977 0.2605232 -0.29279146 -0.38238794 -0.27601716 0.07875995 0.16394015 0.028964836 -0.18611103 0.019510195
1 -0.43225023 -0.25618127 -0.065679625 0.09681748 -0.44817 0.40997523 -0.05979678 -0.36559078 0.26840153 -0.06101448 -0.038125608 -0.0005636967 -0.028316336 -0.03302041 -0.2688651 -0.1356367 0.40293473 -0.2722815 -0.035832893 0.059685495 -0.04613098 -0.3986799 0.35295513 0.07152584 -0.014850959 -0.01380427 -0.05541219 -0.06909283 -0.03129388 -0.37254617 -0.053394504 -0.040377904
93 0.050528668 -0.20809409 -0.057203744 0.11756887 -0.3329543 0.41286224 -0.19332764 -0.31245476 0.5405962 -0.055706903 -0.062045936 -0.16416864 0.06936823 0.10333197 -0.18414813 -0.14673465 0.08300242 -0.13541174 0.18132873 0.03826133 -0.14018182 -0.33469102 0.2410176 0.28632113 -0.21116176 -0.29317936 -0.39087397 0.1050129 0.21048751 -0.03394214 -0.06334481 0.18123622
124 -0.1167561 -0.2344019 0.06950838 0.15997311 -0.29311526 0.23342949 -0.27491063 -0.3705433 0.43523073 -0.043160193 -0.020107482 -0.06890356 -0.23132716 -0.023152458 -0.2943303 -0.06602185 0.22003697 0.022007888 0.08041086 0.04417282 -0.088107966 -0.37929043 0.374578 0.21346426 -0.2470564 -0.3034395 -0.23244582 0.042668186 0.11630706 -0.06811467 -0.14163408 0.022936532
80 -0.008676202 -0.16452542 -0.062443778 0.17274855 -0.34660766 0.52710307 -0.16519107 -0.41121158 0.47684407 -0.11631827 -0.01291515 -0.12486693 0.18344358 0.17323194 -0.21472855 -0.08125871 0.12056488 -0.29127154 0.06406219 0.15523691 -0.2302172 -0.39748436 0.08133655 0.22679001 -0.20076714 -0.21339728 -0.4245702 0.11393112 0.10757419 -0.004576156 -0.029322317 0.25674084
86 -0.032575347 -0.18280938 -0.02733316 0.1864122 -0.2875211 0.39841524 -0.20266551 -0.42559442 0.4481423 -0.12990658 0.006701147 -0.14507008 0.099538036 0.13543189 -0.24514607 -0.095593676 0.1551551 -0.16074546 0.10182907 0.13023612 -0.19221665 -0.38860878 0.1839474 0.23781529 -0.23597245 -0.23726611 -0.35702956 0.1107535 0.11462257 -0.041914716 -0.09695297 0.21486266
125 -0.4105688 -0.25358313 -0.033502705 0.14655612 -0.42595515 0.44866145 -0.08848772 -0.4025632 0.2982673 -0.08755266 0.019186746 -0.0040379176 0.0003361934 0.024518983 -0.2924725 -0.07941085 0.3822701 -0.30817178 -0.036435254 0.068396136 -0.09997612 -0.41893244 0.32370594 0.050307244 -0.058510788 -0.049655825 -0.11784764 -0.07211679 -0.033029366 -0.29220185 -0.04393731 -0.01362517
14 -0.40505525 -0.24714193 -0.05414577 0.11591922 -0.46541268 0.42286927 -0.090840496 -0.3932439 0.29689303 -0.1087248 0.007441454 -0.0061550355 0.036241 0.02990476 -0.2838653 -0.114415355 0.40223503 -0.32450944 -0.051036574 0.11568388 -0.097462945 -0.430717 0.29403165 0.066684164 -0.083535306 -0.033511274 -0.11839616 -0.051725205 -0.015693547 -0.29098275 -0.031285495 0.021964604
119 -0.17959982 -0.27141207 0.07884413 0.12910068 -0.2503777 0.08011691 -0.29306835 -0.32468888 0.44369695 0.00046496917 -0.05443044 -0.022556588 -0.423691 -0.10366738 -0.3518041 -0.07462681 0.25392252 0.1906569 0.07815102 -0.02900651 -0.031209016 -0.35784537 0.5351554 0.17988624 -0.21242554 -0.30467147 -0.13952065 0.016437238 0.07477311 -0.11298824 -0.14287394 -0.11262491
69 -0.09421658 -0.2634108 -0.1848024 0.0041954224 -0.37392482 0.41247573 0.0024938982 -0.16185245 0.4794355 0.051327612 -0.14851432 -0.18896733 0.05893594 0.020806069 -0.070806816 -0.30044553 0.17154197 -0.13014658 0.22737455 -0.15701082 -0.06789621 -0.25881672 0.40334436 0.30067235 -0.07185126 -0.19097684 -0.26561728 0.13359495 0.27217942 -0.20007199 -0.019447843 0.11966958
31 -0.34258524 -0.27515388 -0.032923386 0.13927315 -0.3986707 0.37436908 -0.11630197 -0.3694519 0.31835327 -0.09478209 -0.0088407975 -0.050054606 -0.06804714 -0.019929428 -0.27001894 -0.11746652 0.34384733 -0.196484 -0.00029056653 0.026545778 -0.077647135 -0.40256563 0.37678015 0.091530584 -0.1181152 -0.084678255 -0.13239917 -0.038291708 0.008406316 -0.2806366 -0.06059697 -0.010468647
105 -0.08414035 -0.3140973 -0.16344342 -0.025617376 -0.38076165 0.23526601 -0.06916653 -0.12939583 0.5124934 0.08004038 -0.22686583 -0.15801984 -0.16999906 -0.06110334 -0.08846724 -0.3471401 0.14482911 0.038973913 0.23073584 -0.25741342 0.04382176 -0.23755176 0.58962965 0.30599692 -0.076609105 -0.236725 -0.21270627 0.098759964 0.28836814 -0.2551433 -0.03733861 0.014691673
29 -0.27815896 -0.20899323 -0.021192078 0.12678462 -0.34465456 0.35471097 -0.14155054 -0.37104556 0.37385935 -0.087494485 -0.039368648 -0.05837759 -0.06582325 0.022620859 -0.26453948 -0.113611534 0.28590664 -0.19239587 0.039092604 0.072872944 -0.082514785 -0.3866136 0.3336354 0.15846594 -0.11836384 -0.20015585 -0.18696387 0.0073224823 0.052509096 -0.2091562 -0.08651704 0.044755895
9 -0.39816722 -0.2786301 -0.025418662 0.107606836 -0.3870869 0.32280433 -0.12749328 -0.33954382 0.30757657 -0.03136723 -0.062313043 -0.010149072 -0.16981041 -0.066592224 -0.26332542 -0.16562018 0.37146607 -0.16006245 0.026883395 -0.0116985105 -0.018250775 -0.35326704 0.4506692 0.101561755 -0.06429838 -0.10172394 -0.07943679 -0.03700791 0.021998538 -0.30994 -0.053841554 -0.057208426
42 -0.15204334 -0.3283665 -0.23294549 -0.063747995 -0.4400666 0.35680586 0.04712611 -0.114613526 0.47854888 0.08565519 -0.21229671 -0.18762778 -0.016401261 -0.030645056 -0.039961226 -0.3741719 0.20770882 -0.09717626 0.26225635 -0.2873867 0.013713999 -0.19800234 0.5242554 0.32062414 0.004447911 -0.13732868 -0.21093887 0.1052205 0.29416245 -0.2830936 -0.006391411 0.035288293
53 -0.08165116 -0.3123539 -0.17388391 -0.016745368 -0.38574162 0.2643614 -0.050831515 -0.14156114 0.5326058 0.05063474 -0.20330437 -0.17038046 -0.08754168 -0.0423296 -0.0673911 -0.34849122 0.126254 0.004189058 0.2448133 -0.26589847 0.027359007 -0.23190421 0.5280533 0.35391107 -0.0679219 -0.27690592 -0.24655707 0.14823127 0.29390907 -0.2343509 -0.037725292 0.059795093
91 -0.068684325 -0.20602855 0.083675176 0.22283837 -0.20855083 0.24597202 -0.3266274 -0.4397064 0.4688303 -0.099882156 -0.0035160417 -0.06698803 -0.20245263 0.013615837 -0.33944038 -0.012232485 0.14146866 0.019233389 0.062941305 0.12416355 -0.15598157 -0.42082834 0.2909566 0.15717028 -0.29547003 -0.3148181 -0.29106727 0.050850946 0.062303595 0.049603436 -0.17885037 0.06922775
23 -0.41111627 -0.26508707 -0.038544696 0.059373613 -0.4295208 0.29801467 -0.08951271 -0.3074905 0.32797834 -0.018250385 -0.08828247 -0.04380534 -0.1692851 -0.0722211 -0.26170263 -0.18624462 0.35837135 -0.12066859 0.046319332 -0.03806305 -0.0035440603 -0.352702 0.49235225 0.11182195 -0.06324713 -0.08831203 -0.0610383 -0.059417322 0.050445028 -0.2974758 -0.066991895 -0.10070282
34 -0.21977934 -0.27590093 -0.13747339 -0.0020026516 -0.37449136 0.3485631 -0.00016321574 -0.20401256 0.420233 0.026718551 -0.15196526 -0.12233437 -0.039898712 -0.023908984 -0.11209578 -0.27546293 0.22239731 -0.12117691 0.1438695 -0.16393149 -0.0029429276 -0.28713387 0.44649664 0.2435325 -0.048741147 -0.1632417 -0.18075867 0.023117589 0.19458027 -0.27986592 -0.017469965 0.025300426
78 -0.15030846 -0.2950566 -0.14205079 -0.001962211 -0.3934336 0.32647303 -0.058533072 -0.16694954 0.5007127 0.060553506 -0.18259722 -0.14752056 -0.07836997 -0.018376874 -0.10292195 -0.3118735 0.19293216 -0.06913712 0.2059316 -0.20909749 -0.016175477 -0.2523153 0.50181335 0.29232323 -0.06486547 -0.19758213 -0.20316994 0.115880296 0.23040996 -0.23050958 -0.030462697 0.054597605
126 -0.15986207 -0.22529851 0.12382729 0.17793898 -0.22062038 0.1563509 -0.33369538 -0.37963232 0.4406675 -0.023266401 -0.02959511 -0.027916795 -0.3384761 -0.06996993 -0.34728053 -0.04610437 0.18387023 0.15136941 0.061512757 0.037297674 -0.07937092 -0.36569577 0.4437689 0.17630753 -0.24051346 -0.3168472 -0.20651731 0.05706592 0.07124226 -0.059748124 -0.19484718 -0.040131245
65 -0.008672698 -0.21400905 0.11505796 0.19680072 -0.16696933 0.12071821 -0.348849 -0.41102096 0.48834226 -0.048558936 -0.017275775 -0.088793255 -0.32486182 -0.01979996 -0.33283523 -0.028342316 0.11713888 0.14960715 0.07604007 0.051350474 -0.11508845 -0.3856203 0.3905233 0.19848303 -0.2941288 -0.3738349 -0.3142096 0.089131884 0.109656 0.05752758 -0.1706933 0.062424354
17 -0.2898014 -0.26575828 0.041836437 0.13294072 -0.30619416 0.23596428 -0.22600995 -0.38188386 0.35332868 -0.029187573 -0.034759473 -0.027443435 -0.25151995 -0.07536807 -0.32146898 -0.090066195 0.29395124 -0.03366872 0.022161575 -0.005043432 -0.028440801 -0.3922414 0.43962455 0.093609944 -0.15215348 -0.18460132 -0.106440246 -0.030532788 0.02253672 -0.2181102 -0.13683255 -0.06806222
100 -0.08786771 -0.23262778 0.12255796 0.20941214 -0.22414611 0.14744946 -0.35051128 -0.40556523 0.45405853 -0.06780457 -0.00927332 -0.045516487 -0.30944273 -0.06796079 -0.37654027 -0.0102656735 0.20839779 0.10394899 0.07055757 0.047344435 -0.09088909 -0.37829825 0.39654252 0.18563244 -0.25577763 -0.27689707 -0.19542827 0.025314398 0.065333545 -0.050158396 -0.17960304 -0.0031464566
75 -0.10246316 -0.201803 -0.030651266 0.17950542 -0.35422412 0.38652587 -0.2125321 -0.4111737 0.46329057 -0.12185236 0.009231493 -0.11887081 0.08302237 0.11004029 -0.27235582 -0.10266681 0.18398924 -0.17255606 0.07471631 0.1480489 -0.19493169 -0.41225463 0.21458212 0.21230645 -0.2442237 -0.23728672 -0.34999722 0.092139654 0.11667456 -0.04256189 -0.07548828 0.18667887
104 0.011994307 -0.16953352 -0.0084305005 0.20933332 -0.3122699 0.45953283 -0.22997752 -0.41608784 0.49494204 -0.14494629 0.033579174 -0.121170074 0.1434972 0.16123922 -0.25842777 -0.06255294 0.119379014 -0.22099942 0.11476767 0.16674173 -0.21355437 -0.40741825 0.09203883 0.2176557 -0.24239607 -0.25041386 -0.41269642 0.10925504 0.1019925 0.00574345 -0.06906169 0.22982131
51 -0.15020207 -0.32130575 -0.17448597 -0.018530004 -0.35232598 0.23442714 -0.04150428 -0.13711281 0.4953011 0.049279086 -0.2282578 -0.14948 -0.14322661 -0.06184418 -0.104891285 -0.33494267 0.19687417 0.00059721695 0.21922828 -0.26974815 0.030164262 -0.20399503 0.60178757 0.32371858 -0.057258353 -0.23925175 -0.16108942 0.09248655 0.27412185 -0.2676082 -0.04618577 -0.008619692
83 -0.061971027 -0.18042621 -0.052344117 0.17422692 -0.29268923 0.36879405 -0.20034117 -0.39325312 0.4770739 -0.14033803 -0.017874368 -0.13021871 0.06556062 0.12905206 -0.24965073 -0.114193015 0.13868742 -0.15627924 0.059810292 0.13022853 -0.15722455 -0.4071707 0.2192782 0.2079228 -0.25102878 -0.24987441 -0.36051014 0.10317257 0.11433903 -0.062912196 -0.040269174 0.18899743
87 -0.08214436 -0.20745471 0.1223981 0.19097191 -0.21867223 0.14840475 -0.3664637 -0.4464108 0.49090147 -0.087692305 0.023730313 -0.04754434 -0.30523914 -0.03244884 -0.38380814 -0.0016933652 0.15359065 0.10830022 0.077514075 0.07549454 -0.14007297 -0.39676592 0.3778277 0.16767967 -0.27837798 -0.32935694 -0.2707839 0.08239297 0.053712882 0.020053659 -0.18966869 0.0033342617
26 -0.1104363 -0.2207758 0.09055883 0.16858459 -0.2130576 0.20525825 -0.3092784 -0.4148615 0.46024755 -0.039387926 0.0034357272 -0.06637081 -0.27244216 -0.049273223 -0.33367604 -0.053541373 0.15542692 0.068631835 0.05386658 0.032103818 -0.097267315 -0.4093057 0.35615674 0.13515857 -0.24333614 -0.3195487 -0.2656658 0.043644857 0.06494203 -0.056896158 -0.14080377 0.03961457
82 -0.062638335 -0.14687616 -0.048319235 0.1902298 -0.3413986 0.5604898 -0.18602212 -0.46008384 0.43606153 -0.1969176 0.028330028 -0.11637534 0.26406747 0.17990799 -0.282233 -0.057530805 0.18072782 -0.36645558 0.04451237 0.22536597 -0.2388303 -0.4558268 0.029550027 0.16235758 -0.20687608 -0.17617686 -0.39852569 0.047997214 0.056648422 -0.033862118 -0.057179805 0.2697622
64 -0.061384667 -0.18523549 0.00014358546 0.1826937 -0.30913115 0.49001995 -0.20842722 -0.38590547 0.47513944 -0.11183115 0.016048452 -0.116039224 0.113087215 0.11673958 -0.27897564 -0.06344749 0.17903845 -0.23257023 0.09405007 0.14469166 -0.19886842 -0.415121 0.1763357 0.17066713 -0.21350904 -0.23571347 -0.33513838 0.03130338 0.083542 -0.054169923 -0.090416215 0.1872554
98 -0.14453359 -0.29810458 -0.1968731 6.2667736e-05 -0.42267662 0.3665189 -0.009397672 -0.16371769 0.45003596 0.06383808 -0.16218509 -0.12757862 -0.059506502 -0.039968394 -0.106435925 -0.3167112 0.21759412 -0.083214276 0.19700617 -0.19261572 -0.021676518 -0.22276354 0.4912626 0.29574957 -0.07757512 -0.16954525 -0.22142331 0.07075378 0.24392138 -0.25004995 0.026983166 0.04287092
21 -0.2984427 -0.22351937 -0.01769278 0.120312564 -0.36921087 0.28435156 -0.13819273 -0.35458437 0.34299725 -0.051370792 -0.04652903 -0.04405669 -0.1511696 -0.030608302 -0.29123497 -0.0827198 0.32875827 -0.13001947 0.019015836 0.034781754 -0.09136775 -0.38155767 0.38137835 0.12564315 -0.13174272 -0.16825686 -0.13859387 -0.018995978 0.026297698 -0.18760934 -0.09299159 -0.025607234
41 -0.048542675 -0.23650469 0.091270015 0.18195026 -0.18857695 0.15017979 -0.30552465 -0.33528516 0.48557183 -0.013740618 -0.06891373 -0.067462236 -0.34264183 -0.057129998 -0.31120834 -0.06368376 0.12685974 0.17294069 0.088041924 -0.03415135 -0.08959628 -0.34109896 0.45148396 0.21592513 -0.25112483 -0.36281952 -0.25832564 0.07409462 0.14557375 -0.017843839 -0.17823021 0.019982217
19 -0.29173654 -0.23566276 -0.017491007 0.10551424 -0.3892275 0.32306933 -0.15862024 -0.3564012 0.35317272 -0.055223454 -0.028347263 -0.050834175 -0.117131285 -0.019782234 -0.28663546 -0.09491195 0.30644703 -0.16289271 0.03515668 0.058367606 -0.058064308 -0.36574224 0.33618662 0.15373634 -0.1230629 -0.14542381 -0.15176763 -0.0100523345 0.054599043 -0.17509231 -0.06627636 0.0038298815
71 -0.1651914 -0.2627039 0.17267075 0.18437354 -0.19814667 0.047941156 -0.3778414 -0.40547973 0.45295244 -0.024338054 -0.028951487 -0.0078052846 -0.5111957 -0.12758371 -0.39701173 -0.022371506 0.18164375 0.27830267 0.0670409 0.012704201 -0.023072708 -0.39704767 0.53635806 0.15278637 -0.2614451 -0.36476034 -0.15943192 0.03468128 0.055768844 -0.03896917 -0.22285505 -0.084774755
70 -0.0707558 -0.18647125 -0.03562177 0.2284369 -0.30894563 0.48761225 -0.19738057 -0.46032798 0.46669602 -0.1470085 -0.0015066615 -0.13372304 0.13199517 0.1490845 -0.2603671 -0.071941696 0.1495483 -0.25637272 0.037087526 0.17382625 -0.21436307 -0.45032495 0.1376913 0.17771854 -0.20855579 -0.21215963 -0.39303005 0.1004305 0.059098132 -0.044832 -0.08159311 0.2314195
84 -0.0040705795 -0.17167242 -0.10420668 0.15191343 -0.32353678 0.4181091 -0.19413564 -0.37115166 0.48519182 -0.15513428 -0.040218465 -0.20734026 0.20987862 0.15443705 -0.1619938 -0.15141559 0.09449754 -0.23592284 0.16859607 0.11827058 -0.17580228 -0.3742639 0.15356106 0.27226382 -0.22835344 -0.2435202 -0.4054914 0.1607972 0.1502208 -0.038274996 -0.056260306 0.2789214
7 -0.44356072 -0.25362378 -0.058369637 0.13529739 -0.44508433 0.45898435 -0.065085515 -0.4086668 0.2735713 -0.12246353 0.037101753 -0.005131557 0.036680475 0.023375278 -0.31714296 -0.098835014 0.40057436 -0.33949056 -0.07593607 0.11527158 -0.07492397 -0.4361276 0.28179142 0.033292606 -0.07991781 -0.008712338 -0.112834245 -0.08918639 -0.056657482 -0.3544544 -0.0072479174 0.0059235957
33 -0.07516656 -0.20437787 -0.11196822 0.13140567 -0.36765674 0.44667366 -0.11261708 -0.34058464 0.4392578 -0.13305204 -0.048513707 -0.14858073 0.17765665 0.14043713 -0.16798088 -0.13806665 0.17773479 -0.28332016 0.069170885 0.07356911 -0.16911833 -0.40223914 0.21595052 0.20159252 -0.16521649 -0.18508205 -0.3289147 0.10477043 0.14293824 -0.11494828 0.00079326425 0.18633963
50 -0.19022302 -0.308264 -0.19564965 -0.018873604 -0.41342005 0.28791755 0.0148898065 -0.11187663 0.45998585 0.07638262 -0.21309671 -0.16727214 -0.12147869 -0.06979973 -0.0730156 -0.34437233 0.21781607 -0.039309118 0.21634367 -0.26234803 0.020810112 -0.23132351 0.5918372 0.28803313 -0.045744613 -0.18965276 -0.17421669 0.07289896 0.26156896 -0.30608353 -0.009264872 0.011907957
6 -0.40175042 -0.24753666 -0.03145161 0.13125634 -0.3966124 0.40444383 -0.10153114 -0.4125765 0.26700753 -0.08361951 -0.015785584 -0.012826501 -0.027622947 0.013726036 -0.3223159 -0.11069771 0.3788875 -0.26047754 -0.059663314 0.08601857 -0.080023944 -0.40873712 0.31344065 0.024934595 -0.07599457 -0.02077887 -0.097004615 -0.054996457 -0.048892293 -0.32041547 -0.060704954 -0.026258158
88 0.059155054 -0.15811034 -0.09238245 0.16951974 -0.30139297 0.40990102 -0.21012843 -0.3837568 0.53803104 -0.122571915 -0.023344817 -0.18812521 0.14348932 0.14180359 -0.20891845 -0.13056396 0.10175338 -0.14898595 0.14781967 0.10564869 -0.20904362 -0.37015608 0.15922275 0.26659378 -0.24954888 -0.26623365 -0.43676507 0.1467062 0.19339795 0.012293305 -0.04589076 0.28282282
99 -0.048004977 -0.2530992 0.03591123 0.14798419 -0.25601992 0.12372599 -0.28825274 -0.31342652 0.5024831 0.017213563 -0.0921405 -0.07955901 -0.3516257 -0.099648915 -0.25784892 -0.11609247 0.14426404 0.16164605 0.15507993 -0.0907796 -0.04690308 -0.27615625 0.50838137 0.259155 -0.20238863 -0.3337306 -0.23617978 0.092481725 0.15741882 -0.032067575 -0.16298719 -0.0047730305
106 -0.067997135 -0.19998965 0.14339335 0.23478349 -0.21792556 0.12142131 -0.39083397 -0.41144234 0.5013729 -0.08251219 0.001053685 -0.046765916 -0.34129766 -0.03768609 -0.37327617 -0.0034810377 0.15847579 0.18383667 0.05836562 0.094722755 -0.11714722 -0.40437675 0.3837194 0.21404134 -0.31428856 -0.37911943 -0.24420497 0.08928838 0.0752823 0.04609685 -0.18405108 0.021058882
112 -0.023780756 -0.20498124 -0.08484779 0.16803017 -0.31524724 0.5117634 -0.12113918 -0.34965825 0.49534154 -0.10455079 -0.040231183 -0.12038544 0.19879983 0.17712383 -0.20811321 -0.13084196 0.12305552 -0.27535412 0.08835353 0.07928812 -0.19450091 -0.39347225 0.13232468 0.22377816 -0.183404 -0.235515 -0.38771707 0.09516011 0.13173239 -0.06944602 -0.04558071 0.23054738
101 -0.111562185 -0.23789313 0.08549516 0.15685265 -0.19971026 0.15173176 -0.29385337 -0.37882152 0.43638206 -0.022829458 -0.06058311 -0.026833856 -0.34025857 -0.06719923 -0.33209306 -0.09253494 0.1885925 0.14054537 0.08356205 -0.014477686 -0.06270451 -0.35617194 0.45125738 0.18085818 -0.20937885 -0.2676578 -0.17523439 0.039161302 0.081467554 -0.07816064 -0.16690868 -0.00864197
95 -0.36663118 -0.24995244 -0.0076594776 0.14037402 -0.41496068 0.40561625 -0.122842446 -0.43424043 0.31836516 -0.0819023 -0.007705509 -0.008060394 -0.06501371 0.00029086845 -0.32148087 -0.073677815 0.34879956 -0.27531278 -0.05094231 0.059443932 -0.07550295 -0.42446724 0.34261364 0.06355188 -0.1106403 -0.07001247 -0.11684527 -0.056519847 -0.004885867 -0.26535565 -0.06473988 0.017186295
15 -0.52327305 -0.24738173 0.0038302126 0.1404231 -0.46918625 0.51258296 -0.08418693 -0.46357664 0.23620515 -0.11454044 0.05509136 0.05274826 0.026633222 0.020894071 -0.35133478 -0.05789417 0.44812715 -0.37540096 -0.09981622 0.14246799 -0.106256016 -0.4528627 0.27347887 -0.005462983 -0.025905699 0.024250695 -0.099076636 -0.11856651 -0.09139896 -0.3465703 -0.05102995 -0.014051896
54 -0.111948095 -0.273772 -0.10219775 0.04631611 -0.36248705 0.36821705 -0.08558486 -0.22563331 0.47068125 0.008615592 -0.121701986 -0.1355146 -0.0578186 -0.007625942 -0.13937224 -0.2481444 0.15808329 -0.11467426 0.17513187 -0.124933 -0.03884215 -0.24660571 0.4251177 0.2833278 -0.11603713 -0.23692614 -0.26664543 0.08456008 0.21318217 -0.16451156 -0.016134724 0.10528147
13 -0.32898968 -0.25970167 -0.114795744 0.10513383 -0.4385092 0.40958259 -0.04950219 -0.33361524 0.33702388 -0.0845735 -0.06704103 -0.087695256 0.10445684 0.054485288 -0.20285381 -0.16626331 0.32093737 -0.31436387 0.0212811 0.04596425 -0.07772392 -0.37697032 0.2937926 0.09696455 -0.074386664 -0.074933864 -0.17296973 -0.0066940305 0.04265562 -0.27642465 -0.018882176 0.059894647
114 -0.040887065 -0.17263396 -0.124852076 0.16479546 -0.37255654 0.51394737 -0.11510837 -0.4066795 0.4674428 -0.15795545 -0.016890278 -0.18440782 0.32297003 0.21946546 -0.1791621 -0.13995911 0.14730637 -0.33681297 0.08712754 0.1408873 -0.20911703 -0.40103844 0.094981484 0.2262827 -0.21761107 -0.18752228 -0.4163131 0.12396296 0.11740554 -0.023922509 0.0023036525 0.30030796
77 -0.01434441 -0.18620446 -0.06415023 0.1737628 -0.29981983 0.39591408 -0.2156839 -0.40209702 0.4975537 -0.13385624 -0.010062757 -0.15081125 0.13429022 0.14584802 -0.24432099 -0.08581075 0.13492286 -0.18750513 0.11804795 0.1369876 -0.18974778 -0.40012896 0.16185756 0.271298 -0.24592689 -0.26680136 -0.37715167 0.13132188 0.11723007 0.009374262 -0.0717252 0.24400039
32 -0.30660066 -0.25230837 0.019984428 0.16692676 -0.35774004 0.39935377 -0.172 -0.3924285 0.35036093 -0.075176716 0.008105 0.015674593 -0.039536487 0.018756816 -0.31054428 -0.063371286 0.35235125 -0.2285294 -0.02334255 0.11189362 -0.12886818 -0.40897804 0.28151432 0.10962189 -0.117101826 -0.12246379 -0.134845 -0.048721697 -0.014244775 -0.20266761 -0.04339553 -0.012128239
85 -0.063769326 -0.16203527 -0.05100871 0.20863266 -0.33896282 0.50100285 -0.18683995 -0.4591952 0.45495844 -0.1707318 0.04950939 -0.14689916 0.25478992 0.19869758 -0.24763197 -0.047881294 0.14439575 -0.34080786 0.071900986 0.22081648 -0.2210096 -0.42218164 0.027991373 0.19923383 -0.24340121 -0.21693449 -0.37509125 0.110054955 0.05039225 -0.028694544 -0.068421006 0.28676975
60 -0.13266195 -0.31145126 -0.15032966 -0.024596952 -0.37780222 0.3364864 -0.03936789 -0.16918337 0.46461242 0.06638913 -0.20013551 -0.12684597 -0.13538158 -0.060277436 -0.088479385 -0.30498496 0.1650784 -0.03579985 0.2057817 -0.22196162 -0.006750389 -0.21823731 0.5254515 0.2954871 -0.054593217 -0.23144026 -0.21070401 0.10881633 0.24734075 -0.24116133 -0.0045026015 0.022573255
66 -0.24229242 -0.2568472 -0.112781845 0.07563236 -0.38882345 0.37336165 -0.0413205 -0.25686693 0.40297002 -0.011394639 -0.12619002 -0.07607613 -0.07757863 -0.0063980105 -0.1580163 -0.21720299 0.21378592 -0.14085296 0.09625611 -0.10960139 -0.05677348 -0.29335973 0.39738387 0.2157568 -0.0637008 -0.1426118 -0.19124915 0.033155616 0.140145 -0.23702537 -0.029146526 0.036239635
40 -0.21811794 -0.26707745 -0.07882501 0.055012796 -0.36981604 0.3179194 -0.07620043 -0.2775793 0.4223369 0.010291948 -0.12399182 -0.0883375 -0.09659447 -0.023876766 -0.18530127 -0.21573985 0.23183118 -0.12534134 0.11181197 -0.106650636 -0.015663372 -0.29565138 0.46130383 0.18918833 -0.085586525 -0.18047743 -0.20601048 0.034306057 0.11862222 -0.2507384 -0.04779685 0.02246332
46 -0.10256146 -0.26070684 -0.12944974 0.019895673 -0.3444543 0.30370572 -0.04825761 -0.17856713 0.49862787 0.02762005 -0.16312452 -0.12017654 -0.0949347 -0.03999619 -0.13259475 -0.28934735 0.14103724 -0.026616994 0.19143665 -0.1683876 -0.006100976 -0.23147093 0.4903854 0.30846018 -0.09622477 -0.19805919 -0.23429419 0.09617632 0.24362898 -0.18281028 -0.017507577 0.07138021
128 -0.16401462 -0.31538278 -0.14821881 -0.020731462 -0.39276972 0.30157754 -0.011924554 -0.13279505 0.47482076 0.06835494 -0.19375212 -0.14811604 -0.109343186 -0.07369466 -0.073717415 -0.337576 0.18118794 -0.02000855 0.22208756 -0.26713148 0.037879772 -0.23801714 0.54818356 0.28422797 -0.032854103 -0.18040086 -0.17938599 0.06840512 0.24809057 -0.29204318 -0.003140283 -0.024971183
89 -0.12360387 -0.22612597 -0.022860402 0.16102305 -0.34291625 0.4412496 -0.17839243 -0.39778048 0.42433804 -0.08208866 -0.020557212 -0.12140531 0.03475243 0.05736953 -0.23299564 -0.11190562 0.20420942 -0.19550766 0.07177036 0.13954441 -0.13533339 -0.41634712 0.2089207 0.17018464 -0.2159175 -0.2203212 -0.3158402 0.05436293 0.06999482 -0.07257877 -0.060630135 0.15592742
59 -0.1579264 -0.31920063 -0.13444541 0.018374536 -0.36740723 0.3419411 -0.016264215 -0.17661026 0.44014475 0.05672635 -0.16824767 -0.10496336 -0.094588496 -0.03516455 -0.072006136 -0.3086436 0.18713261 -0.06849748 0.18966256 -0.21694511 -0.010739952 -0.24077615 0.4920815 0.2854516 -0.04811633 -0.18183248 -0.18988068 0.106308945 0.20448127 -0.24378417 0.008230559 0.010218787
44 -0.16385956 -0.32050037 -0.24349187 -0.04914007 -0.44515255 0.36859754 0.03922177 -0.07601581 0.47377148 0.052776363 -0.2115688 -0.17514528 0.008477655 -0.029107649 -0.032571543 -0.36703068 0.18198794 -0.111202255 0.2327127 -0.26453364 0.023372538 -0.23790573 0.5302154 0.32084757 0.003713719 -0.1310754 -0.18243483 0.10414016 0.29337385 -0.32759812 0.017402383 0.04374466
39 -0.18376844 -0.27193376 -0.24230061 -0.036293775 -0.4421127 0.38774917 0.07371743 -0.10591381 0.48978996 0.07613579 -0.19711398 -0.2013705 0.014215836 -0.0077637127 -0.028848756 -0.3773292 0.1878428 -0.14103371 0.25626665 -0.24368177 -0.008653321 -0.22656508 0.50700474 0.32561958 -0.015947511 -0.16489077 -0.22623771 0.13447063 0.27109033 -0.2986507 0.024845721 0.08373568
55 -0.21152095 -0.26621777 0.10490504 0.15258905 -0.2709954 0.20773122 -0.25892645 -0.39749226 0.41169512 -0.059739817 -0.021932635 -0.0062918784 -0.295466 -0.094411805 -0.3581366 -0.0544627 0.25076666 0.05131021 0.04763723 0.018650794 -0.048318345 -0.38882777 0.44642794 0.12567906 -0.17665938 -0.20411083 -0.14369328 -0.004223049 0.05257067 -0.13068953 -0.13564087 -0.04755198
115 -0.23594943 -0.21178254 0.12153368 0.20439836 -0.29114977 0.16803893 -0.31103894 -0.39883456 0.42078683 -0.1023275 0.0012883516 -0.009107085 -0.30547884 -0.038631704 -0.3892149 -0.011466246 0.28820476 0.06758002 0.042845465 0.106706165 -0.109096885 -0.3994756 0.4030863 0.14038983 -0.23654537 -0.25423086 -0.16452466 0.01818267 0.015648825 -0.060482223 -0.16215627 -0.06227218
94 -0.05117902 -0.15038279 -0.028504275 0.23143952 -0.30989 0.43843943 -0.2418625 -0.45038086 0.44346136 -0.17046274 0.032317217 -0.12582831 0.09875741 0.1444456 -0.27508965 -0.031309422 0.16298257 -0.22967437 0.07822619 0.23492365 -0.21164085 -0.43861717 0.10305122 0.1983938 -0.2515107 -0.23480774 -0.33339244 0.0990124 0.054925483 0.013896919 -0.08572898 0.20811024
10 -0.07743462 -0.20988607 -0.006554765 0.16740596 -0.324506 0.40655643 -0.21654394 -0.41599783 0.45081812 -0.122060806 -0.012564891 -0.11244581 0.056149464 0.074796684 -0.27115 -0.06931523 0.16438851 -0.20563453 0.04792356 0.11977423 -0.17181303 -0.40077356 0.20265673 0.18650106 -0.22202155 -0.21041511 -0.3113548 0.061277345 0.0667415 -0.090571605 -0.05505502 0.15452166
24 -0.10386471 -0.23304777 0.11763801 0.16470408 -0.22066149 0.0875949 -0.34920844 -0.38533258 0.47703332 -0.04642378 -0.01957749 -0.06278389 -0.361045 -0.08902303 -0.35861588 -0.028700855 0.177577 0.21337275 0.116068184 0.048489373 -0.076734245 -0.3631168 0.4686704 0.23810004 -0.26984575 -0.33323997 -0.26218396 0.06472046 0.1309094 -0.03366542 -0.19856806 -0.03942927
18 -0.15219034 -0.22098899 -0.06409165 0.14792296 -0.38796046 0.4755454 -0.12983787 -0.36993358 0.45193925 -0.09538828 -0.004051254 -0.09940926 0.11512886 0.07539177 -0.25281498 -0.13676786 0.21857262 -0.22603881 0.06005159 0.082821324 -0.13383488 -0.40216056 0.21860802 0.14813012 -0.13974275 -0.13911785 -0.28642035 0.045781665 0.09826239 -0.18354532 -0.05908157 0.12372752
3 -0.46835873 -0.27019364 -0.02588539 0.11985769 -0.3953418 0.39513993 -0.12221955 -0.37145048 0.24546733 -0.040369865 -0.0344702 -0.020579366 -0.066865385 -0.048533183 -0.2903533 -0.15081072 0.41003612 -0.25541717 -0.01953157 0.027448008 -0.0153798405 -0.3979005 0.38036323 0.040222257 -0.032258224 -0.04784695 -0.072014734 -0.10339536 -0.042693645 -0.34778297 -0.0747516 -0.05519252
48 -0.33135763 -0.25716287 -0.050761346 0.09153298 -0.43091875 0.41424736 -0.104486205 -0.35027203 0.32227927 -0.0828549 -0.053200785 -0.050824706 0.01826987 0.012564327 -0.24861862 -0.13677025 0.3290675 -0.24177746 0.00029774092 0.04060762 -0.08077002 -0.405646 0.33261243 0.088964805 -0.087137625 -0.06885751 -0.18086705 -0.035328355 0.009862146 -0.25917554 -0.030833855 0.008305354
107 -0.0143528525 -0.16804174 -0.012432849 0.21742934 -0.30692157 0.45116884 -0.24488494 -0.4223154 0.46578246 -0.15554635 0.018780356 -0.11741864 0.12019605 0.15917431 -0.2814487 -0.042646103 0.15620232 -0.22270963 0.10538253 0.19845329 -0.21597363 -0.42422515 0.0981579 0.22257808 -0.24462743 -0.23217207 -0.3921062 0.08562788 0.10985548 -0.0056845304 -0.11520707 0.21599653
111 -0.23044156 -0.3085059 -0.17197035 -0.013551351 -0.40901977 0.32207897 0.025207106 -0.15536459 0.42357057 0.04864245 -0.21785577 -0.11803859 -0.13763547 -0.053573623 -0.07870742 -0.3356846 0.22763294 -0.089724265 0.15913163 -0.23731713 0.015365973 -0.24900831 0.54523367 0.25465652 -0.020833557 -0.18735632 -0.17005289 0.08369266 0.22566935 -0.24542777 0.0041632634 0.0012575674
67 -0.11060146 -0.22945327 0.08839814 0.1468608 -0.22571178 0.11843063 -0.3306638 -0.39137277 0.45319295 -0.016028589 -0.045120284 -0.029154034 -0.36000964 -0.09148184 -0.3291191 -0.06187639 0.19143862 0.13274781 0.047247402 1.1263153e-05 -0.07389682 -0.36500683 0.45729446 0.1589925 -0.24441244 -0.31065407 -0.20103632 0.006454727 0.086655505 -0.049047545 -0.16135475 -0.04661546
5 -0.35445344 -0.2356038 -0.0616285 0.11655158 -0.420495 0.45585588 -0.09488374 -0.38355383 0.29643643 -0.090448804 -0.021266319 -0.04141522 0.07663646 0.054170884 -0.25740877 -0.124236315 0.32863823 -0.3279925 0.0077062715 0.089447044 -0.079499245 -0.4006695 0.25050107 0.10396345 -0.074303694 -0.052585546 -0.14972343 -0.006137477 0.03049029 -0.2649399 -0.05008701 0.07569427
49 -0.1474776 -0.27870786 -0.1561095 0.015425503 -0.40479568 0.35120574 -0.036982886 -0.18417975 0.46411973 0.017571855 -0.12704198 -0.1436801 -0.027649777 0.01343065 -0.12900095 -0.26268905 0.21675247 -0.11193692 0.16883239 -0.10889251 -0.054467756 -0.27912894 0.41218418 0.25112548 -0.073308535 -0.16642772 -0.23238385 0.07394569 0.21092156 -0.22512527 -0.037855122 0.03947074
52 -0.09554014 -0.29354054 -0.15913537 0.0046929773 -0.36750507 0.30746832 -0.053541202 -0.1930801 0.4749827 0.026487987 -0.19614324 -0.13491431 -0.11899252 -0.041499015 -0.12119201 -0.31455794 0.14926809 -0.004367814 0.22824799 -0.18587984 -0.021563232 -0.23972909 0.5058186 0.3209529 -0.101235814 -0.27481607 -0.22668503 0.101610646 0.2422765 -0.16668405 -0.039740257 0.063729
43 -0.10316996 -0.2803057 -0.15292794 -7.709759e-05 -0.39231637 0.33011553 -0.045349214 -0.1924555 0.4768122 0.044130646 -0.14457387 -0.15408176 -0.08526798 -0.028572442 -0.10743101 -0.2931615 0.15050375 -0.047332246 0.17901014 -0.18214376 -0.046476107 -0.27286142 0.46446848 0.31039464 -0.0736796 -0.21259218 -0.2577983 0.096742384 0.22937827 -0.16792855 -0.021225782 0.07662883
74 -0.13312967 -0.20136108 -0.0715255 0.13258243 -0.35164782 0.41576782 -0.14245632 -0.38913321 0.4388356 -0.10727302 -0.003930349 -0.12569524 0.07686611 0.11857051 -0.194573 -0.096998155 0.17268148 -0.23562357 0.065494426 0.08150697 -0.15409943 -0.37098086 0.21807723 0.2089677 -0.16276269 -0.23508717 -0.30274177 0.08209144 0.08840807 -0.10127231 -0.054373894 0.17051418
120 -0.060833775 -0.22709931 0.0882454 0.19912492 -0.23854943 0.14701016 -0.3406326 -0.41172346 0.5096939 -0.058326956 -0.019383797 -0.08051754 -0.28976324 0.004415083 -0.3352441 -0.013375348 0.14068472 0.08952247 0.08160935 0.056124557 -0.110014096 -0.40111583 0.37985346 0.19753644 -0.3015738 -0.36019546 -0.27057672 0.051263053 0.0997831 0.03522653 -0.16178846 0.022647751
