128 32
83 -0.29640833 0.13289237 -0.03801133 0.09918106 0.17123647 -0.14422792 0.13135183 0.43949646 0.14721248 0.1155624 0.58600837 0.020644313 -0.086298816 0.07084831 -0.04432237 0.116322145 0.10875966 -0.13128589 0.013063419 0.048034027 0.11533164 -0.16886242 -0.33190134 -0.30845258 0.07975909 0.350628 -0.12395667 0.23512587 0.0020926876 0.28973535 0.109417126 -0.021738535
53 -0.21962796 0.1881178 0.027833799 0.27354965 0.26219088 -0.17971696 0.24696198 0.30277655 0.2593294 0.17620355 0.5713461 -0.15034993 -0.22190996 -0.01424574 0.085069306 0.19919913 0.2506443 -0.06999483 0.12057395 0.066949785 0.019045599 -0.21026078 -0.26149973 -0.36487955 0.21771449 0.19005436 -0.09772257 0.19645609 0.06934383 0.16995831 0.08856046 0.19065005
68 -0.24859805 0.15278232 -0.020751685 0.045775224 0.21514177 -0.15134478 0.1143994 0.40487197 0.10347331 0.15694888 0.62999666 0.04692816 -0.07292237 0.061476726 0.0011741844 0.082375646 0.16680306 -0.1289887 0.0037640105 0.055404186 0.11534145 -0.20852779 -0.3225428 -0.2787759 0.11158244 0.3113099 -0.079543084 0.2264132 0.042236343 0.2904382 0.14186531 0.044521436
4 -0.2986628 -0.21063577 0.03221486 0.12766647 0.13073587 0.10414358 0.08211082 0.3784391 0.11538879 0.12656747 0.6019645 -0.109061666 -0.13578305 -0.16456103 -0.016243663 0.11555856 0.069007516 -0.26441872 -0.046526987 -0.041147422 0.00082379556 -0.28652415 -0.2757599 -0.32492164 -0.069858775 0.33604324 -0.079070814 0.2575277 0.07283436 0.27619016 0.08678065 0.016325979
9 -0.21185178 0.0046498817 -0.039524112 0.050186068 0.1837986 -0.052593827 0.048034865 0.39570272 0.075388715 0.12655522 0.63036907 0.015835088 -0.076856434 -0.04606903 -0.015474804 0.082891054 0.14292836 -0.1493171 -0.03414118 0.009868937 0.022868365 -0.26101428 -0.28812146 -0.31578752 0.032422327 0.3422935 -0.08024613 0.20188355 0.05541171 0.30958694 0.13703412 0.067508005
34 -0.24271666 0.019029291 0.051402196 0.17425793 0.23927851 -0.057112575 0.18144462 0.2857268 0.17344669 0.1622757 0.57226336 -0.11156455 -0.13134293 -0.059876148 0.041243818 0.15187247 0.21991275 -0.1382158 0.053029828 0.040569346 0.011837148 -0.2665847 -0.30060303 -0.31412148 0.13313413 0.2812942 -0.04714681 0.22972433 0.102357015 0.21493351 0.106464975 0.1559486
97 -0.2926451 0.08612341 -0.034532893 0.034905266 0.13340253 -0.09244835 0.11727239 0.44147173 0.12781036 0.117848836 0.60607016 0.02131128 -0.06901969 0.023092119 -0.052845076 0.14222808 0.08588424 -0.17996074 0.0047474965 0.081746355 0.096829936 -0.18820892 -0.28636852 -0.30400822 0.05643327 0.363412 -0.12329632 0.23934446 -0.0021807798 0.30846763 0.111310884 -0.03692241
76 -0.306474 -0.25387716 0.033881027 0.15967329 0.08694012 0.09951106 0.13950688 0.39683986 0.13933738 0.14829734 0.6001817 -0.116215736 -0.11700152 -0.15441045 -0.02706931 0.1531365 0.04834805 -0.29137155 -0.05831834 0.0058207638 0.052616786 -0.24604307 -0.29232642 -0.31671098 -0.08871046 0.32970324 -0.08481401 0.26029024 0.03724101 0.2219509 0.028407246 0.013742332
112 -0.25683713 0.112460144 -0.030358193 0.042607125 0.18366274 -0.102902405 0.07582984 0.457805 0.115719385 0.15790622 0.61990637 0.035081234 -0.06383988 0.044670813 -0.03423487 0.083697885 0.13075216 -0.15397143 -0.0012586974 0.07322015 0.086464256 -0.19872679 -0.28353336 -0.28149903 0.0332759 0.32773915 -0.118203044 0.24826844 0.013506497 0.28793034 0.08704144 0.021004142
10 -0.27072105 0.17033444 -0.029484788 0.06549782 0.17013207 -0.13955352 0.07465032 0.38771603 0.12991276 0.10746909 0.61453044 0.050459646 -0.0989058 0.09453203 -0.040449537 0.091692105 0.18552089 -0.14234737 -0.0017890136 0.020664496 0.091101766 -0.19186114 -0.33713824 -0.28282496 0.07368379 0.3264236 -0.0792981 0.24377327 0.039021064 0.31619594 0.14211588 0.012581033
11 -0.25666627 -0.08813319 0.038392954 0.15361416 0.15894319 0.00585754 0.17074913 0.36228582 0.15307578 0.1659568 0.5959342 -0.092078395 -0.12565947 -0.08589385 0.0095373755 0.16585252 0.11480575 -0.20936629 -0.011766853 0.03916961 0.05619458 -0.22424787 -0.29925632 -0.33135298 0.007137987 0.3183951 -0.0780305 0.24297494 0.050925348 0.24826904 0.07459478 0.059587535
15 -0.2367455 -0.0015044508 0.010431696 0.016445506 0.22545528 -0.009886161 -0.051825292 0.354091 -0.018989442 0.15414692 0.6749735 0.11323358 -0.049306996 -0.019382922 -0.06830447 -0.024027038 0.20528634 -0.20099552 -0.11945506 -0.055570025 0.029502258 -0.29634017 -0.38009602 -0.23545675 -0.06227846 0.3456271 -0.037618596 0.23907971 0.09974407 0.3341297 0.12350715 0.03748432
72 -0.24555932 0.14038298 -0.0458328 0.0053510014 0.16709332 -0.14957309 0.11006009 0.4551047 0.13483813 0.11448181 0.6066693 0.024613589 -0.07592744 0.072837725 -0.021244776 0.112451434 0.14255576 -0.15202688 0.038180962 0.08521481 0.09302898 -0.1931214 -0.2840206 -0.31040174 0.06611906 0.3355838 -0.1174433 0.22955503 0.0129144285 0.29345953 0.11705218 0.0050343103
89 -0.27519834 0.052957993 -0.048094746 0.019374928 0.12321482 -0.10727377 0.11946587 0.44957653 0.10076212 0.14886613 0.58697015 -0.0049272105 -0.051153116 0.024958976 -0.02417608 0.12647301 0.08800522 -0.15892667 0.024810597 0.08906173 0.12890065 -0.20924091 -0.29199824 -0.3209619 0.04336585 0.3563722 -0.09423173 0.2446707 0.010110484 0.2755937 0.10620421 -0.028058972
43 -0.28397924 0.0942089 -0.008967639 0.0979767 0.13421082 -0.12521651 0.15294935 0.43665686 0.13204874 0.14892098 0.5560884 -0.038034834 -0.103683814 0.037724137 0.006839238 0.14385979 0.115967184 -0.13774246 0.06982152 0.111733645 0.07876923 -0.19520575 -0.2796393 -0.29579487 0.08226028 0.3100903 -0.13377446 0.25424287 0.026113046 0.25590813 0.078102075 0.01461876
37 -0.19979855 0.079259515 0.093700334 0.3035352 0.32419872 -0.11451373 0.25358832 0.2223722 0.26341337 0.16575842 0.5322125 -0.17437497 -0.18191029 -0.07832406 0.059322715 0.19698295 0.28984234 -0.107526176 0.04566605 0.04889384 -0.021241639 -0.25759682 -0.3118276 -0.36613747 0.21058618 0.21539058 -0.0463358 0.2272027 0.13361566 0.13584681 0.060011685 0.23192206
117 -0.2818564 0.09779456 -0.001223247 0.10655661 0.16558443 -0.12823315 0.14607784 0.41531724 0.18776366 0.12827943 0.55755585 -0.032232042 -0.103414014 0.04206227 -0.0053400253 0.1565918 0.13712385 -0.16350812 0.045513578 0.080162965 0.07773648 -0.172152 -0.28848422 -0.30079478 0.0679733 0.29360777 -0.11940551 0.23020335 0.015762154 0.2566557 0.0647146 0.019983275
74 -0.28241718 0.23577179 -0.0315988 -0.00039603512 0.18190408 -0.1923845 0.090915024 0.45658463 0.118436314 0.12452259 0.5929021 0.049567606 -0.054099366 0.12293983 -0.01964866 0.1046067 0.1426385 -0.10713542 0.054477964 0.07238146 0.13285838 -0.17742488 -0.2934241 -0.2925287 0.1318393 0.32519343 -0.11398093 0.23382662 0.0012888715 0.31126893 0.13039619 -0.011052206
62 -0.2054043 0.16381001 0.041874632 0.24790862 0.33387935 -0.1695472 0.2378289 0.2501491 0.24813649 0.15384522 0.55936337 -0.15409294 -0.19869795 -0.020946188 0.08452944 0.17231171 0.28727216 -0.05618592 0.073459975 0.064671665 0.0067859087 -0.23250681 -0.2858819 -0.34439424 0.21174775 0.19341922 -0.07013178 0.22522263 0.106563225 0.17631638 0.1016666 0.2163827
104 -0.25802186 0.010845794 -0.01646205 0.061293796 0.20085773 -0.007204097 0.013772297 0.34142956 0.046566382 0.16721658 0.6217161 0.053462945 -0.04582516 0.029730398 -0.047578324 0.019369077 0.21231218 -0.15220736 -0.07546912 -0.04424987 0.048923347 -0.2831394 -0.36064476 -0.2477399 -0.0050749416 0.34514654 -0.008306423 0.25550726 0.08083316 0.31212863 0.12023354 0.088495284
113 -0.33018288 -0.2853067 0.024553543 0.07721124 0.03295747 0.12882473 0.06277442 0.40010318 0.059983525 0.14489159 0.5846518 -0.07453889 -0.08693077 -0.17843148 -0.053369828 0.091005094 0.03694493 -0.3157712 -0.077111155 0.021981228 0.02863018 -0.27568045 -0.28568473 -0.312387 -0.10860193 0.36444584 -0.08060438 0.25902966 0.028693855 0.25403175 0.06729449 -0.01705694
36 -0.19917645 0.07287626 0.043602534 0.252477 0.27636898 -0.08610499 0.24032639 0.23498869 0.22996596 0.15237781 0.5632843 -0.15033147 -0.18694548 -0.05127687 0.027134348 0.1887339 0.26523647 -0.08146687 0.042803332 0.031617034 -0.024082918 -0.27317777 -0.29449987 -0.36614692 0.15338573 0.21824639 -0.050075527 0.22952907 0.117892325 0.17018238 0.0931426 0.22552526
29 -0.23112942 0.028837603 -0.04331437 -0.007975206 0.12952164 -0.040149663 0.0036049935 0.38821107 0.0012307718 0.13028179 0.66769093 0.09560213 -0.012701799 0.046716046 -0.067869954 0.018780567 0.16254437 -0.19378538 -0.087886445 -0.0056384564 0.0633916 -0.24585402 -0.34865415 -0.2357962 -0.027740378 0.38263628 -0.024835065 0.24602391 0.04299339 0.3262935 0.13566896 0.033711303
44 -0.18136628 0.1300718 0.04435983 0.2827311 0.3021467 -0.16142248 0.29691395 0.23706587 0.27746558 0.18073936 0.5557797 -0.19334917 -0.21162558 -0.07596063 0.062360156 0.2338919 0.26381785 -0.05045399 0.08062083 0.0693764 0.012352235 -0.24013273 -0.2393966 -0.38529485 0.25635564 0.17233127 -0.07560881 0.22452287 0.11329765 0.1310707 0.09549888 0.205761
90 -0.2708556 0.13657534 -0.024877645 0.06855274 0.19211623 -0.116670005 0.12496148 0.4189603 0.16027436 0.16177583 0.626046 -0.024632435 -0.07752804 0.043978076 -0.012343283 0.114710145 0.13310526 -0.15742591 0.04110431 0.06215667 0.08832162 -0.18112284 -0.27473378 -0.28571936 0.07711382 0.31463084 -0.11822177 0.23944435 0.022715384 0.26794824 0.09914355 0.0061286073
47 -0.20807947 0.13421631 0.016483953 0.16924937 0.25810924 -0.17913595 0.21955404 0.31802723 0.23940432 0.1346566 0.616572 -0.11070674 -0.14050116 -0.028937537 0.033645045 0.20195805 0.23148185 -0.07678952 0.049748015 0.08977056 0.020473799 -0.22032869 -0.24455605 -0.34122738 0.21832043 0.22710305 -0.07754216 0.20714901 0.07677342 0.17199546 0.13461652 0.12673911
25 -0.27987695 0.18798938 -0.043858882 0.048762124 0.19089335 -0.1928643 0.15265615 0.45264465 0.17741331 0.1010758 0.580061 -0.014199001 -0.103454545 0.09111958 0.010172244 0.1311056 0.11419131 -0.1329615 0.071061485 0.0747014 0.12733808 -0.1492191 -0.2658695 -0.279318 0.13400228 0.31275925 -0.14293385 0.23719472 0.004026677 0.27993703 0.09211014 -0.012429783
20 -0.23148525 0.07870402 -0.030303756 0.009860811 0.16607131 -0.099945836 0.074893765 0.41505662 0.079888575 0.15331285 0.629367 0.044492967 -0.06760858 0.049964424 -0.02224603 0.10248828 0.1570462 -0.13038833 0.00093265256 0.057724535 0.06505389 -0.23388924 -0.32088724 -0.27056047 0.050223447 0.33755615 -0.07982111 0.2543715 0.029573051 0.3094562 0.12319179 0.020048674
107 -0.26989922 0.13922647 -0.012955108 0.07393704 0.18020673 -0.15402423 0.107616395 0.42772883 0.13097844 0.13753547 0.60144854 0.012578743 -0.11414644 0.036446534 -0.03687803 0.1207766 0.14276664 -0.13516364 0.0062458282 0.037186794 0.081155516 -0.20257266 -0.29736978 -0.2939147 0.08799989 0.3291832 -0.13292357 0.23369434 0.018880097 0.2968843 0.11549338 0.014389178
52 -0.15955345 0.03814512 0.03541118 0.21455212 0.32813397 -0.06112061 0.19981223 0.27238753 0.1971919 0.17715667 0.5858856 -0.14404847 -0.14288148 -0.060459692 0.061123315 0.16413099 0.28031966 -0.076823585 0.028274683 0.04550331 -0.02750675 -0.27933982 -0.28211525 -0.37036198 0.16257004 0.21909803 -0.006347178 0.21826342 0.14145558 0.16575316 0.10704253 0.24219951
96 -0.19717942 0.04817307 0.046311628 0.25682187 0.2649203 -0.08884283 0.24436364 0.25608626 0.23378153 0.17352664 0.54506785 -0.19137667 -0.20051724 -0.09863527 0.0829649 0.17208199 0.24647325 -0.095560916 0.073946655 0.050954543 -0.028910052 -0.26838276 -0.2890809 -0.3706162 0.19236527 0.21139254 -0.028042533 0.21156155 0.12774445 0.15464091 0.07532685 0.24306238
40 -0.17923917 0.040197857 0.07352161 0.23379721 0.26509222 -0.108701065 0.25168312 0.24923207 0.24739884 0.1420773 0.52255195 -0.18105055 -0.16071886 -0.06599494 0.070164554 0.23569568 0.2318525 -0.09862321 0.09728484 0.08664642 0.02476883 -0.2816064 -0.2838709 -0.38417032 0.2128457 0.25287053 -0.038678527 0.21280207 0.15060757 0.17640054 0.08552681 0.22642614
86 -0.24340965 0.17067598 -0.044177186 0.024646653 0.1580439 -0.17831473 0.097876266 0.44828475 0.11671257 0.117000304 0.59342325 0.020370184 -0.067032576 0.07477889 -0.05752617 0.11877918 0.14719966 -0.14065374 0.02844243 0.07250807 0.11635151 -0.20343502 -0.30562586 -0.2613291 0.082078785 0.3586673 -0.11823115 0.2635111 0.014021636 0.30622864 0.13067724 -0.014130386
61 -0.25806385 0.04382697 -0.004160336 0.097355664 0.23617284 -0.02931589 0.058667615 0.3216562 0.05428459 0.15002419 0.63512903 0.006597106 -0.069046475 -0.025692161 -0.05675724 0.06774664 0.18035737 -0.17502658 -0.039115787 -0.03939689 0.07969257 -0.25379288 -0.33872607 -0.2899949 0.054169904 0.32663345 -0.021099888 0.21573219 0.08390098 0.29206404 0.14915825 0.0659991
105 -0.2346771 0.07598484 0.04770553 0.22043665 0.24448577 -0.08442223 0.17451496 0.27544993 0.1983096 0.15406005 0.5496817 -0.1181242 -0.16989058 -0.049187884 0.0022062412 0.17922352 0.20572436 -0.11097576 0.039900444 0.048676856 0.010341132 -0.24616978 -0.28015372 -0.33029166 0.16212046 0.26272008 -0.076207 0.22763452 0.11518812 0.19379358 0.11597406 0.18531962
28 -0.2455897 0.010862643 0.011316017 0.04311322 0.21282366 -0.029101327 0.01597785 0.37906495 0.059617907 0.19611613 0.6932774 0.045493923 -0.05282301 -0.014206023 -0.043902263 0.0006357159 0.20844963 -0.17679045 -0.082278416 -0.06444154 0.04889155 -0.25845784 -0.32728064 -0.25557992 -0.028106852 0.30329785 -0.03155573 0.22889622 0.07970048 0.28794378 0.083371095 0.033064973
93 -0.2748836 0.1372124 -0.01610763 0.04548951 0.14179368 -0.15278514 0.16527514 0.46161073 0.16205515 0.099819176 0.57921726 0.00040463547 -0.064720064 0.068974346 -0.012869454 0.15823935 0.10376244 -0.15544665 0.06384076 0.1218411 0.11942938 -0.15489042 -0.27497724 -0.29733273 0.1110881 0.33591133 -0.12701245 0.2366529 0.013257643 0.2691774 0.07415423 -0.037252333
123 -0.29995418 -0.21570739 0.023210756 0.16725697 0.14143549 0.083786875 0.15325108 0.350202 0.15925819 0.15741561 0.56152 -0.16206829 -0.11991729 -0.14762717 -0.013076129 0.14420447 0.07751288 -0.24960999 -0.019765085 0.012408101 0.007350266 -0.2618641 -0.2608642 -0.33800688 -0.02428548 0.34466892 -0.082812406 0.24230142 0.07594569 0.1998681 0.049456164 0.042458456
23 -0.22517473 -0.038695835 0.023499778 0.117677085 0.21498384 0.010649022 0.020415496 0.2927704 0.048239354 0.21164764 0.62645286 -0.011903035 -0.08700525 -0.06351645 -0.033881404 0.017758196 0.2389029 -0.17163394 -0.08575805 -0.0842378 0.03822237 -0.32017595 -0.36132118 -0.2669075 -0.007889518 0.3375626 0.0072049685 0.26671937 0.12805568 0.27116972 0.09089579 0.14001353
98 -0.20533346 0.14127313 0.006402954 0.19042146 0.29897252 -0.14385362 0.19742638 0.29087085 0.21643469 0.15874314 0.6035214 -0.10268348 -0.14883602 0.0091647655 0.04599713 0.14360107 0.24321702 -0.10057323 0.03059331 0.06447677 -0.00426025 -0.2194541 -0.2718697 -0.30223536 0.15662432 0.23964669 -0.061038796 0.23614043 0.106738225 0.17601313 0.07979483 0.18106109
17 -0.23204589 -0.0274985 -0.01801461 -0.0026885662 0.18717651 0.011169334 -0.059177328 0.36840877 -0.015778305 0.14937802 0.6515929 0.11307978 -0.0058474974 0.016998984 -0.06994032 -0.032028504 0.20272097 -0.21638928 -0.13732946 -0.08055734 0.03442368 -0.27058458 -0.3783739 -0.25159538 -0.08776129 0.3491275 -0.00043600192 0.24425162 0.08003339 0.36254907 0.12273056 0.0010163437
127 -0.27772284 -0.06700692 0.04716145 0.1783809 0.18189141 0.015771823 0.14378354 0.35088864 0.13379191 0.15398332 0.62896156 -0.0898628 -0.12573114 -0.11559338 -0.033512242 0.15116769 0.11136688 -0.22587694 -0.033168912 -0.0057441425 0.0032524045 -0.24529889 -0.2766992 -0.29637083 0.01746912 0.29675537 -0.10214405 0.20256428 0.07044964 0.24888654 0.0975285 0.06645927
54 -0.24173327 0.059868213 0.023926632 0.20903903 0.2548133 -0.11237183 0.22382623 0.28705734 0.22314224 0.16778798 0.5690433 -0.13147219 -0.17555097 -0.054931723 0.026037544 0.16269577 0.22548775 -0.11313658 0.045773193 0.051676486 0.008918994 -0.24579498 -0.27962047 -0.36344305 0.14519314 0.24680047 -0.070805855 0.23335862 0.10091291 0.20001839 0.08800886 0.17458095
33 -0.22390565 0.17636989 -0.008003243 0.115240395 0.20508099 -0.19873647 0.2060955 0.39284316 0.19900769 0.15068302 0.5585272 -0.063999474 -0.10753978 0.05088185 0.03683093 0.16601408 0.17252372 -0.09959046 0.09548766 0.07347737 0.0921475 -0.20160815 -0.29295713 -0.32851708 0.16804475 0.28048736 -0.110572845 0.22441053 0.056793224 0.25290182 0.1086739 0.08744568
116 -0.28810462 -0.23649864 0.041744914 0.20748916 0.13082385 0.06623452 0.1865902 0.3570584 0.15625872 0.15905327 0.5517376 -0.17157887 -0.13952412 -0.17862076 -0.0027491911 0.18516518 0.089275666 -0.25460306 -0.009509752 0.03136571 0.0068311426 -0.2784124 -0.2589423 -0.3448517 -0.022351047 0.3036935 -0.09809593 0.21620543 0.08443502 0.2088361 0.037939046 0.060832255
95 -0.27712953 -0.22958846 0.02008795 0.13117054 0.12085191 0.07130639 0.1099212 0.35143238 0.12036446 0.14535858 0.61392033 -0.1319378 -0.13060185 -0.18953994 -0.048801176 0.13561362 0.08934345 -0.26638564 -0.051910415 0.011496327 -0.0025492248 -0.27202436 -0.2672773 -0.32962507 -0.04988593 0.3247581 -0.089554854 0.25656524 0.07549238 0.23638207 0.0740356 0.016745146
92 -0.21221906 -0.049925122 -0.020697862 -0.008349196 0.1507472 0.012163522 -0.0054869778 0.37064064 0.00011410122 0.13795368 0.6560582 0.07217999 -0.009933573 -0.008047638 -0.056633074 -0.0015557611 0.18833748 -0.18272398 -0.10531496 -0.02847804 0.057030503 -0.3015024 -0.34153935 -0.27239123 -0.044424277 0.3580718 -0.0092288945 0.2585388 0.06391968 0.28325072 0.1296493 0.05241094
45 -0.24472548 0.09997963 0.04815088 0.23378922 0.26444077 -0.11115802 0.19678383 0.2718202 0.2245796 0.1547181 0.52901906 -0.14578868 -0.19018228 -0.03098267 0.043403447 0.1479734 0.21011895 -0.1074711 0.041505776 0.046547387 0.034984916 -0.23097815 -0.31454593 -0.33144322 0.15305491 0.25315642 -0.06583252 0.25804415 0.09944331 0.1628107 0.09027086 0.15420488
108 -0.31640163 -0.12351214 0.019844923 0.11859289 0.104929976 0.01025814 0.120182656 0.41519195 0.15308052 0.14304365 0.6133384 -0.09694205 -0.09053737 -0.06650157 -0.023735339 0.15566915 0.09289274 -0.22088522 -0.020479767 0.020418052 0.04191238 -0.23840201 -0.28119248 -0.31284943 -0.01621971 0.3569368 -0.09248478 0.24608181 0.05593026 0.267963 0.054575145 0.019436147
16 -0.21071015 0.04927534 -0.01809571 0.019437592 0.21265289 -0.038693022 0.026731076 0.33904508 0.02528285 0.1546492 0.64260966 0.07769556 -0.026821136 0.011933485 -0.055299185 0.019981876 0.23174125 -0.14622593 -0.056074664 -0.006489079 0.07557447 -0.26478854 -0.34837064 -0.25502282 0.023981731 0.3438546 -0.01659425 0.24484093 0.09718156 0.2948034 0.12877238 0.068661526
38 -0.2229482 0.06929964 -0.03725209 0.030948289 0.20832047 -0.06754935 0.010226167 0.3443019 0.0123825325 0.15648273 0.6950046 0.090241134 -0.079192154 -0.016550008 -0.053404722 -0.010475091 0.20689757 -0.16882437 -0.10284895 -0.022345264 0.01950619 -0.2382844 -0.3469399 -0.27434203 0.029451983 0.34852728 -0.06173986 0.21940771 0.08480801 0.3120645 0.17275248 0.05049926
110 -0.31939963 -0.17609636 0.034422122 0.21090204 0.10530194 0.042710453 0.15851918 0.3943801 0.19795719 0.129001 0.55597794 -0.1130071 -0.14590873 -0.13336916 -0.025846438 0.20889784 0.066427894 -0.23956284 0.010028989 -0.0008421158 0.02602205 -0.23058586 -0.27316484 -0.3393429 -0.035144143 0.32164526 -0.11631271 0.20319371 0.01690726 0.2632705 0.08095085 0.011597782
8 -0.2976306 -0.022496238 -0.011885962 0.0061049783 0.14806932 0.020510137 -0.015636638 0.3895413 0.011378785 0.15982671 0.66260284 0.101097144 -0.019762356 0.016649285 -0.08584839 0.004462742 0.15990008 -0.23043634 -0.0806667 -0.02758308 0.0883776 -0.27031514 -0.36589864 -0.21739246 -0.06250498 0.4090189 -0.034627836 0.29225135 0.06702531 0.3475961 0.109094545 -0.021608561
122 -0.2421961 0.082696535 0.008140283 0.073988855 0.16394782 -0.0878779 0.14146888 0.38090345 0.12732783 0.16705872 0.5957104 -0.01215537 -0.07819171 0.023063876 -0.017266141 0.16230308 0.16747461 -0.14684649 0.055935472 0.09895703 0.07872015 -0.23359135 -0.28298473 -0.3354699 0.12433981 0.3217007 -0.10307708 0.26194432 0.053969484 0.26058814 0.11135038 0.06364768
128 -0.26505443 -0.031950556 0.003685943 0.0070916107 0.13370648 0.046122767 -0.023826178 0.3497363 -0.039628506 0.15103337 0.6559101 0.11965539 0.006837268 0.009761311 -0.101983525 -0.01534081 0.14408764 -0.2514367 -0.10372535 -0.0348083 0.080855876 -0.29881036 -0.38871062 -0.21158463 -0.054798186 0.39104155 -0.03396057 0.25516492 0.09327683 0.35127217 0.11003556 0.0016637036
24 -0.24817355 -0.21698071 0.05565219 0.2119567 0.13008653 0.06395264 0.18425617 0.33605543 0.1765959 0.15628423 0.52516896 -0.20305145 -0.15311022 -0.18430519 0.03176815 0.20843007 0.09378018 -0.22193195 0.024404969 0.047464535 0.006748274 -0.28001612 -0.2372252 -0.35026786 0.009881009 0.29130316 -0.0987296 0.23889251 0.08448396 0.21106587 0.046075586 0.088866904
18 -0.19194537 0.089933835 0.05426856 0.2679829 0.24799436 -0.10057388 0.22619985 0.25215837 0.24457918 0.19417824 0.51166046 -0.18426342 -0.18110855 -0.06476885 0.064804174 0.20186086 0.20963696 -0.11111215 0.06433727 0.030172586 -0.0096024815 -0.24497284 -0.2436675 -0.33639663 0.17631839 0.24514167 -0.07589457 0.23125127 0.12673101 0.15813407 0.06530441 0.20728423
55 -0.23793775 -0.070130005 -0.022687547 0.021458544 0.15994778 0.07870745 -0.06942268 0.33162755 -0.04083365 0.1513859 0.681697 0.06752341 -0.012835606 -0.010620394 -0.07864474 -0.039334666 0.21789336 -0.19802347 -0.14048703 -0.08371258 0.04487124 -0.32351962 -0.36351532 -0.23848253 -0.0719523 0.39900562 -0.0027570063 0.26907966 0.10920513 0.3382839 0.12551929 0.068527
26 -0.29622933 -0.17450172 0.037996236 0.20983595 0.17996563 0.076404944 0.1530218 0.3342641 0.17207013 0.15598674 0.565849 -0.14990203 -0.14524782 -0.15142691 -0.016966723 0.14161348 0.11314712 -0.20600598 -0.05141546 -0.007115626 -0.0028589093 -0.27506837 -0.28531817 -0.335638 -0.003516462 0.30367166 -0.09257357 0.22903135 0.064392775 0.22322345 0.06196047 0.097662605
13 -0.25153452 0.09164238 -0.04117991 0.03155886 0.23256473 -0.088316254 0.012853563 0.3144403 0.017823271 0.1694946 0.66475457 0.09086108 -0.046658695 0.058396716 -0.03326054 -0.00033035493 0.20326921 -0.1539614 -0.07770946 -0.028945968 0.08628764 -0.2610545 -0.3408006 -0.2553624 0.06384884 0.32456508 -0.032611094 0.24749857 0.094021216 0.32295373 0.14940387 0.06500324
49 -0.20617911 -0.04389854 0.04158979 0.27541992 0.25791758 -0.027938653 0.24144581 0.26270583 0.23572311 0.18879153 0.5722427 -0.18928313 -0.19610581 -0.12184814 0.025945693 0.20175567 0.20348044 -0.13255766 0.015297961 0.065363884 0.015724419 -0.2543217 -0.26217815 -0.39530015 0.14838162 0.22876889 -0.07227244 0.22722605 0.12157951 0.15040633 0.074635 0.19777879
71 -0.2909166 -0.14570934 0.0030571495 0.15439291 0.1105868 0.022534752 0.11288367 0.41599926 0.114174046 0.16343142 0.57808524 -0.08263129 -0.113761656 -0.09230288 -0.022448774 0.12247936 0.09580757 -0.21931195 -0.039964322 0.0083399415 0.058149956 -0.23203023 -0.292799 -0.27965117 -0.060941786 0.357851 -0.07265249 0.2663896 0.035717074 0.26984447 0.0724028 0.0031579167
48 -0.25167602 0.010814802 0.017321413 0.024639802 0.19253063 0.023703616 -0.10600863 0.32882142 -0.092527725 0.20176826 0.6903289 0.14028524 -0.004821578 0.019783229 -0.08311032 -0.08472939 0.25444788 -0.19809005 -0.14373784 -0.109018676 0.042942774 -0.3478967 -0.4129557 -0.20639849 -0.050252404 0.34706986 0.021333147 0.2664993 0.12097415 0.36022165 0.12740742 0.093010455
111 -0.234916 0.15726568 0.028317312 0.18067236 0.27072567 -0.18573862 0.2312908 0.285381 0.21432763 0.15605353 0.5671209 -0.09529269 -0.16014093 0.0061989995 0.02304198 0.17463478 0.22298421 -0.09535881 0.068792805 0.06659761 0.052289423 -0.24455038 -0.27591553 -0.3441165 0.2026968 0.24480204 -0.107884794 0.22628263 0.08468689 0.17354958 0.096439324 0.18157543
21 -0.19987284 0.08387273 -0.00018954722 0.103029534 0.23132257 -0.051925834 0.05657442 0.27838752 0.05075375 0.18280008 0.61518997 0.023280263 -0.09324345 0.0009679146 -0.038375143 0.037962414 0.2542733 -0.13516214 -0.060483623 -0.020160396 0.04703526 -0.2700623 -0.35793182 -0.29525462 0.0737538 0.3161336 0.004719767 0.24274488 0.09600587 0.26702288 0.119512126 0.1424564
103 -0.2819693 -0.09210707 0.029669084 0.14602673 0.14657739 0.023256142 0.118963346 0.36819404 0.12330102 0.16949636 0.58614063 -0.10359616 -0.11047392 -0.072419405 -0.028926274 0.13914526 0.124969184 -0.19877747 -0.038989734 0.024882829 0.03116382 -0.27572796 -0.28365022 -0.29241106 -0.0007077488 0.3174071 -0.09680897 0.21247964 0.062484033 0.24967474 0.06294528 0.065823466
85 -0.2516007 0.16323987 -0.07610485 -0.031756982 0.13069522 -0.17185237 0.068706766 0.47357103 0.079115905 0.12818253 0.62641734 0.071990214 -0.02451732 0.099041745 -0.06274283 0.10055112 0.11539764 -0.15153746 0.018576287 0.08928752 0.10764432 -0.17722134 -0.30189902 -0.2693874 0.06952699 0.3647148 -0.10656066 0.24951722 0.014480607 0.31733003 0.12008773 -0.034930952
109 -0.29278195 -0.12897323 0.04197252 0.13631338 0.15610282 0.038929142 0.14220437 0.34396338 0.1219697 0.16252965 0.58567375 -0.10764056 -0.12495412 -0.11753153 -0.028240204 0.14719863 0.0960481 -0.20514748 -0.008923923 0.0109713515 0.031564727 -0.277616 -0.30512616 -0.32976052 0.019978793 0.34136954 -0.0715796 0.24914305 0.07156427 0.23401886 0.07035323 0.062982254
91 -0.28073066 -0.20185435 0.054726504 0.136975 0.13871625 0.074703656 0.12304257 0.39969367 0.15318395 0.16049317 0.59456694 -0.16067816 -0.13382556 -0.17220135 -0.0017078356 0.15040998 0.06851744 -0.25072417 -0.025683818 -0.019931994 0.046975378 -0.24247704 -0.250515 -0.3213444 -0.05003136 0.31595394 -0.11432616 0.21983474 0.0724878 0.2189027 0.0521921 0.03385625
124 -0.32734 -0.20052141 0.021739738 0.12169779 0.07638028 0.10125255 0.09552877 0.37566248 0.058339898 0.17833307 0.593287 -0.08264075 -0.12261911 -0.15009095 -0.018978156 0.114249445 0.07088119 -0.26088452 -0.037865628 -0.026461726 0.040139336 -0.2943717 -0.30837387 -0.30734506 -0.0551663 0.35065183 -0.0606446 0.27364352 0.0570446 0.24318972 0.08764057 0.034549695
118 -0.23887742 -0.08064483 0.031517055 0.15394467 0.17651172 0.016821124 0.15177752 0.34716877 0.16332981 0.1719422 0.6023631 -0.1031896 -0.14506884 -0.104789786 -0.0043417797 0.12807593 0.1177363 -0.21680215 -0.028562367 0.047338303 0.030186621 -0.2735247 -0.29431468 -0.29312822 0.014375982 0.30098486 -0.086518735 0.2478331 0.08550305 0.22655132 0.054595165 0.07163257
101 -0.23154508 -0.17036788 0.024883674 0.163802 0.13597478 0.05668902 0.1151328 0.32726055 0.09626588 0.17086844 0.61886364 -0.110738054 -0.09806629 -0.15267496 -0.030415574 0.12568916 0.14080277 -0.2336719 -0.04331481 0.021615215 0.024130251 -0.29267773 -0.29367906 -0.3291975 -0.0074335905 0.30285954 -0.041941322 0.23115267 0.092814736 0.23108858 0.08882888 0.09441287
1 -0.24758475 -0.05738694 0.022650646 0.07818336 0.22944798 0.009267058 -0.030013856 0.30969554 -0.01227624 0.200984 0.630335 0.06095313 -0.053213812 -0.04734031 -0.038994905 -0.023876287 0.24245022 -0.18761058 -0.10504564 -0.055236354 0.016530635 -0.30043185 -0.3746937 -0.2794224 -0.016788153 0.3451027 0.012329483 0.24463198 0.12469575 0.27864152 0.0936176 0.093110934
79 -0.2527475 -0.019047037 0.026256185 0.094263524 0.21881846 0.010257852 0.0040390627 0.31661436 0.048308466 0.1977083 0.6326261 0.060318507 -0.051299296 0.0007045672 -0.04395539 0.000809766 0.20710449 -0.1706987 -0.094951905 -0.07228823 0.031641673 -0.2941777 -0.35537782 -0.24694617 -0.023257459 0.32402578 -0.0059393835 0.24873608 0.101872645 0.28994685 0.10960597 0.09633346
102 -0.21652429 0.12371584 0.03872759 0.23736247 0.29978687 -0.15200341 0.23942925 0.32327998 0.22648042 0.14912918 0.54882777 -0.17819385 -0.19305214 -0.033269674 0.08742707 0.18124154 0.20983435 -0.06485049 0.091421105 0.08812431 0.017464796 -0.22445694 -0.26257208 -0.36562994 0.19211808 0.2106627 -0.0887666 0.23484313 0.0956148 0.17016296 0.10338569 0.17117639
114 -0.27311882 0.10974929 -0.050941948 -0.014324516 0.14399984 -0.14130941 0.109928004 0.45477015 0.09935729 0.12344801 0.6071029 0.03141385 -0.04875373 0.10132949 -0.025510393 0.12169599 0.12304831 -0.14751156 0.014985825 0.10133019 0.12751284 -0.18815129 -0.29895738 -0.26588193 0.035834946 0.36746 -0.10058547 0.26867214 -0.0031369282 0.28393054 0.09305001 -0.05779427
5 -0.27562925 0.041878615 0.0034597376 0.015707085 0.16570202 -0.027425125 0.047938243 0.40447974 0.04523332 0.13275278 0.643216 0.07401727 -0.042530533 0.019596688 -0.07631081 0.08294895 0.16981758 -0.17682044 -0.05655117 0.048106242 0.07363012 -0.24778013 -0.3243584 -0.2852557 0.02467973 0.33066708 -0.07207875 0.22107856 0.030238075 0.30200955 0.10434932 0.008386482
19 -0.20592056 -0.0036689355 -0.001207465 0.06542489 0.22840488 -0.0012123131 -0.055844385 0.3254196 0.007517814 0.19525082 0.665228 0.08000116 -0.0578444 -0.015143413 -0.060076285 -0.03929794 0.24856234 -0.18009113 -0.10486659 -0.09995956 0.038056657 -0.30610946 -0.36522102 -0.2751864 -0.008378162 0.3354244 0.03449398 0.2435527 0.1061128 0.33477968 0.10886829 0.11718874
125 -0.24014574 -0.032637224 0.01657239 0.08903986 0.2227083 -0.004714141 0.094216004 0.3682447 0.09489944 0.17041838 0.6565074 -0.04761639 -0.07628684 -0.026704144 -0.0071330443 0.053845216 0.2009319 -0.15918918 -0.048720483 -0.021001903 0.023758093 -0.25340217 -0.32033408 -0.28425583 0.008250553 0.30028296 -0.024878902 0.22154227 0.087024555 0.26093683 0.101612225 0.06945634
120 -0.28922546 -0.09343808 0.03146133 0.19469124 0.17767629 0.0030371863 0.12630138 0.3509663 0.15870059 0.14238134 0.5930358 -0.11894601 -0.14508748 -0.11760516 -0.01002796 0.1493414 0.09529539 -0.202834 2.683264e-06 0.004372835 0.03926284 -0.24597445 -0.28271964 -0.3203022 0.0046250313 0.32664382 -0.10897889 0.21195084 0.068323545 0.22379723 0.04756373 0.06353029
119 -0.28518242 -0.04389895 0.012695519 0.19860043 0.17254823 -0.054317985 0.17609666 0.368523 0.20505024 0.14328657 0.5530897 -0.13931428 -0.17185406 -0.06885455 0.02522199 0.16884907 0.1264536 -0.1806339 0.04335861 0.025660794 0.04635454 -0.2264229 -0.29519016 -0.34525532 0.040475227 0.27627978 -0.11536527 0.245503 0.043551788 0.20768167 0.039135665 0.05618141
2 -0.18139155 0.10581411 0.027181407 0.2208515 0.3004214 -0.14272286 0.22456263 0.26675266 0.21521434 0.18134886 0.5847731 -0.14601202 -0.16435504 -0.055058602 0.06721145 0.1704069 0.25695696 -0.08403106 0.058558173 0.05545961 -0.007997509 -0.28565305 -0.2930259 -0.38044995 0.21860377 0.23590918 -0.03099236 0.22425091 0.133529 0.1930089 0.10713755 0.21505043
65 -0.18152313 0.08047571 0.069437705 0.26437467 0.31206605 -0.083895735 0.2482706 0.23954737 0.23682852 0.20074935 0.56964767 -0.2093732 -0.21263349 -0.09247129 0.10254356 0.17787895 0.23288417 -0.07559176 0.074998006 0.05015222 -0.022327933 -0.26780367 -0.2829666 -0.3642315 0.2162301 0.1890154 -0.031108962 0.21314412 0.14351594 0.1406026 0.07370938 0.2436046
66 -0.248479 -0.042014167 -0.011441509 0.07251343 0.17512628 0.024105739 0.005700906 0.351112 0.020358251 0.14073217 0.61099774 0.0661368 -0.059923217 -0.057749424 -0.079555646 0.044302024 0.18649986 -0.22673948 -0.074149884 -0.020198418 0.06153841 -0.2814991 -0.34104165 -0.29916298 -0.025439134 0.36939368 -0.019413704 0.2304838 0.084231 0.33692664 0.13724764 0.041503754
67 -0.29827088 -0.0904698 0.047062006 0.14750223 0.19342351 0.031560767 0.13672845 0.37424785 0.13353902 0.17679752 0.60570776 -0.10159238 -0.12545806 -0.08310275 0.014801962 0.11122348 0.12141998 -0.19928066 -0.02179343 -0.014545005 0.042170268 -0.24723803 -0.29467243 -0.30153662 0.00023012984 0.31011108 -0.07159777 0.20539095 0.05023791 0.22359598 0.060974926 0.053107068
115 -0.26501688 -0.12534522 0.021965718 0.17254364 0.12055688 0.041421033 0.1661743 0.35401198 0.1716277 0.1582216 0.5406763 -0.16190441 -0.13602677 -0.1463348 0.012412363 0.17008168 0.059486378 -0.23849511 0.023449074 0.045320485 0.026986538 -0.22950736 -0.25260872 -0.31098887 0.023674253 0.32301244 -0.13574187 0.240189 0.07663431 0.19490063 0.030954653 0.06123038
106 -0.28920636 -0.1854228 0.032855395 0.15405282 0.12680715 0.09004446 0.085275434 0.36869037 0.109142646 0.16225405 0.60189337 -0.124010414 -0.11608812 -0.14662296 -0.012135028 0.107529156 0.09630833 -0.25724715 -0.06044709 -0.015310856 0.033149082 -0.27973545 -0.31382242 -0.29280475 -0.086741805 0.339704 -0.0878562 0.25997493 0.07149127 0.26609412 0.024285601 0.06273639
100 -0.27506262 -0.17331435 0.0628223 0.18660334 0.1467606 0.05652076 0.10783977 0.32632634 0.15036882 0.14437519 0.6026767 -0.16334024 -0.15617074 -0.17599043 -0.0037951388 0.13187572 0.10804316 -0.24385305 -0.026641035 -0.023919024 -0.02458412 -0.27625802 -0.28846663 -0.33220905 -0.009603358 0.3183073 -0.062606394 0.243004 0.112406656 0.2291535 0.040656243 0.08679008
3 -0.23377772 -0.07868063 0.030637035 0.13917904 0.22586694 0.02069733 0.03112694 0.29691803 0.06722247 0.16413091 0.6169292 0.00041162584 -0.08044306 -0.082748435 -0.02668873 0.050432894 0.2158813 -0.2065246 -0.07266152 -0.077458456 0.028433187 -0.3155324 -0.35568988 -0.30672055 0.008290663 0.3618065 0.010948525 0.26520935 0.13546793 0.29624882 0.100129396 0.13944864
50 -0.18227366 0.037942104 0.04055188 0.23346862 0.287061 -0.1001262 0.24146222 0.23015535 0.20747861 0.15809861 0.5936823 -0.15591682 -0.19051626 -0.074796356 0.057545543 0.19145374 0.2307824 -0.09521136 0.041529745 0.068454586 -0.029776106 -0.26134455 -0.27007702 -0.37971464 0.19699912 0.22523074 -0.07561992 0.21887486 0.14671572 0.16914473 0.107840225 0.19723612
35 -0.25435224 0.15273212 -0.040576607 0.12903172 0.20942795 -0.1706509 0.1886267 0.38366723 0.1851736 0.16354781 0.5747166 -0.06823034 -0.12807775 0.013768985 0.031011514 0.1802966 0.1431199 -0.1328252 0.06800734 0.09371991 0.09190783 -0.2020077 -0.2578913 -0.3025241 0.15769821 0.28760207 -0.12196306 0.22613633 0.057047643 0.267025 0.079683036 0.059645213
42 -0.1842017 0.10235408 0.08417955 0.31077987 0.31715763 -0.12357124 0.28344747 0.21158333 0.27850637 0.17388003 0.5361634 -0.23911464 -0.22914127 -0.09334715 0.09166593 0.20588455 0.29362002 -0.05824085 0.09242052 0.05372847 -0.015321863 -0.25423306 -0.3088808 -0.37147394 0.2509568 0.1977094 -0.057969283 0.23040058 0.16350304 0.113061845 0.07217232 0.2700054
56 -0.24333867 -0.01787569 0.06856189 0.23951007 0.22749192 -0.03567017 0.21314263 0.285648 0.21814921 0.15444174 0.55067265 -0.13550374 -0.14045331 -0.08233101 0.029129824 0.16385481 0.21663487 -0.13334957 0.055952396 0.045284495 -0.0045899255 -0.23465651 -0.28415897 -0.34722695 0.1263832 0.2546785 -0.073283814 0.2288748 0.11092685 0.15789708 0.07792295 0.15552425
94 -0.24780585 0.19746593 -0.07330477 0.03733792 0.17792962 -0.1839117 0.08312614 0.47096673 0.1281962 0.1251919 0.64099854 0.030192174 -0.06799401 0.07697231 -0.010073128 0.08016252 0.158793 -0.10252976 -0.011435716 0.037519272 0.10337481 -0.15214047 -0.3064025 -0.25882128 0.080157734 0.31993455 -0.12231154 0.22982931 -0.0037970818 0.30521297 0.1384821 -0.0012404528
78 -0.20870695 0.09676552 0.03189633 0.16997334 0.25552648 -0.12323389 0.2129938 0.32051608 0.22547428 0.14200602 0.56450343 -0.12291904 -0.14635813 -0.02462858 0.020801669 0.18968305 0.22993003 -0.07759439 0.07463735 0.07408553 0.039148632 -0.24445258 -0.2976139 -0.3722528 0.17158793 0.26178086 -0.070234686 0.23347446 0.10782733 0.20834878 0.12225018 0.16849235
14 -0.2564717 -0.02356855 0.010218781 0.059613165 0.20503187 0.0136571545 -0.044860497 0.30399552 0.010234375 0.19188148 0.66577697 0.07821204 -0.018674 0.012794317 -0.082143635 -0.015161669 0.2068548 -0.1832457 -0.12092529 -0.10680858 0.06941216 -0.27954727 -0.39064792 -0.20369406 -0.048310615 0.35625547 0.000542277 0.2628111 0.08508051 0.33817133 0.09442557 0.05379024
70 -0.26022342 0.13872834 -0.02413854 0.064529754 0.14941704 -0.15853173 0.11894114 0.4366278 0.14732842 0.11392932 0.5935786 0.009330369 -0.09707887 0.036844283 -0.0012038355 0.14550568 0.120071396 -0.1383982 0.04283854 0.06693549 0.11203989 -0.19121476 -0.29852661 -0.31310856 0.0893874 0.31409273 -0.13978657 0.22195035 -0.0025612924 0.28082645 0.11531116 -0.014066323
31 -0.25700048 0.021207567 -0.015869284 0.06900081 0.22168437 -0.044876326 0.08728747 0.34298056 0.09852693 0.1655239 0.6261892 0.00085142377 -0.09188439 -0.038366426 -0.045658797 0.077462725 0.19369152 -0.16813217 -0.045773305 0.027744284 0.023843134 -0.25458112 -0.3160884 -0.3166826 0.076979585 0.32728758 -0.05484074 0.24384376 0.09616399 0.25780973 0.14298014 0.084740035
59 -0.20542423 0.045765057 0.035986695 0.21937537 0.27682737 -0.08472624 0.23201782 0.3083642 0.21933022 0.18028277 0.6075634 -0.14738652 -0.15735497 -0.06619518 0.016158493 0.15709677 0.2249764 -0.13209026 0.016636405 0.060589526 0.022212999 -0.26797065 -0.27749115 -0.32410446 0.13629474 0.26537615 -0.060844813 0.23200992 0.11362977 0.16962461 0.07842111 0.16798136
22 -0.29325458 -0.12340491 0.030348282 0.15207165 0.1338225 0.026777206 0.076633185 0.3734592 0.120176874 0.14040765 0.62459856 -0.066463 -0.07450492 -0.06667536 -0.031730533 0.073907696 0.10029442 -0.23467168 -0.07017542 -0.03681259 0.054257028 -0.24316624 -0.31465676 -0.2367364 -0.07109311 0.34959465 -0.051455583 0.2501933 0.053703807 0.2571784 0.07284085 0.017965976
30 -0.20931928 0.0047254222 0.015254249 0.2214209 0.28253326 -0.07454216 0.17290197 0.2956912 0.19158266 0.17246936 0.61036444 -0.16109964 -0.17620303 -0.10930417 0.03623027 0.15773845 0.19984183 -0.12965417 0.01441572 0.048474018 -0.0002532563 -0.2587206 -0.24143173 -0.35115778 0.14893757 0.20228145 -0.06536499 0.20767729 0.09812174 0.18799601 0.09643861 0.1674038
57 -0.29364455 0.20509534 -0.033702582 0.04566473 0.17247966 -0.19352199 0.14355029 0.4300959 0.15610808 0.13836311 0.58260447 0.021446709 -0.08224583 0.11339059 -0.036014024 0.13647433 0.16668618 -0.116863415 0.044436138 0.1064404 0.11559437 -0.17270581 -0.2991988 -0.29323074 0.09987225 0.33569947 -0.14056821 0.25212774 0.016685605 0.27218786 0.11549506 0.0049729045
32 -0.24856296 -0.029269254 -0.011255022 0.051577464 0.23351853 0.039067935 -0.06252224 0.33986068 -0.05259211 0.15936963 0.65908617 0.1421276 -0.008559948 -0.0007869059 -0.0883235 -0.0797332 0.26800293 -0.22230251 -0.16227216 -0.07601654 0.059101667 -0.32462794 -0.40321144 -0.22404693 -0.09364754 0.3453409 0.02169761 0.2754818 0.12745805 0.33663106 0.12559739 0.037798308
99 -0.2612837 -0.08497681 0.007923204 0.10702518 0.15922484 0.024312109 0.050888285 0.33485845 0.0625131 0.1669939 0.62062156 -0.011757927 -0.06996171 -0.06269915 -0.040199194 0.050648134 0.1373328 -0.21567903 -0.054680586 -0.019586599 0.056540746 -0.28406486 -0.3364416 -0.24143204 -0.028042015 0.3565952 -0.05239849 0.25424463 0.09138414 0.27712485 0.084361225 0.053560972
58 -0.31697553 -0.15191357 0.024250397 0.1591731 0.15315382 0.0057668043 0.16642755 0.395198 0.16040228 0.13330269 0.5804736 -0.14277387 -0.15055197 -0.14498097 0.022578679 0.15027961 0.08591189 -0.2404259 0.017094241 0.009674758 0.044271573 -0.25791326 -0.25760746 -0.34495342 -0.0027552824 0.32915825 -0.13328266 0.2569653 0.05102468 0.21566023 0.06284249 0.024328774
69 -0.19793463 0.16715054 0.059735067 0.26037207 0.32606807 -0.15321197 0.20092072 0.24639991 0.20582625 0.1973282 0.54270583 -0.111914024 -0.1880505 -0.0035602914 0.056027506 0.14375323 0.28717375 -0.061163086 0.0695725 0.014078322 0.033654004 -0.27562925 -0.3228619 -0.30872017 0.2156967 0.2136223 -0.050562073 0.23295459 0.15128766 0.20500113 0.12742645 0.21859382
121 -0.29726294 0.09972218 -0.05787073 -0.03512205 0.15409322 -0.078409895 0.046535097 0.44542694 0.07820124 0.11024697 0.6022256 0.11903669 -0.0062618614 0.08334719 -0.08021059 0.08146761 0.13474925 -0.15139475 -0.005063585 0.06643032 0.119664505 -0.21086371 -0.3306354 -0.27619657 0.06866469 0.37569988 -0.08084758 0.22622892 -0.005012141 0.33950064 0.103714675 -0.021144308
39 -0.2788623 -0.14831139 0.06454038 0.21989754 0.1521103 0.040285297 0.13209665 0.34629014 0.16981076 0.13336441 0.5552145 -0.15841661 -0.14595364 -0.12961161 -0.01518571 0.13116968 0.10155886 -0.23600392 -0.030614423 0.010598811 0.028730387 -0.25441778 -0.3051574 -0.31094763 -0.0044771135 0.31094202 -0.07778717 0.24340682 0.08563209 0.21306202 0.03435647 0.069668464
126 -0.28878474 -0.141255 0.019354908 0.12434771 0.12954946 0.045165144 0.04957532 0.33894637 0.08383455 0.15712859 0.59330124 -0.05612192 -0.12357422 -0.13148183 -0.05125227 0.08510238 0.10157359 -0.24634515 -0.053553835 -0.039295066 0.035599187 -0.26492685 -0.34061578 -0.31838462 -0.043214474 0.33210516 -0.081573114 0.24153548 0.075535625 0.25002143 0.06810044 0.0118935155
77 -0.26386318 0.12352161 -0.018064471 0.13115403 0.18657531 -0.13386954 0.17815046 0.41825166 0.16379188 0.15419191 0.5880315 -0.059470344 -0.09873238 0.04661038 0.017083572 0.14364877 0.15979303 -0.12823369 0.046138756 0.066570036 0.08966477 -0.17938463 -0.27367994 -0.27426565 0.08430756 0.30596146 -0.0837285 0.25592655 0.03234536 0.23213558 0.084559016 0.0317036
63 -0.2455873 -0.0021755453 -0.013240365 0.05663684 0.19552436 -0.03194371 0.011459935 0.36980802 0.026474971 0.16899371 0.6771119 0.069106236 -0.048310813 -0.026639737 -0.0701045 0.014294385 0.17872013 -0.17788762 -0.09438298 -0.026689108 0.03556468 -0.26745525 -0.35906222 -0.24175178 -0.016899535 0.3487277 -0.017886752 0.22762205 0.07203942 0.31668276 0.110101 0.05040404
6 -0.2754192 0.005455919 -0.013606358 0.0008189189 0.1992701 -0.008883781 -0.06500195 0.36746675 -0.0106749805 0.1785072 0.66809475 0.10865196 -0.021525487 0.009353066 -0.09634533 -0.054494616 0.1895391 -0.2077213 -0.15436688 -0.03935385 0.06448132 -0.25751454 -0.37624666 -0.24241002 -0.075257756 0.36339045 -0.039047945 0.24406038 0.05736042 0.31027603 0.10316317 0.007707775
82 -0.23678908 0.184787 0.006748709 0.13200165 0.20555222 -0.161622 0.19737032 0.37317082 0.17340091 0.15492694 0.5947449 -0.031681508 -0.13794391 0.032699313 0.0023521117 0.15828136 0.1930365 -0.10781369 0.05463878 0.08842388 0.085083604 -0.19148259 -0.27504823 -0.3348592 0.18491612 0.29337928 -0.104794726 0.25707677 0.05535789 0.20886333 0.12155985 0.070334055
60 -0.2338425 0.00956724 0.035852145 0.24469039 0.27305865 -0.072818376 0.24519548 0.2557629 0.22127172 0.16596575 0.528266 -0.20380832 -0.15762328 -0.07276725 0.030656785 0.22633797 0.23934475 -0.11533299 0.06350187 0.106586084 -0.0050900592 -0.2685242 -0.2949105 -0.37422302 0.18834175 0.22674036 -0.07905251 0.22755161 0.13041306 0.14821249 0.10080707 0.22091527
73 -0.22974008 -0.014047565 0.021309014 0.10091566 0.20793146 -0.030330643 0.03364298 0.3239317 0.06875825 0.1565217 0.6407775 0.04415035 -0.06698224 -0.006362608 -0.053530555 0.0271967 0.19286239 -0.19055921 -0.08625356 -0.043122545 0.07110124 -0.28226653 -0.3325039 -0.2627128 -0.015334577 0.34918192 -0.047038995 0.23740308 0.116937175 0.2725019 0.10455224 0.05715763
46 -0.21790706 0.09502206 0.075708896 0.28336847 0.26665047 -0.12394465 0.2856462 0.27999294 0.2700992 0.17991392 0.50863045 -0.21094114 -0.18591331 -0.007879747 0.07615977 0.23940228 0.2519351 -0.06629353 0.09546044 0.085706696 0.01564646 -0.21486093 -0.3012129 -0.37168247 0.18657391 0.21114022 -0.085781865 0.2305005 0.08301982 0.14603484 0.061589394 0.20382082
41 -0.2533103 -0.05811017 0.041881118 0.23724213 0.21268073 -0.03474619 0.23183559 0.30388886 0.22874618 0.15288524 0.5343863 -0.22086489 -0.18377882 -0.14053214 0.06421968 0.20192303 0.13589476 -0.13956317 0.029061135 0.031884972 -0.012639714 -0.24730545 -0.26828402 -0.37442914 0.1016374 0.22778486 -0.07759095 0.23511598 0.08274605 0.18660884 0.0511294 0.14600863
84 -0.26229206 0.09724583 -0.013585073 0.08037663 0.15357049 -0.09122692 0.117586635 0.43031207 0.14793684 0.124280676 0.6124045 -0.016814927 -0.07732468 0.057962775 -0.014591916 0.09927772 0.11640032 -0.1469365 -0.012274347 0.02151906 0.08061671 -0.16804472 -0.32135534 -0.27212673 0.030391378 0.33694795 -0.10711786 0.26435924 0.014518038 0.27768883 0.08018582 -0.02083987
80 -0.2132953 0.12828271 -0.048830684 0.08035643 0.15875252 -0.13978074 0.10327403 0.44470477 0.13580732 0.12395014 0.63913816 -0.017219376 -0.08817466 0.00990763 0.008486544 0.12124296 0.1280093 -0.13375708 0.029422896 0.052382 0.075944856 -0.19185117 -0.2664804 -0.2795971 0.07621991 0.32087886 -0.10682781 0.24632473 0.030024076 0.27687064 0.11582192 0.031759173
81 -0.19044328 0.096461095 0.032873373 0.20670632 0.29108232 -0.13798329 0.22357853 0.26908496 0.2271412 0.16167662 0.53936946 -0.17045462 -0.16353554 -0.03089854 0.0770236 0.1847107 0.26816586 -0.05328072 0.0728706 0.03432824 -0.009850496 -0.24019319 -0.2971531 -0.37101248 0.18171626 0.2074059 -0.038176693 0.24133688 0.13161093 0.19095625 0.094337314 0.20017497
87 -0.3076532 -0.17802405 0.02721764 0.12687789 0.17913397 0.051524233 0.09069946 0.38599336 0.13317993 0.15246046 0.6147449 -0.07582407 -0.13001113 -0.14914091 -0.040825024 0.089206636 0.13965112 -0.25498384 -0.047128137 0.0007165982 0.00057422085 -0.2793437 -0.3102421 -0.30143136 -0.06264648 0.31836286 -0.03697507 0.24724957 0.060409006 0.24292526 0.054588765 0.05008768
27 -0.21653828 0.05519282 0.043317206 0.24181384 0.29259518 -0.10476296 0.22074634 0.29667395 0.21756347 0.18855426 0.52258825 -0.19278438 -0.18682122 -0.06438149 0.07439051 0.19659777 0.25515977 -0.098316506 0.07125138 0.0644545 0.0028386165 -0.26861936 -0.27799815 -0.3587314 0.1538002 0.20242302 -0.048652902 0.22108363 0.111182675 0.1514288 0.079304494 0.21481524
88 -0.29712942 0.11578327 -0.035946656 0.08751975 0.13049935 -0.1403802 0.14233604 0.46651906 0.10903035 0.15569589 0.5818292 -0.0038112393 -0.10667948 0.046190158 -0.012497826 0.13124266 0.13387027 -0.1438101 0.011831717 0.065464675 0.1187899 -0.19417484 -0.30462036 -0.2719996 0.06628673 0.28817284 -0.14400369 0.24436842 0.0009575047 0.26361746 0.09686161 -0.009554243
75 -0.2861687 0.113971815 -0.06132425 0.0067817634 0.17435947 -0.09856133 0.05492625 0.4207319 0.05598182 0.15239984 0.6098731 0.08776911 -0.047539286 0.070734784 -0.057498567 0.07032374 0.15839048 -0.15331186 -0.036648046 0.052280027 0.090190485 -0.21373619 -0.343819 -0.28132546 0.045168232 0.35683295 -0.08804251 0.27004683 0.013813105 0.29119498 0.13494891 -0.0030658254
51 -0.20017518 0.047417082 0.054439213 0.1816739 0.2474961 -0.069163516 0.18373108 0.23664694 0.15718932 0.1484347 0.5416096 -0.12946947 -0.13653873 -0.077469274 0.0057789236 0.17637213 0.24118474 -0.14909498 0.03562889 0.075737275 0.05429475 -0.29766628 -0.32757115 -0.34957895 0.15192999 0.27010462 -0.04951166 0.26980844 0.14222822 0.18522309 0.13334723 0.18786234
64 -0.2648733 0.17126487 -0.022588799 0.096451715 0.172855 -0.18404016 0.1829899 0.42587876 0.21764717 0.12863904 0.56791925 -0.07335021 -0.13188294 0.05372898 0.0077439155 0.17333229 0.15763092 -0.116417766 0.094992556 0.11867285 0.12744361 -0.16443537 -0.27671665 -0.3193722 0.12989098 0.31023613 -0.15509427 0.2636236 0.021995232 0.20644625 0.09368238 0.022983273
12 -0.2285642 0.059262045 -0.04323675 -0.020200279 0.23369662 -0.07177398 -0.072110444 0.3680184 -0.036861494 0.15216906 0.69295204 0.14127102 -0.022636913 0.030034104 -0.057747312 -0.051294625 0.23966303 -0.17844489 -0.13866307 -0.06284821 0.05464672 -0.28817785 -0.37892848 -0.20759203 -0.04595286 0.35149142 0.005687364 0.24376546 0.07017781 0.35213232 0.144158 0.014526472
7 -0.24792837 -0.006813734 -0.042809546 0.033285473 0.18403037 0.0008885663 -0.03210554 0.39455754 -0.036684643 0.17242362 0.6964387 0.076321654 -0.0063531557 -0.020114655 -0.09139441 -0.02217496 0.1553005 -0.22147486 -0.120866664 -0.056707695 0.066981345 -0.28440186 -0.3459115 -0.2480977 -0.0320553 0.38722694 -0.015489339 0.26107532 0.06715467 0.35140175 0.13936213 0.006239791
