128 32
36 -0.058992974 0.29490528 -0.37772965 -0.12679414 0.011618612 -0.11608979 0.10837606 0.09744867 0.04438246 -0.28890476 -0.032107823 0.25321203 -0.100275636 -0.08008571 -0.14333263 -0.061105292 -0.098567665 0.1720793 -0.09921353 -0.047832876 0.4132998 -0.5511063 0.1091118 0.050359927 0.18312936 0.19228676 0.17407432 0.030480232 0.28084555 0.23722607 0.22561324 0.36768022
108 -0.087115616 0.2057111 -0.39434707 -0.12184049 0.008358063 -0.095332064 0.07355155 0.043066896 0.040327437 -0.32830238 -0.013700407 0.20925054 -0.058966458 -0.060394455 -0.1904397 -0.101967655 -0.11357527 0.1421461 -0.12825575 0.015031417 0.39791414 -0.45909652 0.0443349 0.079037696 0.22546786 0.15257064 0.16708998 -0.008903882 0.30407593 0.25433555 0.20628144 0.37615237
85 -0.12224111 -0.009741381 -0.3505081 -0.13550441 0.07247411 0.10706548 0.039349858 -0.12568201 -0.07731169 -0.46684676 -0.10384993 0.061056476 -0.0343291 0.2893051 -0.14862019 -0.038502883 -0.28530425 -0.007823818 -0.13052405 0.12804544 0.2059296 -0.3854778 -0.082801595 0.034825332 0.19077884 0.1448101 0.1523893 -0.12785806 0.34611645 0.31504545 0.24744868 0.4475314
38 -0.10053481 0.2804515 -0.41396776 -0.1655924 0.021758562 -0.0770433 0.0935788 0.08523919 0.049332347 -0.26539212 0.006222429 0.22315535 -0.06496409 -0.07548402 -0.15948673 -0.07536228 -0.08006694 0.16061777 -0.12343999 -0.004601567 0.43415135 -0.4775852 0.044355076 0.06081523 0.20526773 0.15357372 0.15345198 0.0039101867 0.31813887 0.2347821 0.2206302 0.35116678
16 -0.1181886 0.07388406 -0.38507807 -0.1621908 0.043972276 0.047720533 0.05936713 -0.06539285 -0.022783225 -0.39218885 -0.034119353 0.14219412 -0.0421764 0.14448343 -0.18549451 -0.04552836 -0.22464646 0.046573326 -0.1156082 0.067306906 0.30104655 -0.36367735 -0.037712026 0.06433481 0.25183743 0.15651743 0.16101795 -0.072873585 0.34301734 0.2894251 0.2297893 0.39959252
125 -0.15624472 0.040587634 -0.28298786 -0.20127001 0.022285998 -0.10731837 0.06407264 0.07263987 0.018785328 -0.34374663 0.053330474 0.041295417 -0.013445655 0.14890328 -0.24888068 -0.110048264 -0.12025361 0.09176387 -0.2684926 0.08481756 0.37438437 -0.29117212 -0.05004904 0.17651832 0.37734917 0.15412608 0.11752674 0.07726072 0.31748676 0.32130378 0.32416752 0.33659413
33 -0.14028746 0.017571889 -0.35884875 -0.10563982 0.08944182 0.11577603 0.050040666 -0.10482354 -0.08141801 -0.44627824 -0.1108419 0.07343502 -0.046128437 0.23711243 -0.13216034 -0.018794885 -0.25871345 0.005549579 -0.09268589 0.12082047 0.20544279 -0.4199041 -0.057955835 0.063970484 0.19739094 0.16316585 0.15167804 -0.16310757 0.33018452 0.33628017 0.23440072 0.42006987
114 -0.086746685 0.26400197 -0.3728788 -0.13323814 0.011977051 -0.117900886 0.11516922 0.09858232 0.04585007 -0.3048153 0.031887326 0.24226151 -0.053089175 -0.081877306 -0.18893638 -0.07587796 -0.08239864 0.17178085 -0.13855791 -0.011858717 0.43791774 -0.48130912 0.069898576 0.057499543 0.23173554 0.15136644 0.18735754 0.04836862 0.35064632 0.22262561 0.2450116 0.35440063
97 -0.120706804 0.050167203 -0.40654486 -0.11497645 0.0845034 0.12291449 0.053577967 -0.13018003 -0.097349726 -0.43426758 -0.12695697 0.12981649 -0.0476845 0.18566222 -0.10281858 -0.03351174 -0.25174043 0.019305348 -0.08112397 0.1031338 0.2461115 -0.43555784 -0.042468227 0.02295684 0.159872 0.15887453 0.17008603 -0.18857639 0.32687825 0.30859438 0.20429061 0.4274689
81 -0.082391955 0.29854026 -0.35464832 -0.0104297055 -0.045752566 -0.08253809 0.12281077 0.047648747 0.0718658 -0.2815511 -0.06273742 0.2411282 -0.09948815 -0.029831875 -0.17269398 -0.11674078 -0.027266221 0.21713658 -0.10845534 -0.005793465 0.37715456 -0.6397154 0.11622813 0.10912853 0.1892588 0.14513744 0.18628226 0.019555189 0.2902139 0.21809761 0.22667389 0.32145077
21 -0.12256921 0.06655892 -0.3182285 -0.20533258 0.05419285 -0.063198306 0.048146546 0.045696158 -0.024458125 -0.35440376 0.04850693 0.07518165 -0.01952378 0.11613669 -0.21497807 -0.08115606 -0.19019097 0.05037004 -0.23742211 0.07574688 0.35851714 -0.3187541 -0.07872574 0.14723039 0.3148468 0.15690723 0.17167889 0.0065299626 0.3355342 0.30867684 0.30329862 0.3640949
96 -0.1614249 0.21178246 -0.23838249 -0.0082023 0.014721869 -0.1123767 0.09717029 0.081664145 0.038154192 -0.30898416 -0.018997794 0.11095861 -0.14153543 0.06516545 -0.1868669 -0.15183549 -0.00068171835 0.1779684 -0.21842527 0.019440025 0.3672271 -0.5714908 0.08592713 0.19429675 0.29385287 0.116208725 0.10124024 0.099227615 0.31204256 0.26791367 0.27640393 0.2854309
89 -0.061829068 -0.023466518 -0.47633198 -0.13603048 0.11483284 0.20249571 0.011950575 -0.251929 -0.15183747 -0.5143294 -0.20397258 0.115250714 -0.034098823 0.29909357 -0.055065993 -0.003677608 -0.36833918 -0.09579215 -0.043334607 0.1806477 0.13012442 -0.40740618 -0.098893955 -0.04654702 0.10639663 0.15664332 0.20086542 -0.3196229 0.34612954 0.35281822 0.16105027 0.5240249
5 -0.15663087 0.019793821 -0.27969205 -0.22860122 0.052288964 -0.06335147 0.028569534 0.027984705 -0.023640875 -0.37143546 0.043282565 0.044663943 -0.012396941 0.20646036 -0.23610526 -0.08178718 -0.19085482 0.040856518 -0.23419002 0.08523422 0.3183363 -0.27511144 -0.070101835 0.12291044 0.36472318 0.15388685 0.14022829 0.04141801 0.34212178 0.31488565 0.29559344 0.36755705
119 -0.1400178 0.07665994 -0.32198068 -0.2017839 0.043241583 -0.06399542 0.047266316 0.0471402 0.0023305204 -0.3785361 0.03463364 0.07133751 -0.011826903 0.13082074 -0.22645557 -0.06049711 -0.1756327 0.056590077 -0.19180486 0.041144177 0.35023397 -0.30395555 -0.04357506 0.118721806 0.318424 0.15062687 0.1428659 0.00050435436 0.3319455 0.30666813 0.2794329 0.36893684
51 -0.24635735 0.20632397 -0.20640734 -0.002330243 0.009061283 -0.06643044 0.05724722 0.07107393 0.06394413 -0.3122411 -0.09085006 0.06352161 -0.14931047 0.1409946 -0.15109798 -0.16051567 0.019512564 0.15252279 -0.23863725 0.1146595 0.2997333 -0.6345138 0.07468763 0.26253217 0.3351463 0.11876997 0.08804087 0.053237326 0.29828784 0.24437661 0.25387615 0.23911943
122 -0.09088028 0.09708047 -0.42867228 -0.11325312 0.040528357 0.16743432 0.071339674 -0.134068 -0.08574168 -0.43431294 -0.18206629 0.15094854 -0.0690303 0.18791048 -0.07637732 -0.041089162 -0.2646513 0.017333202 -0.053199653 0.1329557 0.24227874 -0.44524825 -0.056335773 -0.019965049 0.11292293 0.15806004 0.17049494 -0.24293014 0.33970058 0.33514416 0.1517863 0.43079314
1 -0.14397101 0.0017454686 -0.28766772 -0.17446959 0.07683892 -0.0059230267 0.062508054 0.0057302373 -0.009067219 -0.41933957 -0.018918201 0.04535447 -0.027393742 0.21665768 -0.19355156 -0.056955613 -0.2134524 0.019896153 -0.22436799 0.11428871 0.30073065 -0.3253709 -0.083371095 0.124250114 0.33458358 0.15709221 0.115863055 0.005761949 0.32236382 0.3019157 0.27279323 0.3891263
48 -0.14827771 0.03727542 -0.31291905 -0.19525401 0.039208155 -0.08583682 0.08058442 0.05238231 -0.004184856 -0.3721022 0.053208232 0.082800195 -0.008112509 0.1193115 -0.24586365 -0.10410663 -0.16709171 0.08907002 -0.22319785 0.074259885 0.37839445 -0.30727467 -0.04283573 0.1521436 0.34735563 0.15277568 0.13323593 0.06834167 0.32677975 0.33013827 0.28605035 0.3493284
52 -0.07308274 0.24450049 -0.3934768 -0.15770285 0.011107447 -0.11046587 0.09915859 0.11420606 0.048783943 -0.2790287 0.022109129 0.2392336 -0.042975716 -0.09143606 -0.18949506 -0.07054932 -0.10465593 0.18274793 -0.12831514 -0.028505383 0.44160813 -0.41554758 0.05975326 0.05570055 0.24306044 0.17638066 0.19712347 0.05260334 0.31268013 0.2282328 0.23818156 0.36563036
58 -0.15090953 0.18542248 -0.2439312 -0.046731528 0.024875496 -0.11355397 0.06938249 0.06731295 0.055486906 -0.31955418 -0.012543923 0.07863273 -0.10785968 0.05131981 -0.21071428 -0.1400225 -0.011305838 0.1648776 -0.21849659 0.061495647 0.33901626 -0.52220756 0.08003636 0.19358799 0.33404025 0.12716171 0.10743156 0.08086121 0.2945206 0.25813696 0.29257765 0.2993395
80 -0.15747643 0.056560285 -0.26847953 -0.25148705 0.03413714 -0.1519156 0.08807963 0.15637088 0.029279737 -0.33172756 0.11386746 0.0604878 -0.0061288476 0.10911806 -0.29812232 -0.09431402 -0.11501146 0.13485609 -0.2689641 0.019250212 0.4541382 -0.24304245 -0.05828497 0.15271166 0.42281857 0.16421556 0.12751287 0.122033134 0.3415526 0.29655814 0.31923726 0.32948282
107 -0.07461499 -0.005396127 -0.44401658 -0.09456879 0.09504266 0.18117875 0.02831968 -0.1931535 -0.113777824 -0.4916569 -0.16937171 0.12704259 -0.06089796 0.2858008 -0.068589866 0.018795703 -0.34360984 -0.045064267 -0.05450904 0.13745387 0.18897434 -0.41584125 -0.063157216 -0.0105147865 0.14854506 0.16259657 0.20881462 -0.24949561 0.31973025 0.35148638 0.17679034 0.48103464
49 -0.10154774 0.24059348 -0.3306794 -0.088375136 -0.012316927 -0.084737755 0.1016011 0.08933432 0.060552515 -0.2955308 -0.019637866 0.17685342 -0.09976542 -0.0361747 -0.17447832 -0.1354271 -0.033703648 0.18454397 -0.15507606 0.0062251436 0.386773 -0.5281668 0.08363128 0.12953651 0.26228547 0.12580158 0.14214928 0.037700996 0.31511208 0.24143183 0.23114355 0.3318453
64 -0.14102992 0.03830027 -0.42262703 -0.073946156 0.10092309 0.1770657 0.03258889 -0.17446549 -0.106779985 -0.44151843 -0.18975602 0.11409029 -0.086933866 0.2576775 -0.064726435 -0.012082155 -0.2947188 -0.011042337 -0.04438838 0.12880501 0.148359 -0.5188884 -0.04646221 -0.0030413477 0.13822544 0.1591974 0.16717356 -0.23307076 0.29696333 0.32994488 0.15920752 0.4532307
2 -0.13188076 0.24960372 -0.33660975 -0.055547185 0.014084295 -0.082500465 0.08525266 0.06884379 0.026341755 -0.28495446 -0.05347797 0.21160324 -0.12028557 0.008018404 -0.15758307 -0.07794473 -0.0500935 0.19052917 -0.12771052 -0.019534733 0.375613 -0.56975996 0.11803998 0.089100815 0.23095265 0.16227826 0.14264573 0.029361052 0.27622947 0.24792357 0.21338755 0.3474639
110 -0.066673525 0.21306005 -0.37133306 -0.18939506 -0.0018176857 -0.11603524 0.09968797 0.108148105 0.025716556 -0.28993428 0.0100012645 0.18714039 -0.049793877 -0.029144088 -0.18903434 -0.0852082 -0.1176484 0.13364382 -0.1573365 0.022286216 0.42302918 -0.39476442 -0.0030508777 0.09811014 0.24571845 0.1759405 0.16888554 0.03411484 0.32128322 0.24658938 0.26063883 0.37209326
115 -0.18181148 0.20958102 -0.20296076 0.104717284 0.001808673 -0.080179 0.101467356 0.023967003 0.045677386 -0.29534516 -0.09620956 0.112236634 -0.161133 0.11341092 -0.14047582 -0.13355537 0.011112508 0.1603727 -0.21275789 0.07713294 0.27833447 -0.70920306 0.08801138 0.24227586 0.29305068 0.10484237 0.082822554 0.070027925 0.29879683 0.2654778 0.27944675 0.2816282
73 -0.16629694 0.05407556 -0.24228607 -0.18872486 0.041755892 -0.118815154 0.049858242 0.094737254 0.0053982656 -0.37108916 0.036143586 0.04079427 -0.02265491 0.14656621 -0.24262284 -0.12168909 -0.1507064 0.08533716 -0.27139992 0.08230414 0.39185223 -0.2653978 -0.074528195 0.1701502 0.3906921 0.16840643 0.11791655 0.08799193 0.2873732 0.31816468 0.32470915 0.34748757
22 -0.1843664 0.20308198 -0.2446574 0.016926652 -0.013988537 -0.09182459 0.07689387 0.066650584 0.070082046 -0.29054365 -0.038459435 0.11138215 -0.16159035 0.045121368 -0.21205668 -0.14842415 0.012422756 0.19968753 -0.22620665 0.050429136 0.35290954 -0.617768 0.11271483 0.22590022 0.30435207 0.14540963 0.13740933 0.092342205 0.276565 0.25148952 0.256812 0.29811695
103 -0.26225376 0.1316442 -0.18861938 0.01297038 2.3068616e-05 -0.065148175 0.078707635 0.077315174 0.03441358 -0.32798272 -0.050424553 0.015658215 -0.12435411 0.22641948 -0.21902516 -0.14429592 -0.0028992018 0.14964165 -0.2733965 0.11681619 0.2833193 -0.5651727 0.03289775 0.29324695 0.3658584 0.1141117 0.07085641 0.095190816 0.28078398 0.32574135 0.31491476 0.2615545
31 -0.16035457 0.008881609 -0.29696777 -0.2527891 0.04576585 -0.108413234 0.08548761 0.066821925 -0.02661511 -0.38636312 0.084095195 0.047016874 -0.02295906 0.1527539 -0.2727499 -0.10432587 -0.16282128 0.03601488 -0.28391925 0.09022301 0.36818588 -0.19286275 -0.09826615 0.15020151 0.38884938 0.1678504 0.12894759 0.08039848 0.34813392 0.31570387 0.32116792 0.340802
63 -0.11337818 0.10987422 -0.31864905 -0.1842829 0.009127215 -0.07233144 0.09194788 0.085830905 0.007822225 -0.3328963 0.04485143 0.109186016 0.0017956675 0.08348945 -0.23917353 -0.09350614 -0.16064279 0.1347042 -0.1854586 0.028976265 0.39506066 -0.30457217 0.007102374 0.10088915 0.3407833 0.16102302 0.14207137 0.045176663 0.30099726 0.31341565 0.27704024 0.3672756
75 -0.13376646 -0.019412791 -0.42061698 -0.056855105 0.11563527 0.22815861 0.028698364 -0.23279119 -0.13270259 -0.53301865 -0.21112534 0.08563777 -0.048297517 0.3363731 -0.0717301 0.010706939 -0.36080843 -0.086384214 -0.05533663 0.20299985 0.08070691 -0.46434817 -0.09366396 -0.01833401 0.12422086 0.15597442 0.1905077 -0.30870283 0.3421835 0.3639868 0.17178783 0.4871583
42 -0.06453784 0.25167245 -0.39640078 -0.07870948 0.032055415 -0.07116969 0.105592296 0.01924911 0.0053471993 -0.30177477 -0.022261335 0.20344438 -0.07969658 -0.037408315 -0.13677244 -0.08861137 -0.105754666 0.10726024 -0.07530863 -0.009817409 0.36500013 -0.5541714 0.07870686 0.028291672 0.18879853 0.15733044 0.1624498 -0.018763226 0.31039548 0.24187487 0.21676292 0.35726312
6 -0.13760038 0.1155468 -0.32851458 -0.18080269 0.013911004 -0.09044739 0.06492678 0.081672154 0.0020728877 -0.34913364 0.050431803 0.10973554 -0.0018248379 0.089048825 -0.22777718 -0.09208977 -0.1598866 0.095242366 -0.23372164 0.043085102 0.4031989 -0.29170442 -0.037287463 0.10226549 0.34126362 0.13675034 0.13115534 0.04629409 0.33581406 0.28238112 0.29010266 0.37421742
44 -0.05587137 0.2209666 -0.3929944 -0.09126046 0.007227016 -0.025512721 0.097940736 0.021716425 -0.011281801 -0.31301093 -0.048653346 0.23406108 -0.09949365 -0.0023166775 -0.13374196 -0.069362246 -0.12968802 0.11467202 -0.0919681 0.014307607 0.32018718 -0.52936894 0.06873208 0.02138383 0.13348998 0.1624568 0.16396707 -0.046117608 0.28873566 0.26200807 0.21306969 0.38657814
47 -0.12890796 0.2270407 -0.34346288 -0.05125289 0.023261346 -0.07952018 0.09169558 0.07173484 0.034738645 -0.31136099 -0.022028325 0.18406837 -0.119981155 -0.014058594 -0.1969155 -0.14271459 -0.07754997 0.14937958 -0.15336327 0.006428852 0.36659148 -0.51372737 0.080268666 0.1335803 0.24532832 0.13903297 0.13428146 0.03392315 0.28194237 0.27963537 0.23581469 0.33365673
86 -0.07171541 0.23928884 -0.39184463 -0.1347707 0.013567743 -0.06922077 0.12503003 0.048249062 0.0057013207 -0.32594258 -0.037173983 0.24043618 -0.05857017 -0.009219311 -0.1350787 -0.05825157 -0.13948503 0.14771104 -0.12456964 -0.00702385 0.38445795 -0.476673 0.060121324 0.03236534 0.19472565 0.1589314 0.19341889 0.002401787 0.29759905 0.24923784 0.21304211 0.3518308
118 -0.20225567 0.09532639 -0.276147 -0.024813792 0.030159628 -0.0073124045 0.08153753 -0.02472119 -0.0006474331 -0.3676553 -0.09436935 0.042631183 -0.116352744 0.19965038 -0.17803036 -0.12237362 -0.10094065 0.08506548 -0.20597836 0.11915255 0.2533314 -0.5117098 -0.0031302 0.20483397 0.2878426 0.14320126 0.121082164 -0.0093704695 0.29514265 0.3114094 0.26501232 0.29542387
56 -0.06125359 0.14353791 -0.40817744 -0.16467789 0.021193722 0.0033974834 0.072787836 -0.022259532 -0.0333226 -0.3429505 -0.055064276 0.19781284 -0.06744299 0.0809808 -0.12855946 -0.06406905 -0.20366417 0.08699176 -0.09528711 0.02489155 0.35775056 -0.4063626 0.004831981 0.00995252 0.19298993 0.17017387 0.16816042 -0.08010231 0.30730033 0.2683904 0.19352487 0.4212401
112 -0.13734178 -0.02631395 -0.4454961 -0.06906594 0.11536863 0.20464472 0.026835501 -0.25723135 -0.1369918 -0.5353907 -0.21363765 0.07355573 -0.045249153 0.32976788 -0.054954447 -0.018575594 -0.35613924 -0.1021848 -0.07616038 0.1713271 0.10388234 -0.43994504 -0.11285277 0.011170215 0.118836425 0.14322306 0.14005889 -0.29394022 0.32557076 0.33020577 0.1893359 0.47819167
84 -0.11481106 0.05353798 -0.43116403 -0.02032839 0.071550906 0.19306669 0.03863768 -0.18945563 -0.106272675 -0.47224292 -0.21206728 0.11662048 -0.08767304 0.26315972 -0.076834336 -0.056388408 -0.27329126 -0.015220933 -0.059327632 0.16978726 0.15469702 -0.52051437 -0.059679177 0.0017040685 0.10036593 0.1361417 0.19953494 -0.2857782 0.33499143 0.35146135 0.14692277 0.44266278
32 -0.17197737 0.0059216935 -0.29753476 -0.22834975 0.062144224 -0.065581545 0.03994546 0.014481889 -0.01946594 -0.3964569 0.03441997 0.008917229 -0.021814588 0.2366325 -0.21781455 -0.08019247 -0.21255837 0.07023856 -0.25567627 0.07771638 0.3237354 -0.25010246 -0.09999988 0.13706994 0.3608217 0.1434752 0.11301489 0.04949737 0.32568854 0.32561827 0.31095302 0.38448754
46 -0.03203668 0.1911485 -0.42409405 -0.10472955 -0.012128156 -0.04441043 0.062425464 -0.016589146 0.011000065 -0.3458262 -0.06612195 0.18961024 -0.093035564 -0.04230522 -0.13573721 -0.090672605 -0.1508024 0.097974114 -0.058989704 0.023064103 0.3271469 -0.51603675 0.08499597 0.04500799 0.14832763 0.14359769 0.20327239 -0.09505529 0.30711842 0.2797639 0.17550251 0.40150434
19 -0.23443423 0.13237272 -0.21479072 0.03333579 0.031827558 -0.05837383 0.06912608 0.026283478 0.037191156 -0.34362423 -0.07071158 0.042912252 -0.123187214 0.18048385 -0.16506964 -0.13687868 -0.0042990805 0.14490335 -0.2187172 0.12150643 0.23770912 -0.6086403 0.063032895 0.2760224 0.33479944 0.10727669 0.09653398 0.06357368 0.298547 0.2819888 0.2697487 0.27525446
55 -0.05448327 0.20085874 -0.3720718 -0.10087945 0.055411562 -0.05341365 0.100683644 0.012772062 -0.008432589 -0.31171134 -0.04501516 0.2163391 -0.10025846 0.03668758 -0.13651665 -0.06301325 -0.16055475 0.090136096 -0.09878246 0.013676376 0.34236187 -0.518956 0.05251326 0.014299472 0.17162633 0.15414186 0.17319392 -0.054211035 0.31519172 0.24356787 0.22469036 0.41420767
60 -0.06138774 0.16186154 -0.4184973 -0.13630429 0.034918636 -0.018056849 0.09799594 -0.02820746 -0.016065931 -0.36353755 -0.032522082 0.21055959 -0.06767615 0.05907937 -0.13332328 -0.05379982 -0.19149683 0.08429421 -0.0896076 0.049425714 0.3313114 -0.44611928 0.021720199 0.011338869 0.15737109 0.1835545 0.1807298 -0.074063614 0.32296905 0.26689604 0.21974891 0.42558792
66 -0.108188 0.05132911 -0.2910692 -0.21665528 0.0022410047 -0.146531 0.05702169 0.104758084 0.023553003 -0.34108427 0.0778272 0.06827168 -0.019465381 0.089293495 -0.2640494 -0.076372 -0.15695764 0.098143004 -0.26097912 0.041136187 0.3881233 -0.2949606 -0.044750597 0.16309853 0.38562688 0.16227052 0.1688479 0.10269734 0.30123633 0.31122443 0.32376426 0.33162773
28 -0.119962186 0.053984344 -0.32770061 -0.15580165 0.04926397 -0.058155365 0.07572784 0.015946994 -0.014072875 -0.3743572 -0.0046398723 0.10091808 -0.0061144377 0.105537176 -0.20659727 -0.07054204 -0.19096199 0.046609666 -0.20590976 0.09552267 0.33761212 -0.32738233 -0.07887845 0.10353541 0.3210873 0.17207548 0.16924226 0.0014904247 0.29746214 0.3060006 0.25592932 0.37715033
61 -0.17216119 0.039841615 -0.31210536 -0.24145608 0.054159008 -0.08383649 0.05316646 0.046535015 0.0016356613 -0.3650621 0.05173537 0.064497076 -0.0109580085 0.16893713 -0.21975164 -0.11382026 -0.15599027 0.068476565 -0.25925854 0.06824192 0.39800224 -0.2592588 -0.06964277 0.13549416 0.36315054 0.14611965 0.14083274 0.055400714 0.30938232 0.30630055 0.29716858 0.37392312
26 -0.20676547 0.19289917 -0.19364865 -0.019025274 0.057714485 -0.12355604 0.089215994 0.112651736 0.04910708 -0.2918907 -0.016676556 0.08497433 -0.14120391 0.11815642 -0.1776607 -0.13158171 0.02036299 0.18356945 -0.27617264 0.07705441 0.35042065 -0.5911266 0.04572949 0.22074215 0.34750652 0.14821401 0.06233679 0.1264203 0.292155 0.24753596 0.3019781 0.27090868
69 -0.07609553 0.22003818 -0.35825047 -0.14658849 0.061703138 -0.043351296 0.085479826 0.040860686 -0.0049690055 -0.32670859 -0.019267177 0.19435517 -0.057538554 0.032965735 -0.15220204 -0.059815727 -0.14812672 0.1391259 -0.11779234 0.009328935 0.37822577 -0.4598589 0.03690605 0.04865861 0.21525088 0.15770587 0.1869798 -0.030015955 0.29319197 0.26232758 0.25022072 0.38841656
10 -0.06383607 0.13009071 -0.42748943 -0.10724006 0.08103079 0.09832431 0.061708782 -0.07961012 -0.060083773 -0.41869408 -0.13802923 0.20769803 -0.058319896 0.1442175 -0.09780844 -0.029287038 -0.26197997 0.025944538 -0.04097941 0.06456479 0.26121125 -0.43933666 -0.010775654 -0.033644047 0.12064279 0.17453751 0.16846429 -0.17031874 0.30238882 0.3034016 0.16503589 0.4444
67 -0.06807943 0.06477201 -0.4676665 -0.07283956 0.072119944 0.24918596 0.070151165 -0.25781244 -0.15077305 -0.4803614 -0.23662272 0.1630952 -0.041754294 0.26442257 -0.032330737 0.02119851 -0.34122434 -0.035345484 0.03350938 0.14654921 0.14210355 -0.49644077 -0.030908817 -0.07676159 0.072909616 0.15568885 0.20847254 -0.33250988 0.32777473 0.35142282 0.14376087 0.47803837
27 -0.10089125 0.29845566 -0.3074389 -0.068317436 0.00029885914 -0.18335336 0.12903148 0.11900145 0.085218735 -0.2493241 0.017046126 0.23663451 -0.12615296 -0.09385167 -0.1782925 -0.14638509 -0.007966163 0.21782607 -0.1747461 -0.049434442 0.441307 -0.6052068 0.10776 0.12778002 0.26768312 0.15491001 0.14525571 0.12781554 0.2636804 0.2378184 0.26346138 0.32556498
13 -0.12037026 0.013775943 -0.3291869 -0.30650613 0.050421264 -0.10250794 0.08243943 0.09635508 -0.0013613692 -0.36177772 0.116588466 0.07712813 0.058028348 0.14458749 -0.27952078 -0.081218265 -0.1834764 0.078567415 -0.25562015 0.05610432 0.4527149 -0.1321967 -0.09106735 0.12836337 0.40890723 0.17606916 0.13298717 0.08779677 0.34674582 0.2957224 0.31695864 0.38104996
40 -0.062525846 0.25168815 -0.37850845 -0.13539746 -0.021092013 -0.11636556 0.101005934 0.065463126 0.03522476 -0.32436258 0.033045586 0.23269783 -0.0599647 -0.08001205 -0.19677489 -0.11234343 -0.08180174 0.14729856 -0.13652097 -0.0059502875 0.43313465 -0.45536032 0.07035199 0.059227176 0.2164159 0.14383662 0.19273238 0.018337987 0.31863275 0.24236177 0.23360765 0.3643946
7 -0.18686979 0.01114188 -0.30747375 -0.22414447 0.024114119 -0.0585455 0.08434723 0.04046829 0.026042134 -0.38657114 0.048959732 0.04303494 0.025238456 0.16820498 -0.27612472 -0.0914881 -0.15970075 0.08232159 -0.25093576 0.057394583 0.40192953 -0.24418496 -0.07161054 0.16301818 0.39514318 0.16702496 0.10811602 0.03869386 0.32559383 0.30764982 0.29533878 0.3687202
91 -0.1953931 0.17816488 -0.25262645 -0.049117643 -0.0019249682 -0.079487495 0.085222326 0.11387955 0.042859413 -0.3047526 -0.046846773 0.10107137 -0.12492186 0.07018087 -0.18014565 -0.14250745 -0.025850171 0.1723753 -0.22615767 0.079670876 0.3291002 -0.56918645 0.0573725 0.22929141 0.35492557 0.14126419 0.10148652 0.057023462 0.28169408 0.28322783 0.25200608 0.2545791
65 -0.042789157 0.28811657 -0.40289468 -0.12741682 -0.012261087 -0.14849104 0.118609846 0.10034223 0.035096224 -0.27474788 0.02240224 0.23486814 -0.060620382 -0.095303446 -0.16770975 -0.12127129 -0.088731885 0.16737948 -0.112522274 -0.036624152 0.4594597 -0.48750153 0.08183561 0.06101682 0.22798918 0.17076398 0.1464842 0.0738251 0.29743916 0.23042747 0.24944678 0.3340177
79 -0.16169852 0.026590649 -0.25474387 -0.20137142 0.036953572 -0.07443978 0.043993153 0.03826923 -0.0055790544 -0.38367984 0.0655479 0.036294814 -0.0056779934 0.14315704 -0.26121446 -0.10979635 -0.16518317 0.08858246 -0.2450087 0.058859903 0.350486 -0.29417557 -0.05833091 0.147122 0.3703543 0.14223678 0.12714913 0.044361047 0.34037733 0.3087534 0.31563285 0.3320655
41 -0.15404284 0.23420537 -0.29209858 0.00205009 0.0015810102 -0.0720193 0.08293122 0.035914425 0.029025324 -0.30796 -0.08111799 0.12176049 -0.12897815 0.05127052 -0.15428247 -0.12027421 -0.04347943 0.1644636 -0.16775762 0.03661671 0.28061235 -0.62948304 0.061513133 0.15676272 0.20900191 0.14679286 0.11769626 0.015125579 0.28880563 0.2841228 0.24467438 0.30174118
15 -0.12803139 0.0058683855 -0.44823277 -0.15166025 0.082204916 0.15329278 0.063748986 -0.15336789 -0.11516719 -0.45293024 -0.1342669 0.116884984 -0.04935663 0.22275953 -0.1168419 -0.0022564996 -0.2973202 0.00608682 -0.06687413 0.12109144 0.19365607 -0.39595222 -0.07520028 -0.010307381 0.15602157 0.18506533 0.1646509 -0.19966763 0.31236976 0.3298023 0.17920499 0.4686471
45 -0.07589352 0.2949065 -0.36930367 -0.10783441 0.024075259 -0.07769682 0.09719466 0.064929985 0.029515171 -0.3095886 -0.027669892 0.22942701 -0.103336364 -0.05159311 -0.13104427 -0.083833285 -0.119141236 0.16224283 -0.100745596 0.012345868 0.38455313 -0.5645581 0.07307699 0.025174562 0.15825155 0.1592697 0.15055801 -0.007874957 0.30852294 0.24867204 0.21233027 0.37531048
59 -0.13812025 0.20727366 -0.30696493 -0.12307203 0.018903408 -0.103117436 0.09356626 0.08396326 0.050741505 -0.30504903 0.028206779 0.16193204 -0.057781864 0.018273812 -0.2214305 -0.11865142 -0.08308609 0.15425952 -0.20562991 0.027460448 0.39136323 -0.45792678 0.04807652 0.16292939 0.30418423 0.13732643 0.15944578 0.07716988 0.31408933 0.26495245 0.26999205 0.33986843
83 -0.049891274 0.08930273 -0.5150101 -0.07952891 0.09319979 0.20769513 0.046776548 -0.2259678 -0.1191631 -0.44736284 -0.20873313 0.17732456 -0.07348882 0.22271681 -0.026150042 0.010955824 -0.32635415 -0.04824013 0.016902335 0.0983546 0.16362266 -0.48868892 -0.04974113 -0.07492187 0.045878578 0.1642887 0.20224391 -0.28402588 0.3454501 0.31478196 0.1354812 0.49282897
77 -0.124901995 0.05693694 -0.4631709 -0.059747793 0.10737656 0.2458853 0.013856782 -0.2258948 -0.12877716 -0.49833673 -0.21161573 0.10011597 -0.072367385 0.26889715 -0.040166833 -0.021747697 -0.3103768 -0.036028907 -0.0138025265 0.17886858 0.09930953 -0.5335613 -0.036545765 -0.0022576149 0.09200792 0.11046339 0.1983696 -0.32675546 0.3415538 0.34490845 0.15790121 0.45257276
98 -0.03180103 0.25373325 -0.41925114 -0.19397008 0.03321717 -0.11033628 0.10894757 0.06746021 0.029171515 -0.2881031 0.0066091605 0.24763347 -0.068922065 -0.073931046 -0.13334312 -0.064070016 -0.1468976 0.104713865 -0.10534434 -0.024251377 0.43277022 -0.4750289 0.04601804 -0.0067334757 0.1665113 0.17929195 0.20020455 -3.3463002e-05 0.2981517 0.22818995 0.1993642 0.42812306
105 -0.09396665 0.22256441 -0.38265908 -0.15760008 0.035408318 -0.11888142 0.08711485 0.0888008 0.029504294 -0.31228623 0.039712556 0.2120441 -0.05910711 -0.061305758 -0.18124329 -0.11055816 -0.09467735 0.13369358 -0.15863249 -0.0012350386 0.4381667 -0.43331176 0.04695979 0.07001977 0.24073374 0.17985924 0.15395549 0.020768246 0.2861521 0.2411087 0.22243056 0.37288567
71 -0.17831881 0.22441623 -0.19565038 -0.011038697 0.02108641 -0.11484954 0.08659054 0.11662565 0.08197882 -0.29664063 -0.047124017 0.12979896 -0.13082628 0.07129735 -0.20020439 -0.16218531 0.026676834 0.20390992 -0.2527371 0.04861008 0.3524624 -0.5752776 0.07307232 0.2437049 0.3503441 0.13275328 0.10288948 0.13526784 0.2939894 0.28833455 0.28739506 0.25494584
106 -0.19425999 0.12071277 -0.21801199 0.021675223 0.037103195 -0.055366535 0.08062614 0.055969387 0.020577809 -0.34458742 -0.08214801 0.039640605 -0.11127473 0.14840662 -0.20773332 -0.13439563 -0.057615917 0.15038368 -0.2155874 0.117957525 0.2741612 -0.5680867 0.042407285 0.23344883 0.32913095 0.13717973 0.08775402 0.07198434 0.2681358 0.29714215 0.28183535 0.2705805
102 -0.14422895 0.09302831 -0.28987157 -0.1792772 0.03252448 -0.10215633 0.0771385 0.06192199 0.010121023 -0.36474782 0.05881596 0.083233684 -0.023071254 0.118031114 -0.25864682 -0.11990816 -0.10817357 0.1371455 -0.22041884 0.010299823 0.39681122 -0.3440219 0.008992231 0.15870656 0.36834967 0.13237005 0.13340947 0.051698066 0.32415906 0.2929825 0.2715877 0.3695038
87 -0.2309279 0.19986834 -0.22426671 0.02526376 -0.0031922867 -0.11911167 0.089743756 0.051423427 0.06557806 -0.29518536 -0.052179784 0.06722939 -0.13946144 0.06911565 -0.19654074 -0.17233396 0.031516396 0.17085718 -0.24965233 0.09330198 0.33495116 -0.60611093 0.046452757 0.2665584 0.3272066 0.09824386 0.09000497 0.08950577 0.28651255 0.29555595 0.28360558 0.2538135
126 -0.15415685 0.15912521 -0.24244826 -0.04830114 0.050868314 -0.04159169 0.091347516 0.043083373 0.024614332 -0.3367996 -0.07178635 0.05958753 -0.1094942 0.14246945 -0.17701858 -0.10384198 -0.06723919 0.097760916 -0.1946623 0.10696312 0.26884222 -0.56506336 0.042901967 0.19284138 0.29146233 0.11863017 0.10791643 0.033126812 0.34636465 0.27130002 0.24486567 0.33493575
82 -0.11453829 0.086091675 -0.46014735 -0.072957136 0.07668106 0.1447368 0.06429428 -0.1640331 -0.122548044 -0.45920175 -0.18556371 0.16154888 -0.060795195 0.20470686 -0.073296286 -0.020710763 -0.27859014 -0.0025321941 -0.026733126 0.10852139 0.1787066 -0.44718105 -0.027299099 -0.038772874 0.10450706 0.14492396 0.19543855 -0.24631956 0.3033088 0.32288945 0.14147325 0.4298311
14 -0.13095146 0.033423908 -0.29373252 -0.19820435 0.049861427 -0.034430515 0.049285773 0.017869487 -0.006045826 -0.39202654 -0.013283865 0.08441481 -0.036751915 0.14788806 -0.20332785 -0.07670763 -0.19444747 0.049595937 -0.21384512 0.107496664 0.32308772 -0.33469948 -0.08054058 0.11245142 0.31477395 0.15335973 0.1431717 -0.019654714 0.34722745 0.3103639 0.2709788 0.37319148
8 -0.15018047 0.019303428 -0.31213078 -0.25064164 0.054477755 -0.11975114 0.077852346 0.05993888 -0.026399015 -0.37906978 0.089535505 0.05808013 0.012392781 0.15912823 -0.2563754 -0.107046895 -0.18894632 0.055152174 -0.28794047 0.044230707 0.39889678 -0.19342813 -0.08577861 0.1410643 0.3837909 0.16416524 0.120505325 0.08143166 0.34631756 0.31375343 0.30490834 0.370689
90 -0.073454216 0.05199309 -0.44202754 -0.07959137 0.05215119 0.13544226 0.029810922 -0.14888181 -0.09236 -0.45142233 -0.14199853 0.1442611 -0.016794873 0.21540296 -0.10015482 -0.029931359 -0.2864517 0.0053661563 -0.07755398 0.13333565 0.2327425 -0.42868418 -0.05666675 -0.008016901 0.15935898 0.15471193 0.16980731 -0.24941443 0.32701617 0.31531423 0.16022351 0.45469573
88 -0.1075453 -0.0005260275 -0.39411214 -0.19263448 0.123387404 0.13684836 0.014300467 -0.15666823 -0.094046086 -0.47425064 -0.123715855 0.10844322 -0.03323156 0.27508968 -0.1032281 0.01663392 -0.3477585 -0.059281148 -0.07347821 0.16499104 0.1795038 -0.36103812 -0.0911176 -0.011785692 0.14597851 0.15687896 0.16258651 -0.22697525 0.3559387 0.34713048 0.18540002 0.5004514
72 -0.07254494 0.12205342 -0.44479054 -0.078138046 0.06673112 0.11054963 0.07757459 -0.16370533 -0.053099636 -0.4635093 -0.17996372 0.18173291 -0.07217759 0.12823097 -0.08780651 -0.038226742 -0.25983393 0.033221543 -0.0066962373 0.110173084 0.21404281 -0.5143657 0.008219826 -0.029035551 0.09695481 0.14994961 0.20446986 -0.23603292 0.3086702 0.31166065 0.16981752 0.44514042
76 -0.19689341 0.118039764 -0.2862585 -0.070700094 0.05830647 -0.004125215 0.06800275 0.02251808 0.0106169665 -0.3534514 -0.056743484 0.08037186 -0.08694917 0.1649397 -0.17910159 -0.0798539 -0.11858652 0.10914219 -0.21027496 0.092459306 0.28255388 -0.5070853 -0.00072211307 0.17079583 0.28394404 0.13433637 0.11652761 -0.0012821074 0.2758307 0.28371063 0.24110274 0.33289787
50 -0.03127079 0.30906877 -0.45065317 -0.13356058 -0.01833041 -0.070431575 0.12363263 0.08272471 0.019278962 -0.2952136 0.008394267 0.28078175 -0.07511712 -0.105950005 -0.14247416 -0.06032007 -0.124084495 0.18160474 -0.073843665 -0.031229496 0.42916945 -0.5252699 0.09292928 -0.009479608 0.1467358 0.15864132 0.22054647 -0.016119879 0.3112301 0.24207729 0.18888423 0.39642462
18 -0.042530023 0.25712955 -0.4153682 -0.14954647 -0.0002019124 -0.08686975 0.08314637 0.077937745 0.016155971 -0.29263344 -0.0106356265 0.24981692 -0.067019306 -0.0771952 -0.18038853 -0.07572211 -0.11952407 0.15435731 -0.09966595 -0.026561977 0.4195399 -0.45961735 0.053367745 0.03399752 0.19001548 0.18083873 0.18360822 -0.018462995 0.29461393 0.24781553 0.21101531 0.38396728
94 -0.12204593 0.06600117 -0.41405332 -0.05407097 0.052573085 0.118619286 0.07019275 -0.1573894 -0.07797023 -0.4562305 -0.15483946 0.12755492 -0.06855333 0.1972375 -0.09964682 -0.05382205 -0.24747504 0.011341823 -0.0829969 0.13537359 0.19521312 -0.44355515 -0.028792175 0.024211757 0.14445594 0.14367658 0.18227842 -0.18115161 0.2827107 0.3207885 0.18228278 0.40169245
113 -0.16987576 0.282504 -0.30789435 0.032666016 0.015032306 -0.085104756 0.10129611 0.090824276 0.055220075 -0.26828903 -0.06678307 0.18538296 -0.16908202 -0.0034113294 -0.15063877 -0.14530975 0.017183747 0.20704204 -0.14335944 0.020930365 0.34960943 -0.6907016 0.13426426 0.17543827 0.23403037 0.14981791 0.14065512 0.072396725 0.27571192 0.256766 0.20992905 0.29018992
109 -0.2144342 0.19279821 -0.21069585 0.061018437 0.017004848 -0.069765635 0.06270951 0.061839145 0.066087574 -0.33015558 -0.08917319 0.06987031 -0.13184531 0.10701913 -0.16599382 -0.15644397 0.009266571 0.16768657 -0.22682732 0.08372526 0.26880896 -0.66311216 0.056326218 0.24305849 0.32539603 0.110839985 0.0751092 0.04416202 0.29104236 0.27552402 0.26723087 0.27151167
53 -0.11263507 0.023622382 -0.4093382 -0.11709681 0.106869765 0.15110028 0.034959354 -0.14077465 -0.09214449 -0.45625138 -0.14363483 0.0997362 -0.043679338 0.26385027 -0.11485331 -0.042667605 -0.3180494 -0.027485687 -0.09918383 0.1722952 0.17617834 -0.3907734 -0.100563705 0.005064635 0.17790572 0.14780481 0.17154358 -0.21513996 0.34135255 0.33501625 0.22163194 0.4301074
54 -0.1426054 0.02449476 -0.3141452 -0.25906992 0.06313037 -0.062283773 0.067334 0.08304963 -0.0028233575 -0.37729555 0.064060286 0.07806991 -0.0007212498 0.17212144 -0.24460721 -0.046799295 -0.23583476 0.058017217 -0.22535467 0.05723841 0.3849489 -0.2272988 -0.104034156 0.12039685 0.36257774 0.17276734 0.12602566 0.053545803 0.32595927 0.29007846 0.29907855 0.3802951
128 -0.1782722 0.13316083 -0.23417152 -0.1884169 0.0090783555 -0.18658918 0.12300267 0.17227967 0.070318915 -0.2924601 0.12242628 0.07042963 -0.03152506 0.060783643 -0.31403044 -0.10148838 -0.04176013 0.15263754 -0.32052982 0.055487346 0.4583807 -0.35518724 -0.008480163 0.20842297 0.43068892 0.1468594 0.10675666 0.21668138 0.3294486 0.24094579 0.33422643 0.31704774
100 -0.08078577 0.037479185 -0.45116046 -0.08063881 0.076331705 0.16014203 0.06359522 -0.16436103 -0.07484713 -0.4669549 -0.18623352 0.14163628 -0.07633362 0.24661832 -0.06980518 -0.033362906 -0.28640714 -0.021401187 -0.04540617 0.13034262 0.19628835 -0.4744234 -0.047764283 0.0046929414 0.11133043 0.17244144 0.1917171 -0.209347 0.31545055 0.33405653 0.16799694 0.46211064
25 -0.13757144 0.06734887 -0.41267368 -0.1074939 0.079988606 0.09008258 0.05226361 -0.14206216 -0.07338888 -0.43127736 -0.15939657 0.119343214 -0.08353148 0.1863994 -0.108822405 -0.02789171 -0.2858353 -0.0014859082 -0.06490766 0.10082304 0.18211262 -0.50276536 -0.018179117 -0.01553477 0.12102877 0.16894643 0.18552269 -0.14681445 0.31888494 0.3349463 0.19007583 0.4472918
92 -0.15683074 0.0063588964 -0.28441665 -0.2630329 0.04695785 -0.02522901 0.049136847 0.02736149 -0.009786426 -0.40392798 0.07251303 0.046250362 0.017597914 0.19469312 -0.24164085 -0.04450255 -0.21150419 0.036204256 -0.265281 0.09259768 0.35696968 -0.2034043 -0.106168404 0.1462407 0.37467474 0.16561209 0.15044098 0.007797786 0.3270339 0.32059428 0.30866066 0.3892568
3 -0.075863935 0.008495546 -0.504233 -0.13803872 0.09816502 0.23742653 0.055078957 -0.23346736 -0.13530311 -0.5096446 -0.2204124 0.16835509 -0.06887346 0.27237916 -0.016873393 0.041111976 -0.391521 -0.078449756 0.02948115 0.13868026 0.15434247 -0.4444438 -0.07901711 -0.11471296 0.050114013 0.18345994 0.22992192 -0.32200533 0.34119987 0.34690925 0.1341484 0.50796163
29 -0.15216532 -0.028557654 -0.27071923 -0.27578172 0.06792364 -0.0659865 0.051944345 0.063351475 -0.0073563643 -0.39166245 0.07263442 0.033917487 0.04618483 0.21004842 -0.22662532 -0.08536857 -0.21052708 0.041958626 -0.25458893 0.08933814 0.37853065 -0.1492067 -0.09718429 0.1352816 0.39875877 0.17428349 0.12495919 0.037145585 0.33987638 0.33490726 0.30793896 0.4005478
24 -0.19376485 0.20314662 -0.1861834 0.034298565 0.046997547 -0.08369973 0.10919114 0.066822186 0.06873051 -0.26642478 -0.028670812 0.054386407 -0.14759812 0.09971618 -0.2088756 -0.14304201 0.02591379 0.17731522 -0.2475074 0.06487395 0.299326 -0.63185585 0.07998754 0.28340513 0.33649474 0.12541199 0.072631285 0.12357437 0.3084947 0.27987134 0.31258142 0.2928837
101 -0.13810147 0.18618847 -0.2713845 -0.03461816 0.0067925113 -0.11133953 0.0703102 0.059353095 0.044697866 -0.30060643 -0.058845147 0.13778946 -0.13280901 0.001901587 -0.19222996 -0.12546395 -0.056206718 0.18507421 -0.16345125 0.04721201 0.36238933 -0.56703395 0.06515944 0.1663256 0.2788796 0.12565632 0.1509325 0.05001838 0.29095832 0.278179 0.24880804 0.29278892
99 -0.17362644 0.24120234 -0.23151316 -0.0029377376 0.010802118 -0.07029913 0.10768311 0.07132808 0.06631728 -0.27466422 -0.031716395 0.10498137 -0.15045267 0.09494969 -0.19632274 -0.15505655 0.02455529 0.18738703 -0.22470562 0.06498689 0.33026183 -0.63655096 0.09877186 0.19290817 0.28618968 0.12346407 0.08883986 0.095710516 0.31934735 0.23736832 0.28399482 0.31211933
23 -0.20664299 0.14319922 -0.21364291 -0.02830464 0.058028843 -0.055153143 0.056904703 0.08004828 0.017305695 -0.3197488 -0.038937118 0.07400125 -0.1043561 0.14542046 -0.17969127 -0.12173666 -0.06426948 0.15133327 -0.25648496 0.105275095 0.3183968 -0.5442772 0.0033961148 0.22296846 0.3461572 0.12784855 0.10728768 0.060528416 0.27863222 0.296407 0.2890112 0.29066363
4 -0.18732737 0.06533271 -0.21741226 -0.23288465 0.035590105 -0.16566516 0.0835761 0.16272277 0.039178178 -0.35728294 0.13752577 0.01634315 -0.009438053 0.1622411 -0.30717668 -0.10174186 -0.10127213 0.12036368 -0.33955246 0.05111364 0.41622004 -0.23173103 -0.0631892 0.25351632 0.49428982 0.14103146 0.11906593 0.17242005 0.31954727 0.29823136 0.337924 0.3187087
127 -0.22168903 0.15588126 -0.21319363 -0.027417587 0.041001707 -0.11419096 0.07013867 0.05900276 0.055110883 -0.30785307 -0.0483172 0.06152921 -0.09714926 0.08562919 -0.20575318 -0.15508446 -0.0010583694 0.13948818 -0.2373657 0.09259537 0.3379363 -0.5724439 0.075691 0.22615013 0.32530677 0.12642747 0.0937437 0.06323314 0.2977324 0.27397603 0.24982606 0.3147084
95 -0.22703378 0.14272995 -0.23937136 0.04208557 0.039637696 -0.031107845 0.07177227 0.028455446 0.017943135 -0.3312686 -0.10630066 0.074242614 -0.13413821 0.16506469 -0.16145347 -0.1559818 -0.019571781 0.14268161 -0.2103921 0.1170044 0.26508546 -0.625962 0.055852685 0.24388264 0.31338936 0.1289144 0.093531564 0.021900712 0.29145408 0.28057697 0.2398114 0.28191316
120 -0.20361167 0.15262912 -0.26360992 -0.0018946961 0.028778406 -0.027512986 0.07728167 0.004422971 0.039914027 -0.3482156 -0.08399532 0.08048675 -0.10020609 0.13908587 -0.18755002 -0.12004589 -0.05083297 0.118353195 -0.19444138 0.10701131 0.2847967 -0.56621456 0.02226771 0.17439504 0.31534484 0.12234651 0.09911719 0.002667806 0.27385277 0.29440442 0.24765272 0.30001998
37 -0.13034025 0.09483356 -0.4619624 -0.0451438 0.08483835 0.21422032 0.07077 -0.2149424 -0.1146606 -0.4785294 -0.17757694 0.17879602 -0.10026463 0.21582142 -0.0551635 -0.008383528 -0.30957636 -0.0044322712 0.012046346 0.14514305 0.15873599 -0.50940984 -0.0041609067 -0.024168879 0.10068468 0.14374182 0.20390496 -0.25073743 0.28902996 0.33372933 0.13816682 0.41796267
78 -0.13647002 0.24809276 -0.3201662 -0.02354497 0.009503847 -0.08730219 0.12088554 0.043488976 0.034686998 -0.30412135 -0.07295927 0.1649078 -0.13324629 0.03721402 -0.17347428 -0.11631215 -0.054279156 0.17571911 -0.14785361 0.035123594 0.33847407 -0.6248671 0.083014615 0.12816893 0.24713418 0.13729747 0.13546531 0.049906094 0.30383104 0.25965646 0.24219018 0.30028537
74 -0.112208635 0.029090457 -0.45728138 -0.074170314 0.12394091 0.21693869 0.049107287 -0.22213003 -0.12613446 -0.51145935 -0.23020944 0.14678416 -0.087763585 0.28045565 -0.027258229 0.009051697 -0.35004073 -0.08355372 -0.024984397 0.1729289 0.11093526 -0.4914609 -0.09463606 -0.06675396 0.0670487 0.14726712 0.18703845 -0.32146946 0.33182853 0.33103532 0.14891389 0.5011242
30 -0.1177273 0.24951537 -0.32340112 -0.11054748 0.0026527352 -0.13780221 0.12329951 0.14634317 0.07149328 -0.29297242 0.021583928 0.21995151 -0.09635744 -0.038110353 -0.20141248 -0.13577744 -0.05991973 0.19355054 -0.17258766 -0.0033186707 0.438279 -0.50031817 0.09475531 0.11990583 0.28910792 0.14936592 0.14493643 0.09869324 0.29317266 0.21384801 0.26868027 0.3007571
121 -0.12166047 0.040272783 -0.3979659 -0.10570845 0.062806204 0.10992527 0.0203373 -0.15040886 -0.06779176 -0.44164526 -0.15468627 0.11508901 -0.06260994 0.24795017 -0.094176956 -0.030361703 -0.26111594 -0.017690223 -0.087216005 0.14622267 0.21080717 -0.42524764 -0.06877472 0.0042478363 0.15302022 0.16627543 0.15825446 -0.20234066 0.32463986 0.32441545 0.19845475 0.45302367
17 -0.16917513 0.043317463 -0.3271716 -0.18530817 0.06301144 0.031320445 0.077262096 -0.014963323 -0.05945992 -0.40499792 -0.0014558348 0.050413515 -0.012143956 0.25681713 -0.2059675 -0.035052013 -0.21070543 0.014104483 -0.21318604 0.10905795 0.27745995 -0.30203545 -0.077141695 0.088609226 0.32173654 0.16829227 0.123026095 -0.0083984025 0.3402101 0.31300855 0.29468253 0.39493248
9 -0.17481382 0.07324583 -0.30424875 -0.22286469 0.020059606 -0.06392993 0.0609343 0.07482964 0.018823963 -0.337137 0.060233936 0.06838927 -0.019945603 0.14518772 -0.24003296 -0.1035604 -0.1330475 0.09095126 -0.24196121 0.056383505 0.40631363 -0.25966746 -0.027352355 0.16507386 0.3920796 0.15008603 0.0989805 0.04489575 0.31713036 0.3021669 0.31251466 0.35079676
124 -0.24151807 0.2753466 -0.16564031 0.12706289 -0.026799675 -0.113599785 0.105446756 0.092527494 0.08180539 -0.26062998 -0.0826254 0.090300545 -0.20248528 0.043328993 -0.17747338 -0.20315562 0.123987004 0.23431736 -0.2463493 0.053999707 0.2953323 -0.7851764 0.1208957 0.27900064 0.28796992 0.10887299 0.053492486 0.11601282 0.237038 0.26828602 0.29506862 0.23231098
70 -0.19555338 0.19362605 -0.21519175 0.050176665 0.03662155 -0.0069673783 0.09350101 0.038068768 0.048783153 -0.32618916 -0.102388486 0.08555873 -0.15150195 0.15640858 -0.14678933 -0.10027113 -0.01982232 0.14778516 -0.21280788 0.086916015 0.25761443 -0.6785197 0.061620716 0.22209267 0.29597077 0.10702787 0.081519626 0.022609657 0.3040726 0.27179945 0.2671208 0.26115522
93 -0.07105547 0.108004294 -0.4391894 -0.0999618 0.06983239 0.15364702 0.06343687 -0.13440609 -0.10297096 -0.44654158 -0.1546091 0.17017677 -0.07984044 0.18061751 -0.059758723 -0.0025451288 -0.2873525 0.006268807 -0.020252425 0.095192485 0.18386976 -0.4917064 -0.003673661 -0.04472759 0.11197339 0.1722421 0.19531517 -0.24430098 0.337067 0.32826477 0.1558876 0.43625972
39 -0.20352456 0.13649745 -0.24633811 -0.021404257 0.031605747 -0.03540059 0.05749132 0.041521788 0.04302654 -0.35715723 -0.08865471 0.081458166 -0.10921815 0.13470508 -0.18228646 -0.11779677 -0.044898294 0.10717154 -0.18985803 0.09075659 0.29564896 -0.5673492 0.041299023 0.18101886 0.28647742 0.1254267 0.100803345 0.020643847 0.31813917 0.28014493 0.25306812 0.30493435
111 -0.052235458 0.27589175 -0.36673787 -0.17621197 0.03844353 -0.09543391 0.08185925 0.13164724 0.012274691 -0.28511536 0.028711732 0.27369606 -0.06154169 -0.061385397 -0.15703098 -0.09269751 -0.11234318 0.16559564 -0.118180715 -0.043342046 0.46248433 -0.4491875 0.08923862 0.028634595 0.240951 0.18546107 0.15123916 0.023733476 0.28991622 0.26242524 0.209751 0.36612946
116 -0.18892598 0.1794672 -0.26588866 -0.016827274 0.023818474 -0.044750404 0.09154806 0.06342273 0.037734818 -0.3022203 -0.08712832 0.064321905 -0.13155763 0.1360548 -0.16461767 -0.094482936 -0.049933817 0.1433199 -0.18043968 0.10556223 0.27563834 -0.6043329 0.04271662 0.22122836 0.293074 0.114506744 0.089644 0.040875558 0.31613302 0.25778645 0.28502786 0.29013005
35 -0.08401323 0.10852606 -0.41802472 -0.080979705 0.063287035 0.113651685 0.10319994 -0.1315008 -0.10225204 -0.4315288 -0.12992853 0.18793024 -0.087360844 0.19188656 -0.09116406 -0.005074475 -0.28046948 0.03674193 -0.0362217 0.07638759 0.2328445 -0.4714774 -0.022888582 -0.0038536284 0.13520542 0.17284586 0.17492962 -0.1867771 0.3073161 0.29265293 0.19207731 0.43411422
117 -0.099868156 0.029065045 -0.48708013 -0.08850431 0.112426855 0.18540707 0.02196487 -0.21806751 -0.12801027 -0.47227776 -0.20257255 0.15324083 -0.057757504 0.24239752 -0.05818462 -0.03456213 -0.31390637 -0.05695363 -0.038153067 0.13857113 0.14542907 -0.43577594 -0.071192965 -0.037020065 0.09999946 0.15667424 0.17109025 -0.29070532 0.343151 0.35188946 0.16215953 0.48411772
104 -0.16642104 0.015310365 -0.26283556 -0.28224197 0.03663351 -0.08628614 0.056704193 0.04996991 0.028254928 -0.3771348 0.06554665 0.021684745 -0.002972379 0.16301972 -0.25435546 -0.07936501 -0.16183737 0.06550593 -0.27745658 0.07777484 0.40901458 -0.2223463 -0.086141415 0.15605828 0.4055222 0.16898137 0.10949999 0.095655926 0.33210447 0.29938188 0.32255965 0.37292415
123 -0.26035517 0.09134033 -0.24631451 0.015370796 0.06475952 0.050212327 0.056863394 -0.03020101 -0.005793042 -0.3974973 -0.11947599 0.0376596 -0.09076084 0.28564262 -0.13387801 -0.096404016 -0.10308348 0.08067403 -0.20661864 0.15339386 0.19602707 -0.5525408 -0.010441713 0.1834168 0.29375368 0.111539744 0.104422346 -0.06394083 0.29588202 0.29531235 0.24449232 0.31461295
68 -0.14801042 0.09878398 -0.32479197 -0.15977024 0.04066472 -0.05037693 0.07101226 0.027577208 -0.015756175 -0.3552814 0.012183147 0.080352396 -0.041739535 0.14593433 -0.19759424 -0.10140568 -0.11873269 0.11381907 -0.20454143 0.07025416 0.3797255 -0.36739925 -0.0046628243 0.1417181 0.3113082 0.12952901 0.14153723 0.009924505 0.32427475 0.28079784 0.28808764 0.35761866
57 -0.16439554 -0.045511898 -0.3989588 -0.11150606 0.16368596 0.23657335 0.02115203 -0.22557154 -0.15244426 -0.53143996 -0.16921054 0.038685974 -0.05925543 0.37058216 -0.048009597 0.020094179 -0.3732284 -0.11113373 -0.074701965 0.18329181 0.082759246 -0.4291876 -0.123014174 -0.003244633 0.15698454 0.15703358 0.16863373 -0.26426408 0.3509237 0.35689998 0.18438922 0.46938494
11 -0.14558065 0.24519514 -0.22653264 -0.012725424 0.029979331 -0.075959735 0.10178479 0.08550159 0.025563456 -0.26944056 -0.06571114 0.14290546 -0.14453226 0.102028236 -0.17842531 -0.124844424 -0.015397492 0.17930137 -0.17148913 0.055798996 0.34310403 -0.62743646 0.087660015 0.17194495 0.25202283 0.11971631 0.12390144 0.06665056 0.31299296 0.24974172 0.2618922 0.29529905
12 -0.11237278 0.12966546 -0.30025628 -0.19396728 0.00049954763 -0.120230235 0.0817802 0.09634911 0.019113079 -0.35238457 0.06066542 0.10230782 -0.038795844 0.08076562 -0.25564542 -0.101901725 -0.14962733 0.1260264 -0.22793506 0.036982905 0.38078773 -0.3313526 -0.03276594 0.119564235 0.3509369 0.14317767 0.16049317 0.08907391 0.33090377 0.271762 0.30101278 0.35192543
62 -0.04181578 0.20593426 -0.42525348 -0.13487922 -0.00078385806 -0.0777875 0.107355915 0.028025597 0.0053148204 -0.29112306 -0.031801533 0.24239622 -0.0758091 -0.068289466 -0.13635087 -0.050257113 -0.12911025 0.13244821 -0.053737808 -0.00908056 0.3881771 -0.4982012 0.06926953 -0.0021574183 0.14912564 0.17879508 0.20038597 -0.04630862 0.32108307 0.22734201 0.20269334 0.38537657
34 -0.073568195 0.22949855 -0.3798772 -0.1752749 0.0014960571 -0.11512392 0.110968255 0.12391362 0.026365906 -0.24344002 0.012541221 0.23282658 -0.07194651 -0.055667825 -0.1547943 -0.08636335 -0.094050005 0.18003806 -0.13009585 -0.011122282 0.45662424 -0.4420688 0.059685532 0.07152398 0.24268001 0.16569997 0.17569093 0.071218975 0.30043128 0.24393179 0.23357254 0.3531905
20 -0.09685652 0.054886755 -0.4081136 -0.13636796 0.07307672 0.14197317 0.06514162 -0.16496313 -0.08084532 -0.4317748 -0.14120707 0.10105107 -0.04896245 0.19313468 -0.10160627 -0.023900876 -0.29268965 -0.029179528 -0.09475367 0.13584092 0.18480365 -0.44211593 -0.056317788 0.0077365674 0.13470036 0.15338264 0.17936876 -0.2026317 0.3330124 0.33053973 0.17221048 0.45516014
43 -0.13895307 0.22951572 -0.23166221 -0.07556291 0.026779149 -0.13712154 0.13321114 0.11864286 0.057141993 -0.26956528 -0.0045928066 0.12915029 -0.11024937 0.027120436 -0.1856492 -0.115175515 -0.025294924 0.15878719 -0.19542108 0.05843906 0.37692738 -0.5823189 0.07011182 0.20701164 0.30836704 0.1480641 0.11387127 0.146536 0.32566795 0.2159391 0.29114094 0.2994897
