128 32
65 -0.04674656 0.32657832 0.25674722 0.24436942 -0.11941829 0.13044062 -0.3132326 -0.21966213 -0.023675386 0.31718522 -0.31191188 -0.15349421 -0.2038654 -0.39897728 -0.2534255 0.09368497 -0.027501157 -0.10789534 -0.31387007 0.077069394 -0.11237064 0.24072228 -0.08911329 0.23235671 -0.013441564 0.2012808 0.06121117 -0.02994455 -0.39039108 -0.22323337 0.19002075 -0.05813189
113 -0.10468275 0.44538864 0.13160641 -0.00478037 0.15844148 0.06494683 -0.3878883 -0.39701974 -0.0799455 0.13894147 -0.2065066 -0.06464009 -0.21690735 -0.33119935 -0.23022068 0.12438 -0.078132816 -0.048120663 -0.26075804 -0.06701808 0.07156195 0.10593363 -0.20063028 0.37505913 -0.13989657 0.14100538 -0.09479892 7.4585056e-05 -0.37101555 0.0075824265 0.20708327 0.02524939
119 -0.08817287 0.4083646 0.17983313 0.13354522 0.15789774 0.028867576 -0.32686922 -0.48560882 -0.06692847 0.32912898 -0.21255067 -0.07799826 -0.3232491 -0.36781228 -0.21259758 0.083717324 -0.016462231 -0.07449855 -0.186168 -0.10410694 -0.08097151 0.15282595 -0.16848692 0.3221242 -0.1851276 0.17524901 0.028751578 -0.124598086 -0.29593098 0.028873665 0.12587535 -0.12592041
1 -0.12696783 0.5008152 0.12278079 -0.0016509041 0.03513951 0.13878061 -0.54688805 -0.22363797 0.0070246407 0.021938957 -0.25579152 -0.04826885 -0.15756992 -0.20614147 -0.19511108 0.12553313 -0.19369772 -0.034857444 -0.4131019 -0.008110323 0.11527326 0.153306 -0.15530218 0.281804 -0.116868354 0.12104708 -0.094547406 0.10089166 -0.39494872 -0.11066246 0.27940884 0.026158754
127 -0.06690616 0.38515842 0.13878816 0.050528705 0.17506851 0.027538884 -0.36588156 -0.47245207 -0.12832631 0.3079997 -0.2090903 -0.05946395 -0.29159325 -0.38541943 -0.20877273 0.12259965 -0.01568505 -0.080354795 -0.16437174 -0.10702701 -0.021249013 0.17564839 -0.2024062 0.36873958 -0.1972351 0.17628273 -0.019029817 -0.08325561 -0.29090467 0.05489897 0.08587366 -0.0549738
79 -0.002986888 0.365125 0.24059737 0.18936174 -0.04083705 0.10638743 -0.28883058 -0.24886905 -0.028330443 0.27799258 -0.2789759 -0.14063083 -0.2559862 -0.34135285 -0.22126922 0.060361125 -0.010210158 -0.09236429 -0.3089524 -0.031474397 -0.086958185 0.21746832 -0.16241208 0.24787052 -0.070341125 0.18473051 0.0152401 -0.058878407 -0.41024113 -0.1621611 0.19910896 -0.08942131
128 -0.08235587 0.3979818 0.1334403 0.014570128 0.20401403 -0.0065715197 -0.2837708 -0.56084013 -0.13804817 0.36123478 -0.15898159 -0.06568153 -0.30358252 -0.38971698 -0.21122368 0.08356311 -0.007431869 -0.012799565 -0.18627073 -0.12989901 -0.009531758 0.11593438 -0.20733811 0.3663221 -0.19296236 0.16589831 0.005500486 -0.15633403 -0.2862184 0.044915747 0.11420457 -0.12508094
21 -0.1464434 0.47510988 0.09767551 -0.002568042 0.07309241 0.074597284 -0.558677 -0.21004999 -0.017891254 0.04291024 -0.2405349 -0.07939312 -0.14543492 -0.21560541 -0.15354475 0.05783599 -0.18627958 0.014497744 -0.3826032 -0.01218428 0.12457123 0.118205614 -0.19355986 0.32934755 -0.1344928 0.14092672 -0.09256147 0.07896929 -0.40231007 -0.08184182 0.28244224 -0.0008470598
81 -0.02706155 0.31726715 0.2734521 0.26712123 -0.101494774 0.1722614 -0.3011469 -0.17677152 0.04105666 0.29301694 -0.30273277 -0.16727415 -0.24269293 -0.33754742 -0.20766726 0.10888851 -0.042951375 -0.114093944 -0.4030671 0.05059791 -0.129811 0.31029648 -0.095184684 0.16795821 -0.009082332 0.2074707 0.023788638 -0.0132589415 -0.39702186 -0.23031837 0.18423714 -0.06757635
20 -0.1912958 0.427631 0.09817809 0.03581088 0.04916182 0.11028371 -0.51787275 -0.26402724 0.00019620743 0.128454 -0.31511223 -0.10175267 -0.1366851 -0.2716481 -0.15572478 0.06682609 -0.15150581 -0.0077198357 -0.3601757 0.062352814 0.071148425 0.1279828 -0.17344992 0.22385949 -0.0663609 0.14634621 -0.07550648 0.063958086 -0.35813603 -0.13333395 0.34281015 0.012226984
5 -0.12816386 0.50260216 0.0920465 0.012143733 0.038193077 0.106947765 -0.5437231 -0.23993285 0.012243575 0.08582834 -0.24048956 -0.032755613 -0.18363357 -0.25009814 -0.17005002 0.084172264 -0.19080031 -0.014905089 -0.36433178 -0.05502065 0.10301588 0.14313729 -0.18530004 0.31195506 -0.12230791 0.12062525 -0.090848885 0.08668357 -0.35249782 -0.07704498 0.2777471 -0.013740081
53 -0.22402062 0.37113345 0.06346209 0.09918519 0.004055341 0.12253621 -0.36778972 -0.44834945 -0.028881628 0.22482073 -0.30961207 -0.20305921 -0.116908506 -0.4196604 -0.18407457 0.09854369 -0.059798263 0.07776815 -0.26398033 0.19183758 0.014864863 0.12594219 -0.098386854 0.086627826 -0.06849555 0.081800304 0.027889397 -0.07879132 -0.2997441 -0.16880727 0.3682788 0.07061608
61 -0.26677233 0.37095144 0.10949344 0.07009257 -0.04675508 0.16817532 -0.40370312 -0.40496442 0.014525235 0.1226919 -0.32518315 -0.20238638 -0.099623 -0.38686043 -0.19514933 0.13344309 -0.11931191 0.110606775 -0.34747905 0.25339115 0.015005806 0.18581238 -0.064698406 0.058259327 -0.0035589267 0.063749015 -0.02875802 -0.07423394 -0.31806242 -0.2194351 0.36934257 0.11281782
3 -0.12427163 0.49312574 0.11305404 -0.002655417 0.13825992 0.075751625 -0.5417492 -0.26794985 -0.027741453 0.08886784 -0.29408526 -0.094973594 -0.17826521 -0.2297443 -0.17307797 0.06230537 -0.13826536 -0.05615898 -0.27273715 -0.06735263 0.055051744 0.13993275 -0.19749458 0.35715628 -0.17680316 0.14210828 -0.074358806 0.05754484 -0.36265114 -0.050624207 0.25754306 -0.047484312
125 -0.02272337 0.41634774 0.1419586 0.0007464197 0.14058566 0.05026682 -0.39508468 -0.32676977 -0.087460384 0.24804458 -0.1362341 0.008687503 -0.2900118 -0.33344728 -0.21117006 0.08182397 -0.10965532 -0.078002706 -0.3110562 -0.16465227 0.05725993 0.19724707 -0.2676359 0.41312164 -0.14602481 0.22009318 -0.021940766 -0.0009557828 -0.33826393 -0.041053336 0.16207197 -0.117001645
101 -0.19545463 0.39189112 0.096714 0.06456217 0.13566163 0.07761191 -0.33510637 -0.55142105 -0.0695366 0.2568848 -0.26388377 -0.16910204 -0.18214673 -0.4161739 -0.20066258 0.08142378 -0.06408251 0.06670872 -0.22328909 0.050042957 -0.04323884 0.106863 -0.15426873 0.16969363 -0.07416913 0.09635779 0.03123998 -0.14016367 -0.27016583 -0.09697596 0.27163088 -0.03035189
51 -0.2010425 0.41012773 0.077865675 0.09619276 -0.04038984 0.16276069 -0.41968542 -0.41125414 0.049039878 0.12699583 -0.29678866 -0.24116158 -0.12579021 -0.38314316 -0.21536262 0.14157166 -0.1096346 0.05124355 -0.30762964 0.15759267 -0.04203546 0.17994323 -0.074048504 0.119075224 -0.10082335 0.03709397 0.00982495 -0.0485052 -0.30493453 -0.1559978 0.29472476 0.053399604
122 -0.12338078 0.4670739 0.071118854 -0.049603503 0.24952008 0.0187474 -0.3870401 -0.55507004 -0.16791442 0.2716388 -0.15716083 -0.07274011 -0.25735626 -0.4052349 -0.23615271 0.10988136 -0.0547951 -0.053266093 -0.15153168 -0.08482368 0.009575298 0.12852946 -0.22198808 0.36988223 -0.2119023 0.15162168 0.058747154 -0.117464505 -0.23943345 0.050377157 0.15918721 -0.08958612
55 -0.242284 0.42736053 0.08545729 0.03896103 0.03595851 0.1453633 -0.36540946 -0.51493096 -0.019848958 0.20864181 -0.32432774 -0.28752467 -0.1530971 -0.36211464 -0.20937419 0.09609475 -0.07846985 0.100142986 -0.21105868 0.15164454 -0.0064813 0.09536409 -0.06936721 0.08800112 -0.073450126 0.017314997 0.014054589 -0.12850133 -0.3676617 -0.13149452 0.3331921 0.055774745
36 -0.24571769 0.39133388 0.05464566 0.1075608 0.00815317 0.123423256 -0.3859134 -0.4642028 0.045750033 0.2131407 -0.30874532 -0.26303566 -0.15334694 -0.40440354 -0.15794158 0.07861932 -0.132729 0.1061482 -0.26154348 0.17510569 -0.023425758 0.17048399 -0.07640973 0.050854877 -0.025160177 0.07678307 0.032367952 -0.068910375 -0.28583032 -0.21180382 0.36791602 0.05707228
42 -0.20912373 0.334585 0.15749487 0.16770625 -0.021696055 0.11464541 -0.41643918 -0.3687022 -0.0121071795 0.16663976 -0.2833357 -0.2001684 -0.14311506 -0.33254942 -0.1942023 0.11174299 -0.05868503 0.029729582 -0.35652792 0.16318864 -0.02676377 0.18775599 -0.083467126 0.097315684 -0.022625502 0.1056657 -0.017312562 -0.041689306 -0.37746844 -0.17581433 0.31358632 0.062393174
96 -0.08141591 0.3382617 0.26251528 0.2294837 -0.058696393 0.12969314 -0.3234692 -0.23514956 0.013315847 0.29148868 -0.2883742 -0.17955433 -0.23256493 -0.33191663 -0.20064114 0.04810671 -0.032464955 -0.061484598 -0.38377583 0.057670735 -0.11545712 0.20420125 -0.14989513 0.22230251 0.0012764118 0.15811212 0.0050771832 -0.020954713 -0.45620075 -0.16567005 0.23501506 -0.08300169
70 -0.049536813 0.34029454 0.24470106 0.21217722 -0.019559832 0.13302676 -0.31847042 -0.2765416 0.01572719 0.32917765 -0.3130375 -0.16293569 -0.24049349 -0.37848088 -0.1914797 0.04389149 -0.0057139522 -0.05843621 -0.30431396 -0.00025543774 -0.1463306 0.23837253 -0.1296841 0.2448984 -0.056303795 0.16417786 0.0066147773 -0.054631755 -0.39439377 -0.15730847 0.21000129 -0.09216182
18 -0.10775073 0.41520002 0.12829849 0.021542132 0.0005875154 0.12820657 -0.51368284 -0.19255379 0.04198762 0.06671188 -0.21530525 -0.053543285 -0.19037116 -0.18957052 -0.16811578 0.09110178 -0.1955605 -0.03123535 -0.37203926 -0.02708472 0.084478416 0.17503299 -0.17032672 0.32841882 -0.09104378 0.14684626 -0.09067099 0.09457576 -0.38081834 -0.09404383 0.2665818 -0.0007630125
116 -0.07386787 0.40806094 0.1688451 0.044073377 0.13804765 0.050352495 -0.3526163 -0.41528907 -0.13228418 0.27256262 -0.20374586 -0.066025525 -0.23065169 -0.35734698 -0.21035156 0.08521986 -0.050338253 -0.032467477 -0.31628624 -0.10516657 0.021740744 0.20347534 -0.1847256 0.3123938 -0.119462766 0.16818725 0.007344623 -0.081498414 -0.37985256 -0.052616786 0.166677 -0.094131775
105 -0.08742061 0.45504716 0.14635362 -0.021298997 0.23246285 0.0120394025 -0.3583285 -0.58984774 -0.1346331 0.26365396 -0.15922165 -0.06984156 -0.30370316 -0.41804796 -0.22918671 0.08622179 -0.009540612 -0.012806303 -0.15517077 -0.12681735 0.010158982 0.080089286 -0.2490065 0.38975942 -0.19408812 0.15170923 -0.002132566 -0.10102368 -0.27513885 0.071122885 0.15461703 -0.08888555
23 -0.18877527 0.49321988 0.04149741 -0.009523612 0.023774223 0.13939577 -0.5028574 -0.31534258 0.01537785 0.046833906 -0.24423687 -0.15763488 -0.17308496 -0.16934252 -0.1612877 0.11500563 -0.20829181 0.03437877 -0.3422152 0.011486443 0.11919932 0.1744756 -0.14439575 0.20390794 -0.14772919 0.059462678 -0.120533794 0.023052968 -0.37877136 -0.07614393 0.364343 0.065724954
108 -0.19842653 0.45426646 0.08006233 -0.0110091865 0.11440826 0.07709835 -0.39391205 -0.49549407 0.01205245 0.17335866 -0.23133737 -0.17719367 -0.267765 -0.29251873 -0.20512396 0.10723554 -0.085450515 0.096641436 -0.2828335 0.009586918 0.06831592 0.14109641 -0.15063088 0.16151585 -0.09092917 0.079345636 -0.06956456 -0.10928345 -0.33196357 -0.05591291 0.31708464 0.05322584
68 -0.04739322 0.33707967 0.25275326 0.18799528 -0.13283007 0.20382755 -0.36835316 -0.030525627 0.008294086 0.25486726 -0.36321408 -0.14039235 -0.23243903 -0.36440566 -0.17527054 0.07830679 -0.07338626 -0.12060178 -0.36557892 0.07396775 -0.04404435 0.32278264 -0.12722486 0.22623363 0.00466012 0.19815259 -0.03783439 0.058396872 -0.38995856 -0.2594225 0.23715381 -0.03895264
16 -0.13423903 0.44138554 0.09889329 -0.0034225578 0.08188985 0.054703172 -0.48319143 -0.3015387 -0.013809336 0.11249746 -0.18301658 -0.04622383 -0.2297642 -0.25051236 -0.16911548 0.1055035 -0.14497411 -0.06829851 -0.32587233 -0.06704192 0.102312274 0.18779407 -0.17962566 0.3371124 -0.17525645 0.14632745 -0.046533022 0.0021861459 -0.34542358 -0.05322463 0.24288693 -0.037295688
17 -0.059969645 0.42588812 0.19425759 0.00050506357 0.10438496 0.099432565 -0.5106246 -0.18421872 -0.03974113 0.078099005 -0.27411938 0.029460572 -0.25294238 -0.28157333 -0.17062062 0.08488251 -0.19206277 -0.112702936 -0.36919713 -0.14190672 0.07983151 0.2648805 -0.2176576 0.44794127 -0.11596905 0.19594064 -0.16585097 0.085266076 -0.3596401 -0.04767749 0.22707175 -0.049373854
33 -0.2788443 0.40147117 0.04024067 0.039916392 0.0714978 0.09488385 -0.41649458 -0.49569252 -0.04092964 0.17112972 -0.32245818 -0.2239525 -0.08978872 -0.3769632 -0.18498512 0.1145854 -0.10148424 0.07400495 -0.27755156 0.15689564 0.007053951 0.053946096 -0.12972052 0.1323015 -0.076010905 0.0616787 -0.036781292 -0.068352275 -0.33294553 -0.09152427 0.35751888 0.08583708
115 -0.057184372 0.3609665 0.20187311 0.14722162 0.008976906 0.07733823 -0.34400135 -0.31304047 -0.058215495 0.26731035 -0.2555911 -0.12186166 -0.25407743 -0.38335347 -0.1951503 0.06817995 -0.031040749 -0.08879929 -0.24535793 -0.053983014 -0.061785586 0.19536291 -0.176507 0.322559 -0.10514538 0.17586909 -0.0053310073 -0.044853855 -0.37553772 -0.09920964 0.21166758 -0.08629566
45 -0.25757402 0.36202627 0.093556985 0.099566326 0.0017544256 0.15644827 -0.4238487 -0.36183703 -0.009008958 0.13164775 -0.32245883 -0.19638512 -0.12831967 -0.38179195 -0.17695622 0.11082013 -0.07879396 0.053285543 -0.32289696 0.19908981 0.0029114687 0.17691863 -0.07559005 0.10291581 -0.04552559 0.09891961 -0.056284744 -0.05033737 -0.3453048 -0.17228623 0.34059447 0.09664482
99 -0.12756868 0.4019119 0.14776973 0.060317427 0.15656437 0.034124807 -0.3676153 -0.5324077 -0.058225393 0.32733333 -0.21342434 -0.11645576 -0.27443054 -0.40194976 -0.1990439 0.070947446 0.003458354 -0.025108522 -0.18079524 -0.08368046 -0.033779018 0.14691894 -0.18592846 0.2882451 -0.13084216 0.1649704 0.010243836 -0.12766509 -0.2977528 0.01592327 0.18670964 -0.072194085
48 -0.31581253 0.4113022 -0.012488732 0.026714673 0.08486413 0.08553202 -0.4190916 -0.573545 -0.005490981 0.20054111 -0.30490208 -0.24985632 -0.11405927 -0.37561405 -0.17262284 0.11038394 -0.090921 0.10002167 -0.22975485 0.15948781 0.011600148 0.05814812 -0.09707209 0.0949144 -0.08980292 0.037950087 -0.00018115994 -0.11874163 -0.2815823 -0.11487263 0.3803143 0.07355454
58 -0.18889299 0.3668607 0.09099936 0.1306434 -0.05866293 0.1411156 -0.41548154 -0.34346122 0.019495629 0.1274933 -0.2823468 -0.18315005 -0.14125817 -0.36195004 -0.2085869 0.11467364 -0.10688734 0.053653613 -0.34227398 0.2248446 -0.008063995 0.18083677 -0.09067118 0.09639502 -0.0384599 0.096958674 0.0049725715 -0.048676074 -0.31260562 -0.2142268 0.35105538 0.058629908
100 -0.0993445 0.40538037 0.10418154 0.059405185 0.09727507 0.07398922 -0.37721607 -0.44354677 -0.02421643 0.18449815 -0.2306083 -0.12788092 -0.23953229 -0.36745235 -0.21655084 0.10882246 -0.079960585 -0.048686612 -0.2518813 -0.0074193683 0.014820912 0.14297928 -0.15617421 0.29212317 -0.16065668 0.13571048 -0.043377843 -0.04450785 -0.32320157 -0.065487914 0.23334405 0.0017483612
112 -0.092731915 0.41974062 0.13159768 0.026341062 0.1534423 0.03005329 -0.2963929 -0.5640976 -0.07609246 0.31619543 -0.18701857 -0.12842396 -0.26632524 -0.3957529 -0.20960908 0.10371237 -0.051288504 0.03893365 -0.24602053 -0.073303916 0.00095432956 0.15569992 -0.18526001 0.25886145 -0.18765517 0.12400874 -0.01296437 -0.17129168 -0.30877548 -0.005407169 0.16675156 -0.06327773
80 -0.054992978 0.33657342 0.24188569 0.19235578 -0.11703679 0.1638438 -0.29730535 -0.22053981 -0.053489912 0.30814537 -0.32307127 -0.18805492 -0.18946205 -0.41493556 -0.21890289 0.10396242 -0.007015122 -0.051454093 -0.31538904 0.06693307 -0.08774171 0.27573842 -0.11121465 0.17051052 -0.0015477083 0.17165364 0.01628186 -0.023053493 -0.39745757 -0.24038339 0.21452785 -0.036001854
47 -0.23931436 0.3596861 0.13197477 0.10737868 0.010219638 0.13101853 -0.39755967 -0.35686776 -0.018363599 0.19184391 -0.29224133 -0.20790903 -0.13875622 -0.32836914 -0.14708318 0.122260414 -0.111847885 0.041179575 -0.34136018 0.15744366 -0.027999558 0.20745102 -0.09137036 0.15591182 -0.016685968 0.09573373 -0.05583394 -0.069895856 -0.34142822 -0.10020861 0.29227644 0.027270904
78 0.052500874 0.33286315 0.31496754 0.19844367 -0.12723823 0.13980258 -0.32274988 -0.071243994 -0.020398421 0.28568006 -0.24014604 -0.11127591 -0.2456504 -0.33955532 -0.24622805 0.105475806 -0.06000115 -0.10731725 -0.3994825 -0.032310892 -0.056202922 0.30212495 -0.13276796 0.31123218 -0.041989192 0.24135284 -0.01343731 0.027474258 -0.4399543 -0.21327055 0.12815648 -0.10218259
98 -0.074839935 0.40130025 0.18863563 0.06336331 0.12009699 0.030663755 -0.38799256 -0.3994325 -0.11442041 0.22856705 -0.20301 -0.066761866 -0.20434295 -0.3309815 -0.22307155 0.059677448 -0.046966203 -0.0590315 -0.23876739 -0.08806537 -0.023018721 0.14992988 -0.21109165 0.36573535 -0.16325136 0.15842299 -0.0025392056 -0.049759462 -0.3838804 -0.05844813 0.16878322 -0.0787816
71 0.03608573 0.35100278 0.25157353 0.15594894 -0.03455013 0.130965 -0.35298443 -0.15142094 0.0020369662 0.26705393 -0.24059737 -0.10918575 -0.29212117 -0.30930358 -0.20732895 0.07301662 -0.050010487 -0.07799725 -0.37045047 -0.06723979 -0.08574622 0.2862849 -0.16873503 0.35567898 -0.073694825 0.2525902 -0.0683842 0.012238865 -0.42196506 -0.11500856 0.15668622 -0.111977056
118 -0.14353912 0.42988372 0.12570377 0.08417265 0.10212461 0.07606851 -0.35094252 -0.49437362 -0.009867532 0.19980572 -0.28345856 -0.17212875 -0.24992007 -0.3411203 -0.20860825 0.081679344 -0.040770493 0.019985102 -0.2336676 -0.016423168 -0.0075828237 0.10692752 -0.12283154 0.21815272 -0.14742076 0.098761395 -0.06004786 -0.09927213 -0.3384999 -0.00474499 0.24211253 0.0020152493
64 -0.24128443 0.36811644 0.10244302 0.076646045 0.0031392714 0.122726135 -0.3763193 -0.4800132 -0.0085414965 0.15305465 -0.31437084 -0.22391097 -0.16611867 -0.4004984 -0.1805036 0.0698494 -0.051896278 0.11578576 -0.29525182 0.15220684 0.002138469 0.14018628 -0.07227507 0.07383993 -0.072802074 0.02717346 0.01783562 -0.12111768 -0.34891388 -0.17543483 0.3548082 0.04176477
60 -0.20419876 0.3800487 0.059977494 0.064253666 0.089728706 0.10646938 -0.40454453 -0.43896064 -0.090822704 0.14843439 -0.30111355 -0.18243597 -0.12116427 -0.396048 -0.2121598 0.11184473 -0.056073003 0.030228036 -0.26962414 0.15067713 -0.018201526 0.1155249 -0.14282174 0.20207101 -0.082142614 0.102950536 0.0027176563 -0.066107325 -0.29682556 -0.109392986 0.31774825 0.03373095
62 -0.31534448 0.4159476 0.008929201 0.044581685 0.048421368 0.12758909 -0.44402054 -0.46657974 -0.005996295 0.1370848 -0.28970018 -0.2485173 -0.0846635 -0.35272416 -0.13461241 0.12594578 -0.121622615 0.13634938 -0.2840373 0.18105718 0.043486778 0.09612751 -0.12548676 0.024701789 -0.072219156 0.017537573 0.013992124 -0.060486693 -0.30812353 -0.18311284 0.41135162 0.112294115
76 -0.091919 0.37606958 0.1854618 0.094337665 -0.053592626 0.1389547 -0.4650334 -0.1278875 0.01564093 0.16341253 -0.27634886 -0.07766407 -0.26182178 -0.3536365 -0.17763826 0.08483014 -0.15471137 -0.05500378 -0.39881867 0.0048539587 0.07393739 0.28938767 -0.14898992 0.28625125 -0.084617645 0.20230213 -0.07973871 0.08090857 -0.3965531 -0.18820313 0.25459015 -0.019225823
35 -0.29143322 0.43857658 0.012776644 -0.01499438 0.123424284 0.0861737 -0.45467314 -0.5247432 -0.056658417 0.17034578 -0.2755195 -0.17843552 -0.12445817 -0.32800603 -0.13627285 0.064202845 -0.12863374 0.10879295 -0.27180457 0.12506032 0.06051413 0.10397367 -0.14229497 0.12036906 -0.103426754 0.043569602 0.012224139 -0.09342533 -0.31228346 -0.100545555 0.360993 0.050975088
89 -0.11917321 0.29542553 0.20774212 0.28032202 -0.047806695 0.09356308 -0.31791046 -0.34194225 0.026036242 0.27828187 -0.3181907 -0.2166842 -0.198861 -0.39262807 -0.21153408 0.055307977 -0.018409992 -0.02025847 -0.32393178 0.16562618 -0.12509379 0.17308642 -0.09180643 0.13635291 -0.008449859 0.15574679 0.04472949 -0.098502345 -0.3764885 -0.16504642 0.2721671 0.012345155
95 -0.061773006 0.31605074 0.2846535 0.33495244 -0.08489149 0.11848673 -0.32628456 -0.28059992 0.031328715 0.32778105 -0.34448183 -0.17615579 -0.24442886 -0.40698993 -0.22868136 0.029478952 0.034826864 -0.092038326 -0.35577747 0.08107993 -0.21910842 0.23736534 -0.12664367 0.188668 -0.022325376 0.19348557 0.03012726 -0.113960564 -0.35961643 -0.15305397 0.1884806 -0.08342924
90 0.015799163 0.32597095 0.33276775 0.22748148 -0.10953669 0.19976148 -0.33332485 -0.020729024 -0.026450126 0.27024245 -0.36599302 -0.14257024 -0.26201904 -0.37585932 -0.16764686 0.06873371 -0.06898059 -0.14069602 -0.33952352 0.0072339303 -0.06238632 0.3376125 -0.10869315 0.27043995 -0.03288862 0.22614741 -0.061209764 0.08769429 -0.42759055 -0.21803278 0.17519082 -0.014828173
7 -0.17000145 0.46605852 0.059664074 0.0038091955 0.010623115 0.09557422 -0.5340722 -0.27178174 0.029511245 0.13016713 -0.2769878 -0.09650161 -0.15607706 -0.25529075 -0.14453222 0.08371008 -0.18501528 0.02685146 -0.33897668 0.017724581 0.13424224 0.13615358 -0.14374334 0.21491002 -0.077712744 0.16866344 -0.08292707 0.076744564 -0.39574307 -0.14748597 0.32855335 0.0037965325
102 -0.13749062 0.42478752 0.11205764 -0.041788682 0.2462881 0.022626953 -0.4569852 -0.4660277 -0.096994266 0.24314171 -0.19275323 -0.0052205888 -0.28410766 -0.33921105 -0.1325881 0.093790755 -0.09614613 -0.05114178 -0.2689673 -0.14654279 0.07103498 0.13517487 -0.1957216 0.36926618 -0.20500909 0.15706863 -0.056850802 -0.07496835 -0.30025494 0.059905756 0.19333087 -0.06387531
22 -0.12663573 0.42477158 0.15335688 0.05233494 0.057620052 0.12192859 -0.53255564 -0.17404996 0.0048515717 0.08525974 -0.23385438 -0.03199706 -0.21260342 -0.24665636 -0.13062648 0.09211231 -0.1890961 -0.06401098 -0.3965255 -0.008723413 0.07351683 0.22489116 -0.1769143 0.28673354 -0.13129301 0.15615489 -0.09254118 0.100810915 -0.35453564 -0.11893451 0.27204895 -0.03885598
91 -0.077669874 0.3441734 0.22239578 0.20698288 -0.062513895 0.1300952 -0.40186173 -0.22758617 0.047314383 0.25072378 -0.27191788 -0.107440956 -0.2644854 -0.32646385 -0.14735635 0.09948759 -0.14035493 -0.06189096 -0.37963453 0.047048524 -0.05071963 0.30460605 -0.098813236 0.23487312 -0.05178076 0.18436207 -0.029052224 -0.01641856 -0.38448897 -0.19400245 0.17073798 -0.04796059
75 -0.019940272 0.311536 0.30932173 0.18942542 -0.10376773 0.16737287 -0.33103123 -0.1335621 -0.04261416 0.22080639 -0.2889439 -0.123023205 -0.1903926 -0.38999495 -0.22692826 0.1255783 -0.07724637 -0.054841936 -0.41563427 0.1009526 -0.030523634 0.35606506 -0.09793088 0.21272391 0.017823353 0.2157352 -0.032894928 0.03765244 -0.45575038 -0.25195333 0.1714465 0.024177905
10 -0.09231215 0.48763385 0.12536761 -0.011342902 0.05984043 0.1420782 -0.5956278 -0.110118456 0.045314636 0.056120757 -0.26844314 -0.04526394 -0.24032538 -0.20857319 -0.11856137 0.054440383 -0.20014204 -0.031053137 -0.3741788 -0.11284655 0.14738686 0.20657021 -0.21478483 0.36733225 -0.1254035 0.19726874 -0.17287464 0.14832704 -0.36462882 -0.049390774 0.3058568 -0.007281972
8 -0.22057185 0.47398573 0.026659051 -0.009617222 0.03725213 0.13197829 -0.63923407 -0.19332187 0.049444452 -0.010144198 -0.26616612 -0.06784992 -0.15696141 -0.20036963 -0.12863295 0.14114985 -0.27751327 -0.040251877 -0.39102796 0.025988264 0.14923507 0.22213836 -0.15331182 0.2546292 -0.14199828 0.13118228 -0.08032192 0.12810442 -0.3239429 -0.124994695 0.31135777 0.05271733
82 -0.026509037 0.32332107 0.261995 0.32787856 -0.07609668 0.14563525 -0.2618561 -0.22405371 -0.008216111 0.36768147 -0.3396114 -0.19876915 -0.22870803 -0.40700772 -0.23706506 0.06994747 0.057701055 -0.101805106 -0.31898382 0.09922704 -0.2169255 0.1989077 -0.116905645 0.17809471 -0.02135398 0.19658123 0.036507536 -0.08691687 -0.39391497 -0.16402283 0.17665915 -0.096658744
88 -0.058544036 0.31167236 0.2044588 0.22421868 -0.01662155 0.13488281 -0.33855316 -0.2787242 -0.008032153 0.2138396 -0.27936766 -0.1526254 -0.25597742 -0.39478335 -0.24593599 0.1270654 -0.01081639 -0.08812214 -0.2873037 0.03876401 -0.1134496 0.21429138 -0.12865612 0.23644444 -0.062442247 0.16579723 -0.018310918 -0.026824307 -0.35595417 -0.11598612 0.17901959 -0.0005451371
117 -0.08241922 0.4532636 0.15542282 0.0044843797 0.19053228 0.057819072 -0.43155837 -0.3567139 -0.094339825 0.21328244 -0.19201015 -0.050242662 -0.2873665 -0.28588858 -0.16648886 0.098498486 -0.13588236 -0.10108764 -0.23486046 -0.1392305 0.05398776 0.19718884 -0.2206828 0.39763597 -0.21871118 0.15211348 -0.06175379 -0.019133527 -0.3124445 0.039896548 0.16065662 -0.0838714
12 -0.14048892 0.43476954 0.061795317 0.037822098 0.052958388 0.11051424 -0.5307846 -0.29158333 0.011891144 0.174779 -0.23911993 -0.09867327 -0.20438275 -0.29984865 -0.14934327 0.12989578 -0.16627328 -0.024318602 -0.3311865 0.01694915 0.100596055 0.16083083 -0.20229745 0.25034475 -0.12701762 0.1823333 -0.07351129 0.042526707 -0.35582 -0.08170888 0.299913 0.007424559
50 -0.28724727 0.40647146 0.08914425 0.016887523 0.13860758 0.09387078 -0.42649832 -0.43061307 0.0016639624 0.17804132 -0.32700467 -0.1287733 -0.18598592 -0.30656987 -0.098755546 0.04976 -0.13785708 0.052773725 -0.3046574 0.062593415 0.065951265 0.12736025 -0.15387969 0.18615596 -0.057692535 0.118214555 -0.10749732 -0.036501296 -0.31381404 -0.052622657 0.36952838 0.091946915
32 -0.12726393 0.45692223 0.12423399 0.0058102626 0.0830054 0.070696376 -0.545298 -0.26213914 -0.009174793 0.08467652 -0.24010004 -0.059233513 -0.20730285 -0.22085634 -0.13996474 0.056902993 -0.18810908 -0.05514559 -0.33851263 -0.06834897 0.13318665 0.16765276 -0.20423022 0.34105322 -0.15667056 0.16405216 -0.1189564 0.061898485 -0.35636285 -0.030613031 0.24204066 -0.015066285
120 -0.022823973 0.39057255 0.19718276 0.09897325 0.1809414 0.014543509 -0.38679677 -0.4560047 -0.08409858 0.34462017 -0.16699038 -0.016390696 -0.3069217 -0.3799136 -0.21719696 0.04850832 -0.0065999073 -0.11508154 -0.20975162 -0.15606655 -0.07963929 0.14651623 -0.22643825 0.42137286 -0.1979714 0.21307024 0.0039678393 -0.0896377 -0.32270968 0.04532186 0.08731159 -0.16242337
92 -0.012144827 0.3176221 0.25384578 0.29033512 -0.11253132 0.15344591 -0.27592337 -0.17337713 -0.0385462 0.3741717 -0.35004485 -0.21510266 -0.2057708 -0.37582603 -0.1975428 0.0709576 0.0015605261 -0.10983956 -0.33040267 0.042957034 -0.17237994 0.26616597 -0.12523201 0.19138888 0.0054319133 0.20995976 0.04524834 -0.05163728 -0.45760533 -0.24744403 0.2259735 -0.10009907
94 0.040537573 0.28220543 0.36242932 0.25901666 -0.15462707 0.18146242 -0.29914516 -0.045912545 -0.01239317 0.34121782 -0.29412737 -0.1533245 -0.26859713 -0.3547092 -0.22745161 0.08578486 -0.043529823 -0.17087217 -0.36944556 -0.012723515 -0.15253806 0.3983403 -0.13841026 0.30468383 -0.011714274 0.27638784 -0.0055451384 0.03795195 -0.45486295 -0.22668804 0.15057923 -0.096333265
86 -0.10681413 0.3576667 0.19531418 0.13684617 -0.028057547 0.14882031 -0.37160224 -0.21126884 0.0033660182 0.27207956 -0.32753363 -0.19992976 -0.19495754 -0.3618863 -0.16666336 0.050204653 -0.04956736 -0.02659889 -0.37186864 0.07513915 -0.076163426 0.266499 -0.18570212 0.19657274 -0.046219315 0.20062886 -0.0105048 0.0041842544 -0.39448294 -0.17729329 0.29096025 -0.041112367
6 -0.10316107 0.43641293 0.16927491 0.0059828036 0.09012149 0.06914721 -0.5087825 -0.21665049 -0.014225819 0.090420365 -0.25352892 -0.016258186 -0.24346979 -0.24491236 -0.15052602 0.032050252 -0.15442495 -0.039712492 -0.34357977 -0.10568003 0.09886311 0.15200388 -0.1657579 0.34389883 -0.12369694 0.14183308 -0.10017113 0.05313106 -0.39189598 -0.066576526 0.2828367 -0.051686414
97 -0.09157802 0.48474485 0.08696181 -0.035258297 0.2524366 0.018202567 -0.40611684 -0.5135314 -0.12675622 0.25271443 -0.14356112 -0.058854673 -0.28777647 -0.36403805 -0.18126997 0.101905555 -0.11160915 -0.053252444 -0.20100479 -0.111295074 0.06410054 0.13743399 -0.22215833 0.36401653 -0.24454588 0.11595808 -0.011552155 -0.08120697 -0.28132793 0.05902665 0.13489614 -0.057541825
63 -0.22170062 0.3616761 0.06646706 0.12753488 0.013804857 0.12400289 -0.41828907 -0.474866 -0.0021377492 0.15428022 -0.3078202 -0.19168484 -0.13983615 -0.38904253 -0.21465904 0.15755016 -0.075339966 0.0074168774 -0.28069317 0.18852694 -0.069319576 0.15284212 -0.1049879 0.13851497 -0.06272726 0.088278815 0.0093371915 -0.07269937 -0.26547167 -0.09383032 0.2950424 0.06330628
85 -0.04347621 0.2886242 0.2870986 0.2422938 -0.0918118 0.1679226 -0.35148823 -0.10112926 0.012082328 0.23932491 -0.33151576 -0.12479681 -0.21019816 -0.36959547 -0.1661944 0.09796089 -0.07505409 -0.098058894 -0.4155875 0.11187792 -0.06999666 0.31943986 -0.10636068 0.19485252 0.007227187 0.21220124 -0.048521075 0.014566098 -0.4416089 -0.23657678 0.21500406 0.006825493
74 -0.036842626 0.26423475 0.28365448 0.23332854 -0.0916839 0.13156615 -0.2162717 -0.2672481 -0.061259277 0.3836986 -0.3329285 -0.22240044 -0.23960169 -0.45047706 -0.20103642 0.09922636 0.043784436 -0.0468513 -0.29297155 0.046222933 -0.1358182 0.29932278 -0.116715245 0.15720423 -0.0138539905 0.16289152 0.024132077 -0.089799345 -0.40669194 -0.21696855 0.14852646 -0.048406273
59 -0.3001305 0.39430678 0.079447515 0.051029485 0.082772024 0.07765144 -0.47413 -0.5127127 0.0256887 0.19968697 -0.3150757 -0.19664411 -0.1324926 -0.33006212 -0.12865485 0.081758805 -0.121477105 0.06828991 -0.24435596 0.14799769 0.03141455 0.071356185 -0.07242238 0.11904221 -0.054354712 0.06337239 -0.016518064 -0.10467816 -0.32486638 -0.08779685 0.32839057 0.10187602
43 -0.27765107 0.37014365 0.06739709 0.10000021 0.0028571507 0.11955219 -0.38443166 -0.4352974 -0.011713623 0.16773157 -0.33684194 -0.21962517 -0.15176506 -0.40979317 -0.20603213 0.12708749 -0.069124795 0.11508375 -0.28352326 0.18333215 0.008026608 0.1542008 -0.07383055 0.054124348 0.006199581 0.071446896 -0.0033596633 -0.095798396 -0.31776333 -0.2149837 0.36849332 0.06646767
44 -0.30274132 0.39608085 0.07533199 0.040538955 0.038733818 0.11799233 -0.4255998 -0.45773986 0.006254901 0.13879591 -0.3288823 -0.2475486 -0.13398208 -0.35783714 -0.1465303 0.096317284 -0.09988912 0.13699724 -0.29565525 0.13640095 0.03212666 0.11624559 -0.08941209 0.014887178 -0.028686635 0.0046755043 -0.046821494 -0.09078493 -0.33585098 -0.18558109 0.41740033 0.0841877
37 -0.36514825 0.36310166 0.02517821 0.1022231 -0.0031778996 0.11435932 -0.40465948 -0.49303505 0.021988405 0.103768975 -0.34888038 -0.2572622 -0.07096043 -0.38047558 -0.16581212 0.10253625 -0.086824276 0.116940685 -0.27225477 0.27953565 0.016867971 0.09237803 -0.07561747 0.04462799 -0.0043390375 0.056211587 -0.031523723 -0.08789434 -0.31462666 -0.17926736 0.4466971 0.15660608
103 -0.11836507 0.42812055 0.1786291 0.046612825 0.06758316 0.121198155 -0.3977516 -0.3126584 -0.0820817 0.24349415 -0.28686386 -0.09089211 -0.1923424 -0.3572676 -0.18971668 0.08426942 -0.09458081 -0.068791024 -0.27008644 0.019488709 -0.013577463 0.18485515 -0.16361523 0.29208514 -0.08725223 0.13831338 -0.047512293 1.5899452e-05 -0.3160859 -0.06575221 0.21703312 -0.002839173
87 -0.15690793 0.31295446 0.2195031 0.18515772 -0.050251674 0.17608944 -0.27658913 -0.34669763 -0.046188705 0.30657595 -0.3328623 -0.25353777 -0.11872214 -0.44076607 -0.15305409 0.07673656 -0.022333285 0.050688036 -0.28948876 0.13877612 -0.0819432 0.19134752 -0.08403242 0.069765 -0.022476135 0.10762441 0.036373597 -0.089530304 -0.38590774 -0.2335065 0.29213732 0.031647872
54 -0.33821347 0.4118695 0.059226714 0.08191217 0.011094944 0.13006747 -0.4154953 -0.47887167 0.007243183 0.13346665 -0.3934779 -0.25168172 -0.11272896 -0.38620898 -0.15379205 0.05060154 -0.13105702 0.11651143 -0.24851622 0.25332427 0.032562595 0.11131135 -0.06203544 0.028513651 -0.0070273606 0.064387515 0.025069017 -0.048203044 -0.32526663 -0.22750255 0.42345604 0.13959554
24 -0.18218806 0.42458645 0.10861641 0.04663404 0.087974034 0.096023075 -0.5298804 -0.23589528 -0.0034165026 0.07512859 -0.29267362 -0.096744426 -0.1486331 -0.26740095 -0.1579087 0.0394733 -0.14592683 0.019866925 -0.30390996 0.015358927 0.057728544 0.10196328 -0.17700857 0.26953435 -0.09406262 0.10128479 -0.10452954 0.09953877 -0.37577707 -0.122792974 0.34054658 0.009682299
9 -0.11920817 0.40127218 0.14598891 0.045268375 0.03891834 0.092108324 -0.44866866 -0.26686448 -0.002715071 0.14115943 -0.2515359 -0.1181291 -0.22763431 -0.2426302 -0.1623122 0.077633075 -0.100705445 -0.038085964 -0.32567593 -0.005751554 0.056669828 0.18452093 -0.16180554 0.32164276 -0.080369495 0.17477651 -0.09766958 0.020391027 -0.40311345 -0.090032786 0.23275468 0.010995152
52 -0.2358011 0.39866278 0.07047637 0.03877482 0.04791621 0.0872033 -0.41407442 -0.45076418 -0.09112446 0.197016 -0.29326978 -0.19515844 -0.08527809 -0.37752494 -0.19383788 0.12738886 -0.09342904 0.040419314 -0.28155786 0.16912721 0.021517428 0.14390878 -0.10235872 0.14371419 -0.08189516 0.08008477 0.029728755 -0.077784695 -0.34506494 -0.14589867 0.29434592 0.07470715
104 -0.087500624 0.45945117 0.11592036 -0.056042425 0.22849485 0.014642893 -0.42239296 -0.48244035 -0.13137324 0.24465105 -0.14758559 -0.018869892 -0.28805986 -0.36858657 -0.17831282 0.11991675 -0.12302232 -0.054615293 -0.23056163 -0.13934097 0.07020273 0.13714278 -0.2318985 0.44090953 -0.25336742 0.16371731 -0.0066731945 -0.068422 -0.30248496 0.053635523 0.12585734 -0.11981712
114 -0.13111812 0.45499638 0.14292003 0.013316482 0.13224797 0.078813694 -0.38583773 -0.42262977 -0.10945882 0.27244076 -0.2811319 -0.15022671 -0.18809336 -0.34860787 -0.22028399 0.09468526 -0.07345916 -0.036611542 -0.19999433 -0.044540606 0.005634025 0.13140318 -0.17497429 0.25521618 -0.11060094 0.08772817 0.040767223 -0.06279235 -0.3561759 -0.07879347 0.20546094 -0.0697848
110 -0.014756988 0.44355744 0.14038028 0.049560204 0.1235813 0.036623616 -0.37422752 -0.37678653 -0.10037487 0.2621082 -0.17393222 -0.06534053 -0.271085 -0.3533151 -0.25969473 0.081392355 -0.056335356 -0.0978404 -0.24095012 -0.16572364 -0.006390136 0.1844671 -0.24157454 0.39283407 -0.19545943 0.2045116 0.016645828 -0.014976983 -0.33879426 0.0036254018 0.14700246 -0.14620693
11 -0.14593725 0.52805215 0.08907256 -0.08003032 0.104808934 0.0992976 -0.5996152 -0.23837532 0.01588444 0.04959527 -0.20116231 -0.03197224 -0.18558276 -0.17232032 -0.1650655 0.09475423 -0.23290448 -0.05600307 -0.3124864 -0.08244398 0.14105994 0.14904356 -0.22235389 0.4096636 -0.17355652 0.16178899 -0.1203712 0.13557549 -0.35379764 -0.0034939093 0.23786941 -0.044558156
40 -0.26219428 0.39840826 0.08488897 0.06349511 0.11829907 0.0628296 -0.38511375 -0.5555822 -0.029557286 0.2601112 -0.33322302 -0.22557515 -0.16798486 -0.3791945 -0.1443845 0.056963056 -0.034690652 0.107140936 -0.23528089 0.13172528 0.0034151482 0.09590947 -0.09602132 0.13232759 -0.0766007 0.0773229 -0.005091438 -0.16253462 -0.31989124 -0.101713195 0.33519074 0.054007016
126 -0.1945272 0.42932025 0.10542757 0.027458008 0.047432803 0.0736662 -0.37529334 -0.4877031 0.0057347966 0.16868605 -0.23531558 -0.18831256 -0.22697991 -0.35516897 -0.20584749 0.09657716 -0.10383382 0.12768343 -0.2815082 0.04919791 0.052596726 0.14273506 -0.12975287 0.16734543 -0.077495106 0.10921311 -0.03546155 -0.07851772 -0.3363796 -0.12568872 0.3285137 0.0286869
19 -0.14814365 0.45379797 0.14710507 -0.034110382 0.072907425 0.104826756 -0.5109908 -0.19996855 -0.055664897 0.108574174 -0.3124006 -0.06483884 -0.16896284 -0.26873004 -0.14557964 0.10931582 -0.17427945 -0.074016035 -0.29682884 -0.047680125 0.06300248 0.17638884 -0.20216744 0.38406983 -0.09780721 0.1348257 -0.12417482 0.112515144 -0.35382694 -0.0024411855 0.24474172 0.05189612
29 -0.14544268 0.44304085 0.13542561 0.011639187 0.09876558 0.107083954 -0.5144673 -0.23861012 -0.030186241 0.085665315 -0.2778047 -0.07476706 -0.19428878 -0.23678598 -0.15225661 0.06092918 -0.121155865 -0.038470328 -0.35824856 -0.051683653 0.08359934 0.15554257 -0.1483727 0.28087825 -0.112141155 0.11279271 -0.113581136 0.013793903 -0.36460364 -0.07920121 0.2722797 0.009305219
67 0.0061775357 0.304339 0.27173874 0.2258748 -0.14271097 0.16194169 -0.32524884 -0.124455236 -0.023971066 0.29256153 -0.33034775 -0.17798503 -0.23753494 -0.40536195 -0.21694554 0.10564603 -0.04809397 -0.114049286 -0.33339196 0.07940097 -0.07630044 0.2998846 -0.13644189 0.21857922 -0.024570648 0.21866909 0.025572227 -0.0046291095 -0.40008524 -0.22991146 0.18727638 -0.026356308
14 -0.1688517 0.44095743 0.0836311 0.0037114662 0.037678026 0.13212264 -0.4528139 -0.35745534 0.008580838 0.08961813 -0.27527812 -0.1375717 -0.18767637 -0.29461044 -0.16349658 0.09490085 -0.12168955 0.033795394 -0.28026783 0.0058900067 0.08227758 0.13335983 -0.1362942 0.26221508 -0.1018248 0.096685305 -0.13611674 0.017167501 -0.36297044 -0.041526206 0.2665573 0.03831924
124 0.012266822 0.4190869 0.20663722 0.08779244 0.15024883 0.0059013087 -0.31973273 -0.43813145 -0.15344462 0.34659344 -0.21634027 -0.045873106 -0.28255245 -0.40113032 -0.26307544 0.095903605 0.006331749 -0.14627758 -0.16623765 -0.17546584 -0.08877195 0.17822297 -0.22749268 0.43568298 -0.19614254 0.1989806 0.049219064 -0.09293227 -0.31632966 0.041192994 0.067193225 -0.17868343
38 -0.25270587 0.35241178 0.08088988 0.11882795 -0.014569992 0.15769573 -0.3291806 -0.5013697 0.0011972166 0.19158114 -0.2589833 -0.26103917 -0.1274149 -0.40174872 -0.16802844 0.14552766 -0.09726675 0.12262953 -0.29583547 0.17029873 -0.0073716417 0.16336696 -0.071193755 0.021790145 -0.07370865 0.024519917 0.015219063 -0.13774721 -0.3455164 -0.19742142 0.33695772 0.04870024
30 -0.13984972 0.40244293 0.111788794 0.026060846 0.005550852 0.16499314 -0.5207765 -0.13435005 0.032386784 0.07452563 -0.27164757 -0.10322667 -0.20308991 -0.23201065 -0.1471033 0.06504615 -0.13595672 -0.0047912444 -0.3990326 0.019595306 0.09144271 0.23288047 -0.17996123 0.26823124 -0.08981581 0.18513747 -0.121238396 0.0941998 -0.35327095 -0.112244576 0.30712017 0.0113364775
66 -0.0817542 0.35955632 0.21583581 0.15347707 -0.11379902 0.14392184 -0.3628971 -0.24399294 -0.02019806 0.19104254 -0.27349985 -0.18819071 -0.15609339 -0.30876178 -0.23617494 0.104490295 -0.06375461 -0.0025794816 -0.3734554 0.08279859 -0.022364337 0.23188905 -0.074832514 0.16995624 -0.053003434 0.14562617 0.010103821 -0.0416027 -0.44587362 -0.23149523 0.26012442 -0.008212412
2 -0.17633115 0.36625794 0.17419994 0.13043052 0.038422067 0.107559636 -0.4345494 -0.3054268 -0.022361945 0.20736244 -0.329597 -0.13881956 -0.22199343 -0.3276155 -0.15608114 0.030636579 -0.063816085 0.00607736 -0.32363537 0.04180153 0.0033158574 0.11412293 -0.14618798 0.24607137 -0.042122606 0.13841787 -0.07312861 0.0033125975 -0.4166409 -0.1331112 0.308509 -0.020517305
77 -0.07303851 0.34756118 0.23702009 0.21909171 -0.06459167 0.13955012 -0.31243044 -0.24039313 0.03298357 0.28644958 -0.24877207 -0.18699749 -0.24348018 -0.32628328 -0.17760277 0.06584621 -0.052844852 -0.040505793 -0.33570594 0.023619208 -0.11669163 0.29481778 -0.13062823 0.22994421 -0.046446905 0.16279015 0.0062169246 -0.031182634 -0.3979368 -0.13609214 0.17544626 -0.067870036
107 -0.18966684 0.40495485 0.035024103 -0.008263518 0.24595526 -0.009365637 -0.3436178 -0.6710793 -0.100334965 0.26841694 -0.17490615 -0.1055943 -0.2898764 -0.4188858 -0.2250378 0.1339673 -0.028551823 0.042919546 -0.13473444 -0.036824096 0.055210162 0.086749785 -0.1860304 0.30609143 -0.21386677 0.12771931 -0.020735936 -0.14865763 -0.2718768 0.076432884 0.16163927 -0.0030638038
106 -0.008153554 0.36198893 0.19354217 0.09601964 0.059086576 0.05512513 -0.33621532 -0.33832467 -0.050639424 0.26233968 -0.21080549 -0.101867035 -0.29067332 -0.39305842 -0.21373256 0.033407673 -0.0170114 -0.093324244 -0.23880073 -0.07685568 -0.0395525 0.18108103 -0.21198474 0.391303 -0.13317686 0.21052133 -0.00980927 -0.04068441 -0.36716434 -0.049427923 0.15490867 -0.09788631
39 -0.33279946 0.4492255 0.005474069 0.0153467525 0.12326206 0.059915084 -0.4745158 -0.53626525 0.002571974 0.17330895 -0.28259817 -0.19716339 -0.17066677 -0.3175176 -0.124589704 0.07701308 -0.14170799 0.1179824 -0.23434006 0.10381221 0.06708956 0.06859994 -0.09243559 0.12917827 -0.093266085 0.052158944 -0.0405162 -0.11669629 -0.27522337 -0.0609864 0.35864264 0.07676034
26 -0.16481622 0.47236967 0.080059856 -0.033492748 0.05323155 0.0993702 -0.59602237 -0.19609417 0.00978745 0.0066377805 -0.22252317 -0.05347483 -0.19906338 -0.17683405 -0.12250021 0.10077928 -0.24814592 -0.02133191 -0.38267866 -0.045028657 0.15406604 0.21923135 -0.20440091 0.31460604 -0.1411596 0.14326262 -0.11267195 0.11762206 -0.37971795 -0.081663996 0.2915526 -0.0072534243
72 -0.05467324 0.2859505 0.26357433 0.32453457 -0.08221288 0.14061137 -0.32898182 -0.19339551 0.019023271 0.32003266 -0.35784495 -0.18954486 -0.16999027 -0.35244516 -0.22680941 0.0603961 0.026751215 -0.0843552 -0.34190443 0.11555451 -0.20074727 0.1889728 -0.1029644 0.21570095 0.018650351 0.2238186 0.019345932 -0.039213136 -0.41453883 -0.18898213 0.21267658 -0.08354162
111 0.015855772 0.39416727 0.21869749 0.105335504 0.18565403 0.017828356 -0.30034685 -0.46275985 -0.11488982 0.32292926 -0.18224014 -0.09513042 -0.30800566 -0.38920948 -0.2641031 0.06740198 0.0167889 -0.11615318 -0.18043046 -0.12598467 -0.094095625 0.18775599 -0.2374504 0.39692545 -0.15469223 0.18463263 0.031535067 -0.10698907 -0.34282106 0.03259098 0.09182091 -0.13581602
123 -0.07742301 0.42414904 0.18276201 0.08031176 0.14350902 0.013949491 -0.3770838 -0.350915 -0.055949587 0.26465672 -0.22969426 -0.056522273 -0.2808852 -0.3467052 -0.20113286 0.03927875 -0.04080829 -0.08549939 -0.23309045 -0.1295364 -0.045860063 0.16245557 -0.20780565 0.38639358 -0.1842021 0.1969422 -0.05266289 -0.038786653 -0.33698845 0.046294644 0.17368016 -0.08089026
27 -0.061691724 0.4758782 0.13689123 0.018531468 0.0042630658 0.125085 -0.59949857 -0.016903339 0.005754462 0.098075055 -0.2729337 -0.001945449 -0.22094026 -0.18118435 -0.1547057 0.070722 -0.23612358 -0.11231566 -0.4153174 -0.06767338 0.12447419 0.26556438 -0.21362418 0.393939 -0.10966288 0.20380485 -0.14228687 0.20549646 -0.3972215 -0.09801966 0.25586393 -0.058441404
56 -0.34897423 0.43733668 0.020709299 0.017914835 0.012963382 0.118288055 -0.5243849 -0.41559058 0.04511079 0.051898003 -0.34539774 -0.22436643 -0.0843766 -0.3243028 -0.15991554 0.094469 -0.17200261 0.14258853 -0.3143572 0.2162213 0.08682738 0.06471287 -0.10272724 0.05458671 -0.032765925 0.05331636 -0.036608864 -0.023475645 -0.27577114 -0.1563484 0.42913452 0.09727017
84 0.05415551 0.32404932 0.3400618 0.25013277 -0.13913858 0.13453996 -0.30820358 -0.11977409 -0.04128116 0.27908826 -0.28921974 -0.1143533 -0.25434867 -0.3662403 -0.2305349 0.09204144 -0.036757406 -0.12944055 -0.37610152 -0.007605734 -0.070286304 0.30601808 -0.11781026 0.27732673 -0.009295931 0.22115831 0.007838923 0.024035519 -0.46475497 -0.23774177 0.1629965 -0.09449605
69 -0.045368847 0.31476372 0.28018615 0.19489087 -0.10987111 0.1322613 -0.36698487 -0.06264909 -0.0172721 0.25951815 -0.26138902 -0.07195302 -0.20767465 -0.30269894 -0.15379415 0.07738808 -0.12379744 -0.07046842 -0.44493902 -0.00567854 -0.012481866 0.3355153 -0.1417394 0.2715819 0.024259156 0.24348137 -0.05011338 0.060203202 -0.42562428 -0.24259354 0.17223328 -0.074691236
34 -0.24358197 0.43168303 0.08088743 0.0634703 0.028013296 0.12877338 -0.43551266 -0.48103267 0.012968291 0.15682569 -0.24809802 -0.19541866 -0.17924431 -0.35049528 -0.16751327 0.08912047 -0.122109525 0.10757199 -0.32624784 0.14831747 0.013562823 0.124435574 -0.099335685 0.07580681 -0.09290994 0.01827676 -0.038131926 -0.1037594 -0.32448676 -0.12919618 0.37690145 0.06590172
46 -0.29561505 0.35875157 0.06479294 0.05447885 0.03070402 0.10240294 -0.39797172 -0.4981404 0.0047447416 0.12634288 -0.2767108 -0.24557789 -0.14842013 -0.3296688 -0.12552041 0.083284505 -0.10595278 0.12441955 -0.3073138 0.16808079 0.028377656 0.13989992 -0.10210987 0.10256652 -0.079390876 0.05750169 -0.03399951 -0.09775242 -0.32482004 -0.15647213 0.39893126 0.08769508
73 -0.065039575 0.34265122 0.22327457 0.28266233 -0.06395374 0.12707242 -0.39630842 -0.22037578 0.04692141 0.21987107 -0.27673993 -0.12707695 -0.21547318 -0.34706327 -0.24139428 0.09851179 -0.08004321 -0.11565181 -0.39323434 0.13409652 -0.15706512 0.25372857 -0.1085657 0.23636107 -0.08720064 0.18933055 0.01930161 -0.008901148 -0.33494282 -0.17148927 0.18430409 -0.026843835
4 -0.12339595 0.45867306 0.05613801 -0.01631722 0.122351445 0.12704647 -0.55946743 -0.283199 -0.003201959 0.07547033 -0.19003077 -0.06762168 -0.18469426 -0.2047184 -0.14600225 0.1333585 -0.21574865 -0.069430105 -0.35343304 -0.0058774683 0.10615998 0.20304699 -0.1773197 0.31415114 -0.19858071 0.13040993 -0.08318911 0.07973416 -0.3418959 -0.06678123 0.27022326 -0.0068981326
83 -0.0055290675 0.29592857 0.28200063 0.2552306 -0.1798034 0.16079105 -0.32758588 -0.083371915 0.003551289 0.27604836 -0.3202386 -0.15846935 -0.2019023 -0.3550421 -0.22681648 0.085919745 -0.035750635 -0.11612385 -0.40618888 0.04441958 -0.11243871 0.2935894 -0.11095496 0.2319646 -0.0080805365 0.18712902 -0.0009807687 0.026311968 -0.4475916 -0.24830814 0.2010824 -0.083199814
31 -0.19524744 0.4240522 0.12455351 0.053703498 0.050449852 0.08550305 -0.48667616 -0.26760924 0.011706854 0.15980753 -0.2730153 -0.10742036 -0.16752793 -0.3028828 -0.11866262 0.053571332 -0.14383504 0.037969973 -0.33141232 0.03619603 0.067324884 0.15635435 -0.14285803 0.212775 -0.07638908 0.15173456 -0.081479274 0.04603093 -0.34289688 -0.11405063 0.32733524 -0.018677153
25 -0.03244377 0.42919177 0.20327407 0.102539174 -0.026384192 0.12591852 -0.4443688 -0.17564803 -0.046302725 0.14072075 -0.29728732 -0.0627085 -0.16149123 -0.2770811 -0.22819942 0.109952234 -0.11306225 -0.078924015 -0.31807286 -0.024854979 -0.0018836397 0.16921146 -0.13795656 0.3025852 -0.08842234 0.13904697 -0.07030576 0.061312973 -0.3880682 -0.12406288 0.200626 -0.020464936
13 -0.097873054 0.4097213 0.17561632 0.0578516 0.030602291 0.086501814 -0.4677349 -0.16941738 -0.048601616 0.17540197 -0.26683548 -0.061290726 -0.19465593 -0.26744345 -0.15878528 0.03951291 -0.09751793 -0.0057557346 -0.37339997 -0.04142584 0.04174092 0.16378763 -0.19024146 0.29057202 -0.065576255 0.17893222 -0.07490201 0.050865334 -0.39083892 -0.11152754 0.2737669 -0.04123065
93 0.01918213 0.3682066 0.2258992 0.17116071 -0.039193794 0.075905465 -0.3785304 -0.17807788 -0.02438501 0.26822385 -0.20806836 -0.07962157 -0.24892925 -0.31232807 -0.2259623 0.0840416 -0.05468317 -0.105952576 -0.33382767 -0.07001381 -0.03963943 0.25213882 -0.18518387 0.3357099 -0.09090763 0.2349528 -0.008800793 0.005621364 -0.39011076 -0.12380772 0.12550053 -0.085114405
57 -0.27432847 0.43851006 0.03756598 0.063039936 0.010996772 0.15586135 -0.38920864 -0.5782452 0.028985292 0.15787551 -0.2810812 -0.2835313 -0.1292106 -0.43535766 -0.1839372 0.1164318 -0.116774835 0.14332622 -0.24626136 0.16017483 0.015928369 0.12103031 -0.051851533 0.021827528 -0.10609408 -0.004755946 0.027637953 -0.13662146 -0.3143015 -0.18980418 0.39500993 0.0931872
28 -0.16365075 0.40337548 0.19036306 0.0060888682 0.10931704 0.053400584 -0.45703414 -0.3264031 -0.06902957 0.19743104 -0.31451485 -0.02406734 -0.21725152 -0.32345217 -0.10439048 0.057091054 -0.1364352 -0.07069237 -0.25858238 -0.10562891 0.061427392 0.1923239 -0.14997768 0.34856138 -0.086212754 0.17469 -0.117649384 -0.0071672536 -0.32066816 -0.0041403174 0.231146 -0.0170827
121 -0.016705794 0.41617447 0.1874714 0.07138808 0.24315472 0.01548177 -0.37391803 -0.47848514 -0.098996036 0.33227932 -0.19829114 0.0058095413 -0.31275025 -0.39712965 -0.25220388 0.09425805 0.044842053 -0.15472677 -0.20058756 -0.14703265 -0.06675459 0.1400322 -0.22698851 0.40744826 -0.17226614 0.22559085 -0.009831286 -0.09763554 -0.2739446 0.10694707 0.098023154 -0.13725156
109 -0.13671471 0.4286488 0.1764007 0.056678906 0.15947253 0.04554604 -0.38215563 -0.52001125 -0.025465654 0.26516178 -0.18641648 -0.05546918 -0.2825644 -0.33972356 -0.1783374 0.11524371 -0.046419345 0.0060019335 -0.27663085 -0.05308852 -0.003061898 0.15150407 -0.18034273 0.25878802 -0.09479243 0.16033591 -0.03449452 -0.11134687 -0.31553677 -0.02826716 0.16863494 -0.04007342
41 -0.250938 0.2906715 0.14968818 0.16709585 -0.038632073 0.14655682 -0.32867974 -0.38361812 -0.0070530614 0.1953839 -0.33677733 -0.26854405 -0.103220776 -0.38528532 -0.1642266 0.11451266 -0.025618529 0.0782124 -0.30918103 0.19150382 -0.049813967 0.17561167 -0.073679574 0.06011131 -0.01418582 0.09095306 -0.0017172187 -0.097042404 -0.39684713 -0.21434572 0.3464804 0.08457786
15 -0.1632703 0.5136394 0.11424146 -0.0066901823 0.113006115 0.10755834 -0.49399588 -0.2899036 -0.09548379 0.12185842 -0.32247832 -0.049801815 -0.1307806 -0.34037155 -0.20669876 0.052272324 -0.12859671 -0.011356463 -0.29410613 -0.0073898844 0.075990185 0.124089405 -0.17126729 0.33135423 -0.11997839 0.11048536 -0.058741342 0.055787355 -0.34169924 -0.055935442 0.289652 -0.0060003554
49 -0.20895787 0.40761232 0.050576672 0.07377396 0.10485488 0.075596236 -0.38204038 -0.5734849 -0.056527406 0.16844437 -0.28025082 -0.1771331 -0.21863657 -0.45373738 -0.2181978 0.117568895 -0.06602297 0.04341742 -0.25463834 0.10885935 -0.024539966 0.104778156 -0.13866773 0.20965834 -0.12953751 0.10434157 0.009163336 -0.12267105 -0.24131276 -0.064736575 0.24802111 0.038633987
