128 32
88 -0.2127185 -0.10860301 0.31979233 0.20040473 0.1623797 0.295366 -0.20323798 -0.27882656 -0.23400803 -0.34693724 0.12985197 0.19446997 -0.14844075 0.011163621 -0.05984914 -0.14444432 0.001181694 0.05946442 -0.09811056 0.31100556 0.19781946 -0.16748883 -0.30910003 0.12880927 -0.18645875 -0.49427563 -0.04573458 0.42575243 -0.26363388 -0.24724765 0.10708103 0.018513814
36 -0.3634341 -0.20577744 0.22818185 0.03661567 0.07048782 -0.13203454 -0.27962756 -0.25337297 -0.22830108 -0.2694367 0.19977424 0.19600327 0.045558352 0.113067284 -0.17985934 -0.13696977 0.042850245 -0.04627504 -0.06455896 0.18704717 0.04986886 -0.08695775 -0.18305017 0.12893866 -0.10628896 -0.34728783 -0.006566831 0.3318059 -0.121728 -0.40766507 0.3257359 0.13106245
50 -0.31663343 -0.16174562 0.28484225 0.08192618 0.087787755 -0.04297519 -0.3023274 -0.25041437 -0.24275608 -0.3275087 0.18912606 0.21666269 0.01181981 0.11878883 -0.17158058 -0.11809521 0.025998931 -0.037673324 -0.064455815 0.20266505 0.06778753 -0.0725374 -0.23065108 0.17410415 -0.18561509 -0.37491444 -0.040855568 0.335246 -0.15803641 -0.3586967 0.3045192 0.107362844
87 -0.22408107 -0.14899865 0.20182845 0.19281681 0.17633004 0.22303364 -0.24551624 -0.24130166 -0.16361913 -0.3203657 0.07541038 0.16207306 -0.10007904 0.042943258 -0.035177227 -0.14315243 -0.102448665 -0.003736812 -0.14988582 0.26650953 0.032240078 -0.12639426 -0.3313405 0.12269374 -0.09382591 -0.5170132 3.1171046e-05 0.42403853 -0.24319437 -0.21332978 0.17275862 0.005117007
10 -0.3518698 -0.20438518 0.18021156 0.07695358 0.089820415 0.057292543 -0.28584588 -0.22891146 -0.18840386 -0.24492036 0.12116311 0.174576 0.042224057 0.051297266 -0.07465208 -0.12062215 -0.109440714 0.0090926085 -0.15432408 0.139392 -0.04884215 -0.13184637 -0.24594793 0.09214395 -0.00045339682 -0.4579199 -0.0065861642 0.3771918 -0.14516065 -0.33198208 0.2691216 0.054495975
112 -0.31214777 -0.242004 0.33401495 0.13601217 0.04315392 0.076743565 -0.19252397 -0.16765471 -0.22119622 -0.20436199 0.11540201 0.116291516 -0.08597459 -0.016374707 -0.056542166 -0.11410914 -0.06939097 -0.00638164 -0.21367556 0.10421999 0.11059916 -0.15411966 -0.059911363 0.13997163 0.07774793 -0.6745495 -0.013278029 0.27301896 -0.19948746 -0.3936519 0.113313794 0.0632239
104 -0.39851347 -0.18918037 0.38719776 0.14925395 0.040361498 0.15677199 -0.23379646 -0.21690638 -0.20108338 -0.21671669 0.17439383 0.15192913 -0.10575958 -0.048665818 -0.061558638 -0.10707919 -0.005258496 0.010761432 -0.12103329 0.13277926 0.18919885 -0.16447437 -0.047540214 0.11273871 0.048801936 -0.69274396 -0.05339294 0.26764506 -0.20906809 -0.4164231 0.048165493 0.072487384
127 -0.37185848 -0.27288875 0.33655682 0.1049408 0.060046304 0.12844841 -0.17672454 -0.18555957 -0.19511981 -0.1505887 0.13907576 0.09934981 -0.08032034 -0.07781443 -0.09350302 -0.12722653 -0.09277619 -0.005281898 -0.17947105 0.08882822 0.10294939 -0.15929097 -0.0047623953 0.10692784 0.11120017 -0.75842726 -0.045209564 0.27420017 -0.22633362 -0.42564473 0.09674203 0.08370697
46 -0.36601603 -0.14645326 0.16474108 0.05668506 0.11056327 -0.06694238 -0.29925537 -0.25422505 -0.24509294 -0.3442824 0.1780772 0.23041922 0.057274137 0.1353105 -0.17477338 -0.15082765 -0.03447099 -0.09251934 -0.03648685 0.2077716 0.0051544462 -0.037257463 -0.2579981 0.094841726 -0.10354426 -0.29973605 -0.0151363835 0.34230113 -0.14575048 -0.37634522 0.36665088 0.10707522
30 -0.3406066 -0.24766606 0.04731401 -0.0055371923 0.1315523 -0.017008023 -0.23963322 -0.16736625 -0.14096755 -0.18726182 0.090149865 0.13985576 0.13820979 0.10164154 -0.0793779 -0.18087105 -0.20669475 -0.03366396 -0.18516304 0.11051961 -0.19093587 -0.15847655 -0.25642803 0.12529725 0.109513134 -0.55428904 0.084443405 0.3832968 -0.1370601 -0.37295175 0.37814543 0.054799706
41 -0.32694083 -0.14504707 0.16239841 0.032723 0.13577566 -0.07455915 -0.30914894 -0.29630092 -0.21673022 -0.37997478 0.16657382 0.22936453 0.08683504 0.18067847 -0.20663871 -0.17900687 -0.03333107 -0.027743096 -0.06268803 0.24134555 0.0016176166 -0.07533558 -0.3176792 0.12254516 -0.20533298 -0.27679235 -0.011460751 0.3639334 -0.14068857 -0.31146875 0.3766286 0.111486316
28 -0.43918142 -0.23954126 0.030643374 -0.0041713435 0.11171511 -0.09565667 -0.2942574 -0.15174648 -0.1830191 -0.21109194 0.0932353 0.18598916 0.16682315 0.12871873 -0.1342198 -0.12094863 -0.21651243 -0.10356541 -0.20263286 0.08703158 -0.17888512 -0.11286911 -0.22318678 0.079450145 0.08222073 -0.4801524 0.057515662 0.35799763 -0.082002036 -0.40609014 0.40223852 0.082104206
44 -0.3151178 -0.14112656 0.15625675 0.038001683 0.13958837 -0.1513802 -0.34367824 -0.37979236 -0.26249588 -0.3998564 0.20534748 0.2695615 0.046049416 0.2309764 -0.2513663 -0.17714933 0.065052405 -0.072190754 0.021512045 0.264041 0.050767124 0.0073559373 -0.32734168 0.13395579 -0.3041666 -0.13641287 -0.028225979 0.37658074 -0.1271238 -0.3358775 0.40733653 0.15493561
76 -0.22464652 -0.14514701 0.32014483 0.15144502 0.16397178 0.23932229 -0.22497588 -0.26266286 -0.21555638 -0.31940135 0.13175747 0.15393014 -0.13719264 0.035370357 -0.08835598 -0.12435648 0.04381231 -0.022522824 -0.12340177 0.2583422 0.14674999 -0.1773689 -0.25224933 0.20829134 -0.10961203 -0.5140673 -0.04005148 0.35115844 -0.24843459 -0.293317 0.14165127 0.049146984
109 -0.32776552 -0.23767525 0.38262904 0.13638717 0.08888045 0.18000838 -0.20295899 -0.2046082 -0.23851663 -0.19489105 0.14414161 0.1317137 -0.08211366 -0.036912084 -0.08497178 -0.13303441 0.0010683974 0.060212143 -0.12677518 0.12420545 0.11086206 -0.19938701 -0.10539314 0.15715012 -0.044494167 -0.705471 -0.04483433 0.31019217 -0.22610082 -0.37725303 0.09127625 0.019693691
6 -0.4180604 -0.3203446 0.015964534 -0.08872783 0.049916025 -0.15146525 -0.2709294 -0.14348458 -0.15888222 -0.1152599 0.07497696 0.10552036 0.21737789 0.17197178 -0.120168425 -0.16105339 -0.2222392 -0.0972438 -0.22767912 0.038964693 -0.23954085 -0.10314302 -0.13865983 0.119215325 0.20266546 -0.58136183 0.08566896 0.331291 -0.12373249 -0.51341003 0.44849285 0.069746636
111 -0.31166688 -0.20798196 0.23806426 0.09252781 0.13020515 0.07030303 -0.24006037 -0.24979834 -0.20924252 -0.21859834 0.11797869 0.110242374 -0.0735912 0.03152859 -0.08090652 -0.14073245 -0.06390985 0.031498898 -0.1597537 0.14610697 0.07823254 -0.17303337 -0.10961185 0.12652476 0.0068953354 -0.59642166 -0.039525554 0.35137087 -0.2104769 -0.3479894 0.14327244 0.025119357
2 -0.40226105 -0.26539594 0.0135245975 -0.023633553 0.09105781 -0.046386994 -0.30475253 -0.2086802 -0.17170443 -0.15966696 0.08137466 0.16223216 0.14907889 0.14031738 -0.109475784 -0.14891666 -0.20779012 -0.03996957 -0.19599812 0.104421414 -0.20399575 -0.13911405 -0.23867233 0.06691555 0.13489673 -0.5347952 0.0799585 0.39470875 -0.12667337 -0.41202146 0.39619058 0.015701659
78 -0.2323533 -0.16406225 0.16104773 0.11177531 0.14840531 0.14950943 -0.2582295 -0.25029078 -0.19237016 -0.33555093 0.09468611 0.20833187 -0.016770339 0.102444656 -0.092589855 -0.15502816 -0.042993307 -0.020127906 -0.11286331 0.27193478 0.008249762 -0.13637143 -0.32678992 0.1265012 -0.15537941 -0.42254803 0.022297451 0.39375082 -0.23580372 -0.25403157 0.26448968 0.014696327
110 -0.342959 -0.2139856 0.332501 0.1370676 0.093518645 0.21330425 -0.18251693 -0.16275634 -0.16939792 -0.18460956 0.11082899 0.1438504 -0.10801485 -0.051881816 -0.037410524 -0.1362183 -0.10831417 0.057678558 -0.17065786 0.13487883 0.11952155 -0.17878728 -0.0902271 0.11162909 0.058582984 -0.71454483 -0.039358564 0.3275482 -0.23238541 -0.36854064 0.054022346 0.030174347
25 -0.3507485 -0.2342524 0.08660444 0.017783936 0.10106635 0.05001372 -0.2592586 -0.20135091 -0.15561652 -0.2131684 0.08403677 0.15463258 0.096771054 0.053621057 -0.057425 -0.17964962 -0.20170557 -0.017204933 -0.1866005 0.14244744 -0.09357776 -0.15436132 -0.17196126 0.08860566 0.12718691 -0.616956 0.04129812 0.36272904 -0.17378092 -0.38998166 0.297378 0.024371514
117 -0.42120197 -0.2332525 0.033136927 -0.018198656 0.12863106 -0.03876571 -0.25817546 -0.18223138 -0.18065406 -0.18366358 0.0514603 0.14686763 0.10473342 0.14188232 -0.07564206 -0.14434643 -0.16280907 -0.058950618 -0.2218878 0.12872091 -0.16400543 -0.10745945 -0.2032303 0.069597185 0.14833541 -0.53800213 0.072994635 0.3744704 -0.15033098 -0.4069891 0.33789062 0.07751132
103 -0.30593818 -0.20693646 0.21550582 0.09334674 0.12177531 0.03787273 -0.25655597 -0.25019136 -0.22427557 -0.25406757 0.14721596 0.20100965 -0.027957302 0.051421992 -0.11242145 -0.1608748 -0.044204045 0.0069575193 -0.13819912 0.15730383 0.018045627 -0.12203152 -0.22920127 0.13438156 -0.043253295 -0.4845767 0.00089256815 0.34112573 -0.1602311 -0.34754485 0.26137662 0.04370825
9 -0.40081012 -0.30106387 0.042527337 -0.07739127 0.07372389 -0.16809793 -0.28946686 -0.23169401 -0.151976 -0.16417654 0.114852525 0.14144728 0.180447 0.19541754 -0.15306525 -0.19361772 -0.15189464 -0.054181144 -0.1646979 0.11376758 -0.16824527 -0.12524283 -0.17978644 0.124732114 0.11883341 -0.483757 0.074685596 0.38442898 -0.10535957 -0.4614944 0.42716172 0.06195203
51 -0.38680193 -0.19044894 0.2321217 0.0263155 0.020798726 -0.09497444 -0.27977413 -0.2525433 -0.17510894 -0.27047336 0.21915904 0.19820686 0.045710336 0.13125534 -0.19937916 -0.14722273 0.0072129616 -0.018713756 -0.01531301 0.16085362 0.097592786 -0.102968864 -0.10442521 0.15176058 -0.04942859 -0.41392693 -0.052685525 0.30199882 -0.14827286 -0.47318542 0.30933186 0.16710484
27 -0.45813185 -0.31368047 -0.009472719 -0.049618617 0.077567324 -0.15173326 -0.24946341 -0.14183836 -0.14087622 -0.12767018 0.08144932 0.10960929 0.23814672 0.14022769 -0.11262898 -0.17549244 -0.29617274 -0.08523368 -0.30448148 0.03440152 -0.27334413 -0.1366976 -0.13278788 0.10407099 0.26060125 -0.64707124 0.1253028 0.3563566 -0.07599178 -0.47270843 0.43555945 0.059117287
37 -0.26423234 -0.15351498 0.27369004 0.07481201 0.15381658 -0.081582986 -0.2577149 -0.3326397 -0.24877003 -0.3719505 0.19678403 0.19050907 -0.058286943 0.13002686 -0.19077265 -0.17003496 0.05197587 -0.02107268 -0.038353596 0.2734085 0.15908612 -0.07751921 -0.20338686 0.19605061 -0.20132507 -0.33290368 -0.05633258 0.33241114 -0.15840226 -0.3114408 0.27923995 0.11414981
22 -0.38137084 -0.2780173 0.17752627 -0.018828005 0.042449106 -0.045600876 -0.26492882 -0.1751579 -0.10001514 -0.15266618 0.106979206 0.13631225 0.09162939 0.09105789 -0.114394866 -0.19217578 -0.17540765 -0.01837091 -0.16230029 0.051278394 -0.030887922 -0.16162062 -0.06463937 0.13658306 0.1384172 -0.6862825 0.028540675 0.29442263 -0.1628293 -0.48705947 0.28616825 0.09620735
24 -0.42880034 -0.29144812 0.00176549 -0.04598847 0.092777334 -0.04767151 -0.28986263 -0.12886259 -0.14189354 -0.09648793 0.06343326 0.18425472 0.20249817 0.14487965 -0.07662605 -0.13553496 -0.2598389 -0.093541436 -0.23621625 0.027384032 -0.20975676 -0.16164176 -0.20919372 0.124251395 0.17340897 -0.6133312 0.07681235 0.38804722 -0.11895137 -0.45157102 0.4017752 0.016301835
23 -0.45564625 -0.28531656 0.01594961 -0.047179356 0.032818317 -0.16136716 -0.28642812 -0.13639683 -0.1094347 -0.107435964 0.08275076 0.11794179 0.2383197 0.11629634 -0.10619427 -0.14236519 -0.2993233 -0.085511126 -0.2682474 -0.0019669796 -0.22337346 -0.14168325 -0.12638262 0.08614042 0.2574424 -0.6490043 0.10650633 0.31941506 -0.10684012 -0.53094095 0.44171926 0.107037164
11 -0.3138912 -0.16132024 0.28176913 0.124539204 0.12001366 0.17336546 -0.19981277 -0.21074528 -0.23035058 -0.22861403 0.11419921 0.1389251 -0.046916 -0.004216377 -0.066240445 -0.10216638 -0.06634193 0.012104682 -0.14987318 0.20965235 0.09247335 -0.16606516 -0.14902465 0.14137474 -0.020714577 -0.55278635 -0.05337091 0.3276604 -0.23660207 -0.3288322 0.17823008 0.055060927
95 -0.2898806 -0.16360644 0.09382787 0.14172012 0.14484563 0.13904575 -0.2924039 -0.26011944 -0.18708965 -0.32333967 0.046737116 0.23764673 0.03742089 0.10690408 -0.06325016 -0.16659577 -0.1462362 0.06300574 -0.16458304 0.24919164 -0.04475687 -0.14404869 -0.36532485 0.090015925 -0.09929246 -0.46675602 0.029099664 0.51651555 -0.17687474 -0.23219404 0.2608537 -0.0068569393
124 -0.3025119 -0.20647535 0.38365436 0.10998321 0.023649953 -0.0109172 -0.19496778 -0.25688645 -0.24858546 -0.2621062 0.1676041 0.15324698 -0.09201812 0.03903891 -0.14543757 -0.08727121 0.06985123 -0.04269371 -0.07040749 0.18396391 0.19690093 -0.08658065 -0.1129888 0.14446242 -0.06706332 -0.5024018 -0.046590388 0.27525562 -0.20524839 -0.4100297 0.18027411 0.10529944
3 -0.44538328 -0.27129105 0.014478994 -0.026367586 0.103417985 -0.04920845 -0.277476 -0.117200084 -0.15605307 -0.08843234 0.074867815 0.12301896 0.16349262 0.09112813 -0.034390237 -0.12379136 -0.26605883 -0.076180354 -0.25773036 0.0269969 -0.21079032 -0.14964734 -0.14868799 0.06665733 0.20084964 -0.60626626 0.0676593 0.3404181 -0.11580546 -0.45195735 0.3770776 0.038681135
106 -0.34623724 -0.2822605 0.4313591 0.085055605 0.009338815 0.059645906 -0.17619805 -0.18682463 -0.17123382 -0.1378271 0.18140413 0.056352846 -0.113034256 -0.10568246 -0.10120381 -0.113183916 -0.04057154 -0.003124331 -0.16323294 0.08230882 0.15118538 -0.1486321 0.038574524 0.14596096 0.11927706 -0.8160081 -0.008975202 0.19252682 -0.1764274 -0.44553208 0.053651232 0.090681516
101 -0.37790725 -0.26062658 0.37894276 0.07529161 -0.022310702 0.11119861 -0.18098897 -0.1240178 -0.15852295 -0.1313921 0.10433885 0.072267845 -0.013238804 -0.03628924 -0.089658014 -0.10037548 -0.048743293 -0.038111974 -0.15402302 0.03484426 0.07679272 -0.16874063 -0.020476656 0.1348737 0.11153161 -0.8048559 -0.02858841 0.24145864 -0.20444857 -0.4777504 0.119384035 0.06996737
26 -0.37489057 -0.27160048 0.016753143 -0.044030648 0.06910538 -0.032300342 -0.26429084 -0.16435012 -0.11967216 -0.16334248 0.06790146 0.1503739 0.1934797 0.10122585 -0.08915371 -0.19150826 -0.2288331 -0.051608723 -0.23366523 0.08935072 -0.21321845 -0.1331544 -0.19610289 0.06793294 0.16017546 -0.5977895 0.09689549 0.38866252 -0.12222052 -0.40850738 0.4041745 0.049166746
114 -0.32182303 -0.26963714 0.34127402 0.072800115 0.034323625 0.10149724 -0.19926114 -0.2235779 -0.17125718 -0.17694241 0.14821461 0.11954432 -0.05877921 0.015513603 -0.13667338 -0.11097019 -0.027372472 -0.014409604 -0.10698703 0.11584453 0.08233789 -0.14206356 -0.103129596 0.13505627 0.03905577 -0.66893125 -0.014419418 0.26378763 -0.181211 -0.42824084 0.1516513 0.0943646
31 -0.4433207 -0.3259628 -0.0059463354 -0.092792064 0.07707559 -0.17632207 -0.29774714 -0.21418458 -0.14360832 -0.16068679 0.09832566 0.1895368 0.22790714 0.16841277 -0.13234685 -0.20427877 -0.23297788 -0.048639998 -0.20200132 0.062315963 -0.21648604 -0.079813406 -0.19876514 0.09800081 0.14825957 -0.52414656 0.090817206 0.3618178 -0.10221076 -0.46781358 0.44189072 0.09962559
55 -0.3306482 -0.15318938 0.2414303 0.0028709718 0.055761807 -0.14249487 -0.3079194 -0.28006768 -0.25523624 -0.35666254 0.22338083 0.23549883 0.05998333 0.19495784 -0.2583748 -0.16055652 0.10203339 -0.09637857 0.038661886 0.21841238 0.078052536 -0.03995315 -0.23341526 0.17038798 -0.21692778 -0.20608668 -0.043961048 0.30297554 -0.1450875 -0.43921563 0.39352793 0.1858221
59 -0.34242415 -0.16085753 0.24409291 0.04494113 0.11082967 -0.05531425 -0.26382747 -0.30611232 -0.23249033 -0.31084898 0.20616277 0.22833094 0.013439104 0.11998492 -0.2109376 -0.14727539 0.040889714 0.0034588596 0.011451937 0.21721074 0.11084961 -0.0839091 -0.22035046 0.15429677 -0.20813371 -0.3017695 -0.052799173 0.33093655 -0.13492826 -0.36979663 0.29798234 0.119208604
32 -0.37638316 -0.296759 0.05763103 -0.021057064 0.06647278 -0.091102526 -0.31382492 -0.16567683 -0.1580797 -0.16801879 0.087007836 0.16105099 0.19317232 0.13817877 -0.06902269 -0.12732251 -0.22942515 -0.09024311 -0.24139261 0.094949715 -0.22493462 -0.12096404 -0.21690834 0.122173764 0.15637128 -0.54033834 0.083108515 0.37662783 -0.12252846 -0.4263572 0.40863892 0.050007325
20 -0.38728887 -0.36445948 0.16147207 -0.04101732 0.023677835 -0.019427164 -0.2082398 -0.12737884 -0.11910404 -0.07757577 0.0723788 0.08252175 0.13103221 0.06353719 -0.1000576 -0.14751998 -0.20007125 -0.0067076734 -0.23704971 0.020168962 -0.13821995 -0.16003467 -0.06912808 0.11693357 0.22936822 -0.77868146 0.071965754 0.32269487 -0.1427705 -0.47572985 0.26885659 0.047240194
82 -0.17528845 -0.12515377 0.31030375 0.17711756 0.15203977 0.2810441 -0.20115708 -0.27522203 -0.2646797 -0.3518913 0.113086216 0.21452872 -0.14902733 0.055499107 -0.07099461 -0.13402998 0.05481031 0.067296036 -0.10862286 0.3280423 0.16688244 -0.15831539 -0.31032202 0.17219625 -0.26637757 -0.45891997 -0.08491388 0.4403265 -0.2592197 -0.19739008 0.10949842 -0.01943109
29 -0.41052687 -0.24353014 0.05181348 -0.01369831 0.12198906 -0.106951945 -0.28758547 -0.21984495 -0.15619802 -0.21530017 0.09484873 0.19625054 0.14380361 0.11899507 -0.10900527 -0.19298287 -0.20833144 -0.06694209 -0.19150747 0.12465219 -0.16370885 -0.10978696 -0.23376784 0.08376668 0.09026791 -0.49016938 0.074177265 0.37114814 -0.10836934 -0.40783948 0.37855783 0.05725854
118 -0.31301305 -0.21791537 0.5126124 0.17258744 0.02143236 0.12812753 -0.15204248 -0.20183858 -0.21587466 -0.23455498 0.19686449 0.119801395 -0.2077184 -0.12212078 -0.099144 -0.09499684 0.06420553 0.05960628 -0.1187945 0.14581603 0.26061168 -0.12156709 0.021203768 0.12426797 -0.0008411756 -0.7432731 -0.075055264 0.23497774 -0.24829717 -0.412017 -0.025205836 0.11917538
113 -0.37142542 -0.23174307 0.5257304 0.18383949 -0.028194578 0.18824111 -0.19929935 -0.19311607 -0.20816831 -0.15321419 0.1878082 0.08753643 -0.15968978 -0.12176129 -0.061611667 -0.07850373 0.02150893 -0.029020159 -0.121102266 0.0682919 0.24022698 -0.17380017 0.053760786 0.15370613 0.09739236 -0.8366142 -0.092243396 0.21806699 -0.23885857 -0.4623653 -0.034746803 0.11276566
86 -0.2002159 -0.122465596 0.22891209 0.12955274 0.18519169 0.22925995 -0.27781805 -0.26101923 -0.21892592 -0.3913784 0.12396374 0.25346196 -0.062871054 0.08601856 -0.12688005 -0.16686846 0.005998617 0.016841894 -0.067552775 0.3141726 0.06505618 -0.10561279 -0.405916 0.14351195 -0.26651412 -0.3657355 -0.015845064 0.44567397 -0.19782047 -0.18713394 0.20509845 0.0023929256
107 -0.29303253 -0.17548819 0.58954453 0.22400036 -0.00033099396 0.33131444 -0.20212097 -0.24923044 -0.22011864 -0.28497624 0.18666291 0.1639552 -0.24512345 -0.13244809 -0.05765843 -0.06382202 0.10611361 0.047661465 -0.034439985 0.1662275 0.34512904 -0.17312919 -0.07857274 0.17061017 -0.12744512 -0.71345735 -0.13363028 0.25221997 -0.26366025 -0.34185934 -0.06790643 0.04679317
75 -0.21751006 -0.10717297 0.15233041 0.18658128 0.14518766 0.24671407 -0.25243762 -0.2267619 -0.16782296 -0.35108644 0.050476 0.23242377 -0.039645154 0.022727463 -0.034923732 -0.14013104 -0.15227762 0.07004753 -0.14764497 0.29587224 0.02763314 -0.17710494 -0.34662122 0.09527404 -0.13402674 -0.48536384 -0.008457459 0.49181715 -0.25744104 -0.16969995 0.1906344 -0.016667893
48 -0.3316219 -0.20605624 0.16271193 -0.0070453477 0.08838961 -0.08213419 -0.25516653 -0.22108665 -0.18176663 -0.24934524 0.121122845 0.17578311 0.036610167 0.17171505 -0.19403467 -0.17246468 -0.0039053452 -0.09395722 -0.09830816 0.16405575 0.01068468 -0.053336203 -0.20730248 0.13984248 -0.05545539 -0.4464624 0.031042645 0.3168806 -0.17149079 -0.42542523 0.3105818 0.10773174
100 -0.36636132 -0.13784975 0.28672993 0.050751727 0.022625811 -0.16724032 -0.27092913 -0.30042708 -0.23465835 -0.29708335 0.24855018 0.18675749 0.039192878 0.11575211 -0.22235805 -0.067554615 0.039723888 -0.083391964 0.021277878 0.17034863 0.11299726 0.000102732905 -0.18315127 0.160729 -0.1281051 -0.27798137 -0.061348386 0.25056973 -0.11837389 -0.46931386 0.3367435 0.15914644
45 -0.29631793 -0.11920393 0.33137545 0.08479964 0.137674 -0.071724266 -0.28838244 -0.3622318 -0.24748814 -0.41408816 0.2463457 0.26578695 -0.02311082 0.1488031 -0.26220363 -0.13925634 0.1069353 -0.047962826 0.027522009 0.27802607 0.17632078 -0.023383342 -0.30781835 0.17934552 -0.32227832 -0.21659726 -0.06387196 0.37120396 -0.13287386 -0.32071015 0.2941838 0.14784501
91 -0.259725 -0.19285372 0.4535693 0.17708354 0.057781287 0.2979856 -0.1402826 -0.16809292 -0.20944943 -0.20549215 0.12856889 0.11234422 -0.1929359 -0.10949877 -0.053010635 -0.11643647 9.604519e-05 0.04288229 -0.14225277 0.11242489 0.22978893 -0.2113372 -0.048909456 0.1690375 -0.014396058 -0.7956594 -0.054944694 0.25610796 -0.2430237 -0.36171085 -0.009973101 0.0021412363
49 -0.30701336 -0.13300805 0.2478205 0.04851251 0.12121239 -0.017744094 -0.22766107 -0.31188583 -0.28069162 -0.3386526 0.1717967 0.23405865 -0.02224523 0.11131635 -0.19136156 -0.13325359 0.04847084 0.024843315 -0.062437385 0.26552677 0.12867227 -0.071998045 -0.27939826 0.13575457 -0.19046779 -0.3118953 -0.048161656 0.35658076 -0.1648329 -0.33717233 0.26424536 0.06765118
42 -0.31035808 -0.18876919 0.2758143 0.038955353 0.067202196 -0.0076808366 -0.22541891 -0.3048668 -0.25459263 -0.3184886 0.17289369 0.19530547 0.00714566 0.09068231 -0.16342178 -0.14489548 0.07295295 -0.045773163 -0.048129488 0.2139492 0.11749455 -0.07424059 -0.20118137 0.1601247 -0.13272758 -0.3578674 -0.046935737 0.34339473 -0.1452499 -0.36883563 0.26876995 0.0953547
83 -0.18847828 -0.08311299 0.27892405 0.2156071 0.13321993 0.32833087 -0.20746998 -0.23912513 -0.18053904 -0.35142273 0.088750765 0.20606518 -0.12542692 -0.022764966 -0.033104114 -0.099983804 -0.04699904 0.05517021 -0.12981458 0.26202598 0.1629541 -0.16922802 -0.3190273 0.1269165 -0.18770917 -0.523845 -0.029737946 0.4393014 -0.28329855 -0.23040698 0.078513116 -0.038198862
105 -0.3868939 -0.23744948 0.36985004 0.08900924 0.06285638 0.088615 -0.20711657 -0.18899055 -0.17530783 -0.17609254 0.15719166 0.08566442 -0.12493293 -0.041050073 -0.10518537 -0.14978239 -0.010778376 -0.018691517 -0.13803189 0.09151353 0.18796511 -0.1475953 -0.006361789 0.17058548 0.0727415 -0.71985406 -0.048266202 0.23816997 -0.2112346 -0.4736232 0.08190677 0.11037542
15 -0.4252628 -0.2699465 -0.014137479 -0.042518526 0.12749478 -0.1168293 -0.29759285 -0.13826773 -0.1486235 -0.14085522 0.084275715 0.15376616 0.20636767 0.16108452 -0.074277736 -0.1387293 -0.24648066 -0.09210406 -0.25199097 0.055170525 -0.23955992 -0.11664862 -0.21718961 0.11028254 0.1646432 -0.51331764 0.09213984 0.37880185 -0.10414071 -0.450115 0.43876287 0.06105849
102 -0.3555835 -0.21640942 0.5101936 0.14982416 0.009188935 0.16529207 -0.2290208 -0.25460076 -0.22106628 -0.23451295 0.18554312 0.13141185 -0.13310033 -0.07885079 -0.087287076 -0.084030166 0.06021323 0.0016441206 -0.051730443 0.1277612 0.26304278 -0.17132875 -0.020484248 0.1298428 -0.047083363 -0.7101737 -0.08919872 0.25325537 -0.22288756 -0.40879202 0.0074518397 0.09314021
21 -0.43002468 -0.2580325 0.0036252604 -0.030806892 0.07877875 -0.08795492 -0.321523 -0.18204962 -0.18052562 -0.18160687 0.106955245 0.21237572 0.21181938 0.20678085 -0.11640824 -0.14623338 -0.24017824 -0.083996445 -0.21606329 0.07831318 -0.21888721 -0.14127934 -0.24528663 0.11643768 0.091262214 -0.47679624 0.063504025 0.395562 -0.12845337 -0.460862 0.47273782 0.07632149
19 -0.40710664 -0.29854703 0.021212587 -0.00970316 0.07343506 -0.10042715 -0.28635803 -0.12923566 -0.13086572 -0.20663705 0.0745573 0.12057132 0.16439866 0.15608391 -0.09128369 -0.18434548 -0.28500995 -0.04922769 -0.26717415 0.062854804 -0.18026064 -0.11528985 -0.15675093 0.09392159 0.21500698 -0.6113779 0.062240995 0.35944372 -0.13890792 -0.4601215 0.39806145 0.08786691
90 -0.20154026 -0.1125222 0.26443157 0.16563028 0.16218795 0.20995128 -0.22548015 -0.26424515 -0.24578695 -0.3861462 0.11114876 0.25024092 -0.10033162 0.079290815 -0.12554601 -0.15522699 0.0047448436 0.032259654 -0.06900406 0.2693704 0.13591857 -0.13117863 -0.34442827 0.17499255 -0.26974618 -0.44305634 -0.064867824 0.46689838 -0.23735306 -0.21304588 0.17504752 0.029206024
58 -0.35701415 -0.2473136 0.30076674 0.0734665 0.074545704 0.0040666936 -0.23309274 -0.21797317 -0.20484714 -0.20976634 0.161691 0.12335993 -0.062233467 0.009307316 -0.12532605 -0.16703829 -0.09619245 -0.0073528406 -0.16427478 0.13512965 0.07700661 -0.13297974 -0.05815818 0.15752833 0.04922201 -0.61287004 -0.017962508 0.29310358 -0.19068795 -0.41218898 0.17341264 0.08758348
72 -0.2638385 -0.12305165 0.23908243 0.09190249 0.16584653 0.08631193 -0.27679157 -0.28549072 -0.29561594 -0.33518597 0.15693079 0.24108198 0.023169007 0.08923416 -0.14352421 -0.15240602 0.04744499 0.02784692 -0.12250812 0.2823623 0.091141194 -0.13415098 -0.34880483 0.1431191 -0.2403731 -0.35441682 -0.017798057 0.41472298 -0.1678419 -0.25144905 0.24320245 0.032941747
126 -0.2782291 -0.21538922 0.4067939 0.163092 0.05094093 0.23454186 -0.17218712 -0.19777973 -0.17701091 -0.21867475 0.11355246 0.10634031 -0.17118171 -0.08787038 -0.097284906 -0.10437631 -0.01975288 0.025123376 -0.12213805 0.15992928 0.19199233 -0.1642658 -0.06392367 0.118044935 -0.019726034 -0.7434328 -0.053899024 0.26258054 -0.24871406 -0.3906908 0.026715549 0.046461392
119 -0.33075798 -0.18905488 0.48463857 0.17723332 0.020511154 0.16680631 -0.16508368 -0.19288377 -0.22591682 -0.22428498 0.18173493 0.12478807 -0.19094802 -0.0750699 -0.07867908 -0.087876305 0.05965806 0.031627174 -0.08854737 0.12738813 0.29116464 -0.14844236 -0.024294477 0.16073564 -0.028745301 -0.7332428 -0.10788293 0.22937466 -0.2526007 -0.41687053 0.011610021 0.08626463
53 -0.39695302 -0.18051577 0.27572137 0.03589054 0.040411383 -0.1173249 -0.30795607 -0.30459714 -0.2534275 -0.27877825 0.22502324 0.24899462 0.056872867 0.14702582 -0.19626762 -0.08137692 0.0427567 -0.08835274 -0.015540616 0.19015217 0.10942336 -0.04605933 -0.16983055 0.13498007 -0.13565558 -0.31348994 -0.04415075 0.3075139 -0.10105251 -0.44480613 0.31125748 0.1313101
54 -0.25736725 -0.15200002 0.22639485 0.12156867 0.16812009 0.11316747 -0.2509915 -0.29768142 -0.19827543 -0.34982988 0.10979444 0.2061799 -0.069118164 0.11111962 -0.14001851 -0.18992104 -0.012460279 0.036531836 -0.054552387 0.24484198 0.10205367 -0.1445075 -0.3136313 0.14943302 -0.18236 -0.3638948 -0.03846935 0.41166285 -0.1879155 -0.29512334 0.24237894 0.0475413
125 -0.3228016 -0.19931635 0.47826657 0.19401065 0.024878534 0.2556499 -0.14996122 -0.16039339 -0.23023427 -0.17067301 0.123365305 0.099896096 -0.1621311 -0.13210958 -0.062179986 -0.07060944 0.011465435 0.05713766 -0.15678288 0.086369105 0.19750877 -0.19727562 -0.057475258 0.13184318 0.024031663 -0.7926336 -0.03955249 0.25019765 -0.23500817 -0.39498445 -0.041218035 0.03417103
61 -0.33012268 -0.2888175 0.097780235 -0.011080617 0.0710305 0.01844624 -0.2521698 -0.14877284 -0.13456236 -0.18233505 0.06908457 0.1460185 0.14834219 0.11345539 -0.08751615 -0.14981502 -0.23608743 -0.05453669 -0.24971256 0.05114423 -0.17613377 -0.13434206 -0.16348547 0.1186592 0.17619099 -0.6512005 0.0840193 0.34882274 -0.1538372 -0.4249285 0.3566808 0.048573762
5 -0.34806275 -0.2564171 0.1290208 -0.0053800135 0.09989245 -0.0579511 -0.24607068 -0.19218248 -0.17756324 -0.1709794 0.08801134 0.16216058 0.11322913 0.14144795 -0.110743694 -0.168177 -0.14901379 -0.05474496 -0.16632731 0.119857945 -0.11100058 -0.112716936 -0.20169224 0.1023462 0.053912677 -0.5475381 0.052523755 0.36104995 -0.13864689 -0.3990292 0.34870782 0.09969769
80 -0.18389131 -0.16494939 0.20827612 0.12054512 0.18493351 0.1887294 -0.24976443 -0.2174541 -0.15309463 -0.3174642 0.13020256 0.1859109 -0.0657495 0.06479127 -0.10974309 -0.19058879 -0.0851353 0.07205621 -0.1306673 0.27452955 0.029040653 -0.15082495 -0.33999142 0.12828694 -0.14733027 -0.46106562 -0.013869367 0.42173472 -0.2440859 -0.22141266 0.20593767 0.034604825
71 -0.20144436 -0.14008377 0.20024024 0.10485337 0.20785512 0.15670052 -0.25445572 -0.26781422 -0.1959278 -0.34529063 0.13846117 0.19386661 -0.08887164 0.11747194 -0.14455584 -0.18143293 -0.021635285 0.026615009 -0.11930007 0.25730288 0.07472488 -0.13246393 -0.3319916 0.18322322 -0.20254654 -0.42152837 -0.061676964 0.4443491 -0.22926848 -0.22583269 0.22591962 0.020734666
17 -0.3840845 -0.20531632 0.13374911 0.006678032 0.09429629 -0.13153638 -0.3102752 -0.18632324 -0.2137077 -0.27631733 0.16637181 0.200458 0.16748273 0.14008982 -0.15444088 -0.16540676 -0.15387556 -0.06999041 -0.18030927 0.13042547 -0.116002314 -0.076001965 -0.23062892 0.08977656 0.010361497 -0.42402858 0.0600269 0.29692614 -0.14279379 -0.42703685 0.43083823 0.12798977
85 -0.21173643 -0.1339593 0.32411623 0.19359848 0.110580556 0.21766569 -0.20356135 -0.225696 -0.22156125 -0.31360134 0.109984376 0.20139375 -0.122762285 -0.020904297 -0.052632723 -0.12617211 -0.02752001 0.01371657 -0.11962831 0.25686893 0.16590579 -0.12973791 -0.2247066 0.14287534 -0.13377081 -0.54104066 -0.028735798 0.37797496 -0.2473579 -0.2690497 0.0827326 0.017945247
39 -0.2334288 -0.1444133 0.24606389 0.10599678 0.09824147 -0.06775164 -0.26709744 -0.37445214 -0.24545273 -0.38768423 0.16182497 0.28811574 -0.03105276 0.15136921 -0.22203481 -0.1264807 0.045569174 -0.014116198 0.013844765 0.29938176 0.15324338 0.0014132619 -0.3103414 0.12560025 -0.28110775 -0.24463491 -0.026119305 0.3720973 -0.16051763 -0.29318482 0.27435905 0.109885894
92 -0.49405804 -0.28933498 -0.092071235 -0.09259437 0.116866246 -0.20692788 -0.35381517 -0.16300888 -0.18450393 -0.18792759 0.100835726 0.20738457 0.336331 0.23753813 -0.12972033 -0.17289175 -0.2817727 -0.14435501 -0.24384503 0.090692185 -0.34745213 -0.064364076 -0.2951783 0.038937755 0.18875204 -0.3901565 0.11133469 0.4136584 -0.04129339 -0.45368183 0.5779444 0.06412595
89 -0.2642807 -0.13877514 0.17629337 0.08548523 0.19165505 0.09572476 -0.29491523 -0.27168033 -0.21972376 -0.35269573 0.1444521 0.24633098 0.013612096 0.115546346 -0.11876185 -0.16463435 -0.026904685 -0.04900986 -0.107619055 0.23522176 -0.020274749 -0.08075816 -0.39841652 0.1485632 -0.169169 -0.33772078 -0.0054086987 0.39795163 -0.20042631 -0.30171764 0.30627903 0.06264558
16 -0.4257758 -0.23149952 0.031682316 -0.008755704 0.072110325 -0.054814927 -0.30049378 -0.14042357 -0.16554254 -0.15161844 0.0819039 0.17607166 0.1825484 0.14016628 -0.079847254 -0.09853072 -0.2583532 -0.08707405 -0.2155693 0.07111294 -0.19744964 -0.14576927 -0.21818513 0.08091595 0.14670137 -0.5441813 0.051794063 0.3813035 -0.112575024 -0.45078963 0.38719925 0.05406069
121 -0.288621 -0.22807337 0.40033787 0.10969795 0.020818453 0.157969 -0.18693835 -0.15263985 -0.16894591 -0.18088154 0.12862094 0.116561696 -0.06956692 -0.017913481 -0.10790127 -0.112124205 -0.028883222 0.004604522 -0.11558113 0.11082328 0.124408655 -0.14426716 -0.060367513 0.14293191 0.02028504 -0.7259538 -0.03939555 0.24022533 -0.21935992 -0.41381994 0.09876256 0.08790554
65 -0.24576634 -0.11146473 0.304296 0.18512072 0.13083017 0.13875423 -0.18494882 -0.2667985 -0.26429582 -0.34957892 0.14205462 0.19911867 -0.11217032 0.0154133225 -0.091935515 -0.12392135 0.016840193 0.018034343 -0.090203375 0.26686773 0.16568564 -0.11459617 -0.24668708 0.15615332 -0.15259045 -0.42422527 -0.041985627 0.38474506 -0.23862804 -0.30439398 0.14170277 0.06496546
84 -0.24942023 -0.18803492 0.15389639 0.12974535 0.13964488 0.14001416 -0.27066046 -0.25167117 -0.21459787 -0.3221074 0.0991018 0.22702657 -0.036122706 0.09770395 -0.11287752 -0.12428666 -0.055076 0.034065686 -0.104069486 0.23718694 0.049591467 -0.117051154 -0.327738 0.14427145 -0.17147 -0.4422522 -0.023083663 0.47065273 -0.19957523 -0.25112435 0.25545973 -0.013805758
43 -0.37955686 -0.24196248 0.2135857 0.0039728945 0.06023792 -0.09636907 -0.32336026 -0.25432464 -0.21362826 -0.23795182 0.17599234 0.22656336 0.08753036 0.17628452 -0.19862746 -0.1158408 -0.007306891 -0.10251889 -0.06321389 0.1425782 -0.0021954253 -0.06685274 -0.20245443 0.18075703 -0.06612593 -0.3833354 -0.021880351 0.35169572 -0.11282312 -0.4413149 0.38745537 0.11096898
74 -0.2664527 -0.16111715 0.30379492 0.16993943 0.080006376 0.19887598 -0.1903266 -0.24507698 -0.195382 -0.308319 0.16124202 0.18198389 -0.13568996 -0.049120963 -0.0921992 -0.15914156 -0.094845496 0.046309773 -0.094457254 0.22992098 0.15879771 -0.11338132 -0.14252867 0.084158875 -0.014617851 -0.6291089 -0.06355834 0.33272356 -0.27654418 -0.33999714 0.081437014 0.08597811
66 -0.2539843 -0.14782105 0.34458804 0.18630655 0.10343133 0.35364488 -0.19676007 -0.21429242 -0.17571312 -0.27902877 0.093279384 0.18998376 -0.11317788 -0.054089118 -0.018716719 -0.09404262 -0.06872047 0.055891734 -0.11069244 0.19084293 0.13823706 -0.19594365 -0.21575809 0.1164801 -0.07021503 -0.683112 -0.049203582 0.34057206 -0.2596994 -0.25137958 0.025982315 -0.041842192
34 -0.40060353 -0.19081578 0.12519929 -0.016604308 0.08048384 -0.25707227 -0.28589818 -0.3021568 -0.2307239 -0.30227765 0.18966591 0.23863225 0.12433334 0.2487225 -0.2410892 -0.13824207 -0.00016666399 -0.112864815 -0.051078 0.20084254 0.0055098985 0.009751739 -0.241356 0.15618889 -0.1298193 -0.26696396 0.016493393 0.3884276 -0.118333586 -0.47667235 0.45356822 0.17971586
1 -0.29579028 -0.21282083 0.18603553 0.062847495 0.092044376 0.11011473 -0.22408256 -0.23597346 -0.1811395 -0.21546812 0.10697489 0.1607101 0.02346291 0.06551898 -0.09302609 -0.16315216 -0.049449965 -0.008264612 -0.18066198 0.17901649 -0.02972477 -0.15999012 -0.21079525 0.1632917 0.009459306 -0.57294405 0.0010282957 0.37428543 -0.17296103 -0.34521377 0.23576124 0.01309323
40 -0.33043918 -0.14554544 0.19571634 0.08352071 0.11551598 -0.05382127 -0.2754029 -0.27209795 -0.2232018 -0.34950438 0.14401257 0.20605361 -0.0010747206 0.14834855 -0.19203718 -0.18614873 -0.047828514 -0.042207196 -0.068382636 0.2515759 0.04026937 -0.09466039 -0.27360058 0.12472475 -0.15844427 -0.30786693 -0.011041004 0.3809269 -0.16503082 -0.32034254 0.34107646 0.10596335
62 -0.39677954 -0.26233968 0.4024258 0.065963805 -0.014132989 -0.03282336 -0.23969054 -0.20666263 -0.20150606 -0.21085623 0.23575185 0.15293108 -0.08870295 0.033474308 -0.17815936 -0.11811128 0.06972637 -0.09687688 -0.034175154 0.119535685 0.17880207 -0.0824988 -0.0067378236 0.1700699 -0.002391643 -0.5879369 -0.03011667 0.20196079 -0.19030896 -0.50566113 0.1503597 0.15875207
116 -0.34366983 -0.23746267 0.34957063 0.09880105 0.006524184 0.08907925 -0.21231946 -0.22507691 -0.1875404 -0.17554788 0.16411322 0.11350293 -0.07123707 -0.019796038 -0.12741446 -0.10708368 0.051834125 -0.010599637 -0.069108695 0.1563451 0.12877232 -0.124576084 -0.08546037 0.16626865 -0.0033936324 -0.65538466 -0.0039233756 0.2725233 -0.17797847 -0.39781514 0.09536855 0.06078558
14 -0.34735376 -0.15139103 0.19920573 0.057311926 0.1236064 -0.10551946 -0.29118013 -0.2710181 -0.20408635 -0.31955448 0.163941 0.20787159 0.024045195 0.12509376 -0.19795354 -0.16063274 -0.032986112 -0.061054878 -0.06784111 0.21037912 0.042049874 -0.06584716 -0.2689987 0.11564879 -0.1588701 -0.29238808 0.0072221067 0.3726818 -0.15751785 -0.35628137 0.3111335 0.12885222
97 -0.34816992 -0.3033842 0.41186062 0.06283987 -0.025456535 0.05497692 -0.17591445 -0.21497285 -0.14442718 -0.15888241 0.15493679 0.09742751 -0.08511638 -0.028645076 -0.1271924 -0.11577892 0.030714873 0.024310112 -0.07074748 0.060950316 0.17157029 -0.14611311 0.02255174 0.15850282 0.011829308 -0.70465904 -0.0123043405 0.20700681 -0.15497012 -0.43831924 0.105801776 0.11211932
4 -0.42872146 -0.22902296 0.015347579 -0.008865669 0.080082715 -0.09724214 -0.29935837 -0.16406089 -0.18091394 -0.16808711 0.096049994 0.17518352 0.17232317 0.12467468 -0.08754112 -0.11532253 -0.24362509 -0.078567855 -0.22967435 0.062201142 -0.19011018 -0.11969589 -0.20684853 0.08591576 0.16668661 -0.5282593 0.04720143 0.38549405 -0.08583584 -0.42071012 0.3979164 0.05630811
60 -0.33040148 -0.21056019 0.30492854 0.086807 0.023185419 0.057144128 -0.23062102 -0.24175322 -0.20595224 -0.24928494 0.15140694 0.18437178 -0.059420507 0.068270266 -0.15749767 -0.1345696 0.03315122 -0.0018343829 -0.06093577 0.1931717 0.11149405 -0.11968564 -0.13432397 0.13568138 -0.033258095 -0.4959874 -0.03939923 0.33167884 -0.20666744 -0.41311458 0.2005746 0.09861335
77 -0.1816833 -0.110993855 0.31270015 0.21247344 0.15622307 0.3142074 -0.20404792 -0.2780388 -0.24331343 -0.33234006 0.09298199 0.20938703 -0.16200389 0.011771415 -0.059200406 -0.12732893 0.018642692 0.077824466 -0.061001208 0.26774815 0.18182631 -0.16753829 -0.28882143 0.16427837 -0.17532416 -0.5329613 -0.03738086 0.38814336 -0.2385811 -0.23310967 0.073419005 -0.017761655
123 -0.31161618 -0.24156886 0.34844708 0.10165466 0.06449276 0.118889354 -0.17423902 -0.16126285 -0.22480121 -0.20544443 0.14099836 0.09769839 -0.05197671 -0.045664057 -0.118048824 -0.14999732 -0.028007668 0.051272113 -0.17768885 0.122527614 0.10655288 -0.19843663 -0.06271709 0.13365573 0.026318684 -0.71050954 -0.03247102 0.29660416 -0.23224598 -0.39313385 0.13350527 0.0888366
35 -0.39137977 -0.21153182 0.27371484 0.024528416 0.044038996 -0.15360044 -0.2823175 -0.27505338 -0.23128413 -0.26044357 0.20552352 0.19810747 -0.016355688 0.083324574 -0.19788605 -0.1378852 0.016847352 -0.051931363 -0.011901848 0.14513913 0.09180139 -0.030147674 -0.16044857 0.12947617 -0.087501466 -0.39088404 -0.028304273 0.2698161 -0.15871337 -0.47035155 0.27989373 0.16538306
13 -0.3755048 -0.23509997 0.12405755 -0.01845429 0.11263357 -0.09081153 -0.3076969 -0.25421768 -0.20890142 -0.2206755 0.1410966 0.15805294 0.1441359 0.090844326 -0.15291335 -0.21015632 -0.14676279 0.050161786 -0.14999785 0.19638579 -0.11255366 -0.15727003 -0.21859074 0.094851725 0.015849441 -0.4345512 0.035633598 0.4039796 -0.07731567 -0.2981318 0.33039966 0.033093903
128 -0.23058017 -0.22541057 0.23594345 0.08183296 0.13273266 0.1112476 -0.17116903 -0.21819739 -0.1572059 -0.24992156 0.106415115 0.11660174 -0.105144665 0.05100001 -0.1063821 -0.18977375 -0.07225707 -0.0030374213 -0.17819275 0.17221223 0.10597957 -0.17511009 -0.14619265 0.1994617 -0.022379996 -0.6208526 -0.02054931 0.33497617 -0.23485255 -0.36003417 0.15447539 0.052267104
33 -0.38578874 -0.15921749 0.25188008 0.002274127 0.0795055 -0.23338407 -0.31602174 -0.31360117 -0.2154765 -0.3439232 0.23585872 0.20304535 0.068496086 0.1807235 -0.28715184 -0.17917521 0.032603238 -0.09312053 -0.02035959 0.19295684 0.05446931 -0.02405107 -0.19394577 0.14229083 -0.13171692 -0.23154408 -0.0040742243 0.25201103 -0.12341208 -0.4578184 0.41177803 0.20641854
98 -0.3455188 -0.20799543 0.4046551 0.13957818 0.013342934 0.15482025 -0.1971891 -0.15530011 -0.18714373 -0.17554212 0.11898905 0.08865939 -0.08719092 -0.03426748 -0.07314733 -0.09400769 -0.03452268 -0.010552456 -0.12223545 0.101742655 0.14943682 -0.14923976 -0.046596304 0.15891485 0.017744223 -0.7108868 -0.034297086 0.23776422 -0.20488119 -0.42207685 0.08656923 0.075974144
68 -0.19264369 -0.15378562 0.2723911 0.17902109 0.18190552 0.32009208 -0.2570296 -0.2430239 -0.21894397 -0.30029744 0.070729345 0.20856456 -0.087901816 -0.008435093 -0.042946983 -0.13340594 -0.079239435 0.11422955 -0.16008626 0.24181785 0.08698708 -0.20467928 -0.34272334 0.12685847 -0.1661306 -0.5574924 -0.013872764 0.46737167 -0.23137473 -0.19089423 0.13880768 -0.05359772
67 -0.19956644 -0.13707738 0.38225716 0.22492516 0.12101112 0.22773583 -0.18833224 -0.24051227 -0.1952961 -0.34825623 0.114968255 0.20189837 -0.1720916 -0.007744722 -0.07818251 -0.099902354 0.003450476 0.032585986 -0.083730035 0.24610563 0.19915806 -0.15515186 -0.2672379 0.16723622 -0.21208191 -0.5516446 -0.05435621 0.3879131 -0.2400312 -0.262623 0.07880165 0.04799495
115 -0.30632126 -0.1892586 0.46907976 0.17118137 0.012996152 0.19967747 -0.22084884 -0.2019804 -0.24301079 -0.20449498 0.14141504 0.16632323 -0.15293922 -0.061968327 -0.07287049 -0.057458103 0.004441458 0.02116707 -0.124819435 0.15905331 0.20319599 -0.15228896 -0.070509754 0.11665112 -0.061099324 -0.65571433 -0.069468886 0.31502014 -0.22069886 -0.37012377 0.034688313 0.043037686
94 -0.24074917 -0.17702976 0.13152742 0.13706467 0.15134183 0.20812169 -0.268984 -0.21879254 -0.15582776 -0.2915714 0.06485956 0.1674487 -0.052406497 0.048651475 -0.0206742 -0.14007518 -0.15410435 0.049950805 -0.20059831 0.25114718 -0.0493447 -0.15275495 -0.32436708 0.112972714 -0.072774254 -0.4779534 -0.008258477 0.4728452 -0.23441255 -0.20878197 0.23779087 -0.005159262
81 -0.25242192 -0.17121047 0.15286334 0.13018346 0.08942775 0.20372495 -0.2277044 -0.19627912 -0.14516963 -0.3203373 0.09427796 0.20452254 -0.039887547 0.037704833 -0.052740816 -0.16274539 -0.139575 -0.017798671 -0.10820794 0.23951937 0.012900097 -0.13131277 -0.28383934 0.13004026 -0.009008143 -0.5678307 0.00632789 0.41855767 -0.21799237 -0.29206878 0.19998942 0.0028290965
8 -0.4174493 -0.22338356 0.06690637 -0.020680396 0.06663452 -0.11871567 -0.3214616 -0.19026192 -0.17250556 -0.2225728 0.1403828 0.19192503 0.20949477 0.11774654 -0.10411091 -0.16213024 -0.19782595 -0.048109896 -0.17483954 0.13812357 -0.19002394 -0.11608783 -0.22114421 0.09137075 0.10451054 -0.4270694 0.06484643 0.37426797 -0.12947279 -0.43013352 0.42792228 0.09057319
38 -0.3990651 -0.122153796 0.22656053 0.031525437 0.09051882 -0.20347185 -0.3175322 -0.35793886 -0.28034377 -0.36326623 0.2559069 0.27364737 0.043741845 0.17308542 -0.24684806 -0.088544644 0.09159594 -0.100902736 0.039239842 0.21670842 0.11296865 0.007979754 -0.2913517 0.14631656 -0.26786354 -0.18607573 -0.032318812 0.34240797 -0.07345821 -0.4241303 0.3700447 0.14452145
47 -0.34667787 -0.19254474 0.16792193 -0.004717903 0.14543293 -0.079423256 -0.29460087 -0.22541127 -0.22705676 -0.30930036 0.21907893 0.22635926 0.08000758 0.17807135 -0.2113313 -0.15882921 -0.03474122 -0.11401978 -0.067242056 0.16138521 -0.0153679475 -0.062448684 -0.23792844 0.12677214 -0.11158845 -0.31165177 -0.037952013 0.32565975 -0.113369465 -0.41278514 0.35812965 0.1488073
79 -0.3104144 -0.13205773 0.2921566 0.098601736 0.15866093 -0.046937604 -0.2910381 -0.37099364 -0.3069754 -0.33868474 0.22323142 0.19949546 -0.03624982 0.074373834 -0.1994747 -0.20245038 0.106571056 0.06634309 -0.036558393 0.27954316 0.16889706 -0.102104574 -0.25074703 0.168523 -0.24596617 -0.27195337 -0.021232108 0.3673921 -0.13125649 -0.3025484 0.24157546 0.091694206
12 -0.38826117 -0.25023288 0.049646925 -0.021174038 0.07060814 -0.06443123 -0.23487416 -0.118921146 -0.15102397 -0.17070551 0.102929495 0.14320448 0.16028036 0.10932579 -0.09628908 -0.16308297 -0.226697 -0.09089351 -0.27531043 0.058201917 -0.19745341 -0.11142225 -0.16083418 0.11111457 0.18653333 -0.6299001 0.10073306 0.33281308 -0.122995704 -0.43791273 0.39062944 0.07086403
99 -0.3215268 -0.2509217 0.4475004 0.08908457 -0.012072405 0.15750463 -0.12941422 -0.114133336 -0.18641394 -0.1540265 0.17069052 0.08214442 -0.14962491 -0.04688463 -0.11593284 -0.103375904 0.024607673 0.015827361 -0.10490409 0.0477585 0.20468621 -0.18494578 0.044904284 0.19728029 0.04028492 -0.77743584 -0.047995247 0.19648568 -0.21657912 -0.4541603 0.018556785 0.09654114
69 -0.19323257 -0.110139176 0.29099673 0.18184161 0.13144387 0.17141102 -0.22710215 -0.2940423 -0.21621868 -0.3711983 0.15042001 0.26812378 -0.121469386 0.07544398 -0.11155868 -0.11557254 0.019250005 0.024704495 -0.088205285 0.31379065 0.14181416 -0.10706044 -0.34615254 0.1270486 -0.24510121 -0.39386472 -0.021153763 0.44592032 -0.20608133 -0.21743125 0.19793063 0.024831742
70 -0.21185063 -0.1313821 0.2290041 0.18199158 0.1198456 0.2405146 -0.19972996 -0.21148378 -0.18216543 -0.3485361 0.105775595 0.21274926 -0.1309382 0.06973829 -0.040947758 -0.14092247 -0.036078688 0.07557262 -0.118859395 0.2658173 0.14211243 -0.18981054 -0.28425384 0.10864834 -0.1764926 -0.5036849 -0.036751088 0.39729765 -0.24679874 -0.263722 0.13982946 0.03327483
63 -0.3643796 -0.23969884 0.27254298 -0.0130935935 0.044460453 -0.06816711 -0.23632391 -0.23860565 -0.19622424 -0.21825185 0.19919433 0.16811278 0.029851096 0.13221925 -0.2121643 -0.12882742 0.01360632 -0.030127814 -0.058389284 0.14275777 0.073263675 -0.068784304 -0.11759202 0.13687496 -0.081257045 -0.48264033 -0.014925095 0.24323323 -0.15058239 -0.45692724 0.29921487 0.1363391
93 -0.26218367 -0.15827915 0.26802808 0.1621045 0.14143112 0.2106127 -0.24087541 -0.25360337 -0.21972537 -0.32413712 0.11811698 0.15923686 -0.124747716 0.0081479 -0.1077792 -0.1493068 -0.041401144 0.059714854 -0.09545113 0.1971994 0.14714876 -0.14429012 -0.20545095 0.11499351 -0.12359696 -0.55755895 -0.055448983 0.3408108 -0.24433988 -0.25261894 0.11576031 0.02382865
108 -0.29725197 -0.2256318 0.3375889 0.12589417 0.07006898 0.18644266 -0.20094155 -0.19135785 -0.20356423 -0.18619645 0.12648793 0.11937844 -0.1278847 -0.01713943 -0.071247764 -0.12578526 -0.045223802 0.003213111 -0.13704781 0.11405884 0.14849487 -0.18965334 -0.11004341 0.1711216 0.014122209 -0.7143322 -0.02852361 0.2885833 -0.22970565 -0.38850433 0.101454675 0.014498153
56 -0.3021646 -0.16825688 0.15219486 0.041769393 0.1694792 0.022315793 -0.26853523 -0.31342956 -0.22108105 -0.26469788 0.12769078 0.21296969 0.028664146 0.13656549 -0.12582669 -0.19925559 -0.07250936 0.0933428 -0.15625921 0.2627941 -0.018524336 -0.14870036 -0.29609495 0.09861457 -0.14886722 -0.34311157 0.010695257 0.42750308 -0.15688892 -0.27569056 0.29994014 0.034406267
122 -0.19212435 -0.14772779 0.2369088 0.11504619 0.19229755 0.18858643 -0.2460914 -0.28458276 -0.21245715 -0.37816495 0.1385774 0.22608991 -0.069829546 0.08750212 -0.14030504 -0.18280356 -0.008350401 0.08870667 -0.09368367 0.30000722 0.090922914 -0.14742789 -0.34936106 0.17503336 -0.26093048 -0.41898087 -0.03343179 0.47443652 -0.20982918 -0.18939328 0.20673884 0.026232854
120 -0.37958312 -0.2197404 0.4784181 0.12522879 -0.031607497 0.16179061 -0.1937426 -0.18707117 -0.20951234 -0.19462536 0.19324008 0.106735386 -0.13902892 -0.10651748 -0.093731835 -0.06397405 0.041326534 -0.0056199636 -0.09681109 0.09858481 0.2410281 -0.15282045 0.05470915 0.1222603 0.071660236 -0.7887753 -0.07187127 0.19785911 -0.21578756 -0.47565037 -0.010978658 0.11975646
96 -0.23041761 -0.14829266 0.26125622 0.150248 0.1543058 0.21993051 -0.2227618 -0.26527032 -0.25454664 -0.3007621 0.15203972 0.18793377 -0.069600455 0.041597366 -0.08146468 -0.15667818 0.010153888 0.013144394 -0.08547203 0.32313594 0.060204078 -0.14586106 -0.341178 0.15278092 -0.17397381 -0.44867963 -0.0043751937 0.38694507 -0.25298122 -0.2218374 0.20555055 0.0020632923
73 -0.16856836 -0.13823588 0.24193843 0.13690919 0.15859134 0.1963391 -0.2894714 -0.284692 -0.24211653 -0.38373777 0.1637761 0.2668644 -0.08195154 0.12298873 -0.12849388 -0.15023242 0.08073051 0.033345357 -0.00103492 0.2857364 0.089314505 -0.13143447 -0.40917215 0.1866642 -0.30936703 -0.33584705 -0.061583467 0.45668545 -0.23768248 -0.20246652 0.2309281 -0.009289575
52 -0.32351008 -0.1892248 0.34009928 0.059714645 0.0736779 -0.09883453 -0.24711087 -0.32675052 -0.23010668 -0.34910566 0.17284052 0.20750894 -0.035449047 0.09818869 -0.1910263 -0.1534212 0.06392113 -0.032613963 -0.036759194 0.25712574 0.1499646 -0.01831616 -0.26419848 0.15889978 -0.20624597 -0.34631154 -5.247447e-05 0.33078617 -0.18031453 -0.35930505 0.2860071 0.1341375
57 -0.3436958 -0.27240065 0.24863857 0.06531992 0.041949544 -0.12624894 -0.26010227 -0.3075424 -0.16373314 -0.24140513 0.17541899 0.1704412 0.0067563527 0.119935654 -0.2259668 -0.132731 -0.012612923 -0.01630888 -0.06434647 0.15906398 0.086008094 -0.06560394 -0.11706311 0.1651047 -0.044323552 -0.47687912 0.010681673 0.29144078 -0.15710732 -0.39305487 0.26267034 0.1340654
7 -0.39636332 -0.25406954 0.06088956 -0.0114843715 0.09737589 -0.1596484 -0.29725224 -0.22548671 -0.18953347 -0.2097432 0.1566184 0.17528372 0.16757768 0.16014495 -0.1647614 -0.15964942 -0.1776315 -0.090970926 -0.17991506 0.09306052 -0.10926084 -0.07869735 -0.19806425 0.13653746 0.108921334 -0.4457216 0.053159334 0.34448195 -0.07814863 -0.44746414 0.41895527 0.06429526
18 -0.22704501 -0.10578155 0.25926676 0.2176735 0.07479853 0.2741704 -0.19866441 -0.24184181 -0.17193933 -0.35363254 0.09171529 0.20323092 -0.10056959 -0.028882869 -0.06034094 -0.110796995 -0.091771126 0.014980754 -0.101492375 0.23667161 0.15154622 -0.13529728 -0.24349222 0.10846767 -0.095326364 -0.59917474 -0.049456395 0.42670575 -0.23529625 -0.2427671 0.109422505 0.020729708
64 -0.32763186 -0.17083517 0.21075402 0.08440542 0.094196185 0.01703626 -0.2197744 -0.25404057 -0.20059447 -0.2602936 0.12984402 0.18579853 0.054914474 0.07064188 -0.102571584 -0.15151149 -0.11879132 0.027327972 -0.16011123 0.20369475 0.0511553 -0.17151706 -0.23214327 0.12009566 -0.029192857 -0.44965962 0.02310044 0.39471647 -0.151893 -0.3369185 0.26606455 0.053097032
