128 32
18 0.12255901 0.16108069 0.19128408 0.31157178 -0.14289103 -0.0006931041 -0.12693316 -0.02626802 -0.32056054 0.11341542 0.07365085 0.1261399 -0.014020901 0.24458691 -0.49061763 0.29094833 -0.06341848 0.12992744 -0.18900059 0.057585254 -0.42714447 0.2737617 -0.07630692 0.19952132 -0.27606362 -0.28318334 -0.045293212 -0.17018324 0.3432975 -0.21224377 0.09180981 0.010265341
24 0.0008297425 0.11126853 0.16961752 0.280508 -0.05857854 -0.11390732 0.0015150307 -0.06817977 -0.11273247 0.1457493 0.030943472 -0.010504436 -0.089160144 0.25064784 -0.29174098 0.21187778 -0.27808782 0.20974888 0.0018544514 0.2971067 -0.15817434 0.3280838 -0.21182702 0.36216363 -0.26893842 -0.3439607 -0.009367724 -0.12009366 0.41539598 -0.04677237 0.20909551 0.031060508
79 0.06629229 0.07413637 0.18834063 0.21047845 -0.09074725 0.08640854 -0.05401882 0.086498335 -0.029643593 0.22187446 0.0054905857 0.028810024 0.058894314 0.13348661 -0.34267724 0.20510352 -0.20122525 0.25650102 -0.14934629 0.35204586 -0.4253962 0.25402692 0.03424347 0.42626408 -0.06564509 -0.5045929 0.22368734 -0.14225267 0.26108003 -0.13042574 0.1519064 0.063030176
3 -0.04270442 0.15217088 0.16026834 0.26461986 -0.019719334 -0.17954117 0.00086852 -0.07970555 -0.14858164 0.15260293 0.052553907 -0.006048562 -0.063155405 0.25775668 -0.22667597 0.27612454 -0.30213517 0.21657008 0.04166738 0.28452095 -0.13075042 0.38467664 -0.24919102 0.2793399 -0.33490005 -0.24997072 -0.039996453 -0.14228897 0.40308538 -0.021165676 0.23557867 0.036596987
97 0.018828267 0.08887593 0.2090702 0.27499285 0.02906485 -0.21503511 -0.0012970349 0.041502185 -0.14319634 0.20295528 -0.0684636 0.1397608 -0.044586428 0.07819498 -0.26972187 0.47540796 -0.27211317 0.15011473 -0.10566797 0.26907286 -0.36893764 0.29209587 -0.14050475 0.12625475 -0.44328153 -0.13982743 0.07693028 -0.11703021 0.28639597 -0.033182852 0.17775014 0.26581743
6 -0.015675427 0.13972288 0.12376063 0.22901906 -0.045253698 0.010310877 -0.027391851 -0.06869673 0.003686694 0.20682192 0.13041438 -0.065937854 -0.044418003 0.27692118 -0.2550949 0.21952882 -0.25638032 0.28319785 0.03941744 0.4111322 -0.16610436 0.35089672 -0.16153008 0.47522658 -0.18645987 -0.43852094 0.09454621 -0.08318385 0.3479712 -0.028414078 0.17670585 0.032424707
119 0.08291017 0.10439788 0.26034385 0.30037305 -0.023657303 -0.123424985 -0.042400666 0.11325454 -0.17033017 0.17862414 -0.062533334 0.1270958 0.012627967 0.04243107 -0.361526 0.47764766 -0.20417151 0.14396475 -0.16262154 0.28928882 -0.48365545 0.23726349 0.008418962 0.09571752 -0.34709927 -0.16340615 0.1797657 -0.11037678 0.22521357 -0.14742108 0.12499619 0.30844304
81 0.11201002 0.15554768 0.16514848 0.2888112 -0.13284533 0.05703915 -0.14728114 0.04855966 -0.24984697 0.068898894 0.06730189 0.1180214 -0.019318542 0.21799113 -0.44548798 0.28297618 -0.0915564 0.1549611 -0.18111743 0.11067316 -0.45078093 0.23294735 0.022236774 0.2983763 -0.19594142 -0.3877014 0.043232758 -0.17405917 0.33700418 -0.2216781 0.076707266 0.035399932
53 0.0580679 0.085431494 0.19518255 0.21782428 -0.09470325 0.032332834 -0.0029105367 0.017613832 -0.06169778 0.16728787 0.009941609 -0.0013977361 0.04454632 0.18754417 -0.31931177 0.20717925 -0.19867751 0.24737494 -0.03683882 0.35201284 -0.32653123 0.27803057 -0.048291236 0.39443186 -0.14820294 -0.45300913 0.18627259 -0.13471042 0.3011765 -0.09768146 0.17375173 0.06780261
86 0.013757718 0.16596551 0.22726509 0.29145405 -0.07955118 -0.14471956 -0.041312177 -0.05188207 -0.26734307 0.08690763 0.033551265 0.093525656 -0.060976043 0.22668731 -0.3834562 0.34742543 -0.17953466 0.12936525 -0.056366496 0.17588256 -0.3069555 0.3293292 -0.14548552 0.16876832 -0.39777848 -0.20030212 -0.05208439 -0.1658111 0.36069888 -0.12168941 0.12776631 0.08332045
125 0.024139272 0.11279336 0.18534535 0.30180138 -0.0077125765 -0.16465746 -0.011752953 0.008942412 -0.17753904 0.14380401 -0.021069296 0.07441695 -0.025317177 0.11994004 -0.30944464 0.40120816 -0.2758173 0.16690071 -0.022627406 0.28781044 -0.32699418 0.3397621 -0.13323629 0.14485355 -0.38236383 -0.18689844 0.02273575 -0.12971723 0.2886561 -0.058266673 0.17184459 0.2524188
36 0.09110127 0.05069296 0.18151608 0.21515298 -0.11804607 0.033155132 -0.053358857 0.047967125 -0.13898912 0.15007919 0.04401948 0.029450389 0.033383973 0.15645412 -0.39961767 0.26004955 -0.21959762 0.1947951 -0.1158293 0.25661314 -0.357139 0.2471759 -0.009834913 0.3406006 -0.1294748 -0.43271667 0.14067344 -0.14081725 0.32408223 -0.14588222 0.16338602 0.11841787
37 0.13298453 0.118103035 0.20676574 0.2540136 -0.14986894 0.11536814 -0.14198376 0.08809269 -0.20213525 0.11435815 0.05604952 0.11151477 0.07824837 0.14998537 -0.43272823 0.31514567 -0.12734398 0.16380665 -0.24229877 0.21725729 -0.53769034 0.21957998 0.10787242 0.27619225 -0.1332769 -0.40182522 0.18186247 -0.18261226 0.2844011 -0.24609397 0.11798245 0.0982114
56 0.020696064 0.11797594 0.1532216 0.28486177 -0.049938057 -0.032910913 -0.03769483 -0.011350878 -0.08391813 0.13186927 0.055391256 -0.011212494 -0.03211302 0.21422605 -0.30884144 0.27723944 -0.20625128 0.21527071 -0.01088958 0.31449386 -0.2888712 0.30018264 -0.11248657 0.37802416 -0.25917414 -0.3816616 0.088800624 -0.11741236 0.33133927 -0.088542625 0.14526345 0.08628863
128 0.038092278 0.14160861 0.23276842 0.3161591 -0.0009174224 -0.19674252 0.002815987 0.06489802 -0.20901774 0.1409207 -0.06058898 0.14172141 -0.06017042 0.09751094 -0.30935213 0.43227324 -0.2414225 0.13609716 -0.12470138 0.24332471 -0.3972121 0.3101673 -0.12545575 0.12002739 -0.4149774 -0.12514019 0.044447068 -0.13099784 0.285277 -0.10525888 0.20354542 0.21390085
25 -0.070382185 0.1371218 0.13951096 0.27522668 0.04469953 -0.15267426 0.055594906 -0.09462603 -0.1196755 0.14489812 0.062728666 -0.064877786 -0.101629466 0.30001828 -0.20856754 0.20530222 -0.35137558 0.1968705 0.09061823 0.37304735 -0.043792464 0.41263106 -0.3054235 0.37009728 -0.3401711 -0.3275305 -0.0069644093 -0.13567033 0.4273695 0.063465126 0.2767092 0.056146007
17 -0.050262228 0.11814658 0.114275396 0.27560225 0.01872951 -0.12937105 0.008731321 -0.0975103 -0.11299658 0.15222076 0.11559558 -0.10399198 -0.077473074 0.32602417 -0.25709906 0.21223228 -0.3189969 0.22964603 0.0846067 0.3374546 -0.07180619 0.38828015 -0.2893951 0.40803593 -0.3100129 -0.33483264 -0.04576543 -0.1562985 0.43080977 0.009573047 0.24932538 -0.013882496
114 0.025213087 0.15905951 0.20672129 0.31641722 -0.110632025 -0.12010249 -0.03933689 -0.044947118 -0.2899611 0.07640698 0.026391858 0.09485566 -0.010772529 0.2347625 -0.41838884 0.36012542 -0.12931046 0.1739468 -0.06853192 0.11736945 -0.3453638 0.30685902 -0.123167746 0.1408444 -0.37432918 -0.22485942 -0.04381145 -0.20710352 0.3197368 -0.15454324 0.07685618 0.076062076
2 -0.06234279 0.138609 0.19214918 0.2425159 -0.012234936 -0.13554679 0.050275132 -0.12229643 -0.03669638 0.18918443 0.068283305 -0.07694775 -0.08553188 0.25597405 -0.21546283 0.23862633 -0.33000854 0.26237112 0.105102904 0.41826525 -0.057717424 0.36012453 -0.2648246 0.36661664 -0.29718134 -0.3374002 0.0097410055 -0.10993043 0.39413658 0.024693303 0.1966077 0.04041906
92 -0.07041684 0.1271533 0.18857881 0.3220802 0.04470497 -0.17189759 0.066567354 -0.10635125 -0.033703014 0.14243937 0.06718068 -0.10575697 -0.13936894 0.3146109 -0.2121057 0.18813422 -0.33003464 0.2688059 0.11225939 0.40739885 0.0007568399 0.40038547 -0.3344722 0.41923752 -0.32612064 -0.32720748 -0.026723698 -0.111141816 0.42669117 0.057675112 0.272044 0.009725459
108 0.030673884 0.13102393 0.22905652 0.2928261 -0.058975965 -0.12593248 -0.026698474 -0.034809455 -0.28218728 0.07837538 0.011483055 0.10683708 -0.016686229 0.19221969 -0.347932 0.36649144 -0.18667233 0.08206772 -0.099108346 0.18088414 -0.3971844 0.3360112 -0.13039175 0.13950726 -0.40423793 -0.16208248 0.0064748013 -0.17022297 0.33486697 -0.13185914 0.16104405 0.21188095
101 0.055241495 0.0690941 0.2628205 0.29623917 -0.036735717 -0.1588346 -0.01718536 0.024278672 -0.14017856 0.19483492 -0.016190127 0.11554615 0.023341285 0.0973347 -0.32280636 0.4276035 -0.22939347 0.13285063 -0.063389294 0.2524102 -0.40805262 0.29260844 -0.10014469 0.13669075 -0.38369587 -0.18354483 0.116691 -0.120604634 0.27937162 -0.05698075 0.12964563 0.2980061
124 0.004207459 0.16286598 0.18655773 0.32101223 0.0402843 -0.21166594 0.011258079 -0.025597477 -0.19625704 0.14910993 0.004452535 0.025650674 -0.071320675 0.16210921 -0.27613214 0.31838083 -0.2806984 0.18759224 -0.0018447328 0.30286664 -0.2488424 0.3642758 -0.23425213 0.17301358 -0.41553795 -0.15096918 -0.07383655 -0.13941355 0.3655497 0.008313422 0.20593646 0.15159848
93 0.108656995 0.06769593 0.20343061 0.25793353 -0.10095762 0.052194968 -0.06654783 0.111158974 -0.07045559 0.1618237 0.008417612 0.017184189 0.035097104 0.16553135 -0.40972316 0.25103208 -0.16618933 0.26386243 -0.1467335 0.3136735 -0.3585623 0.19942321 0.053315394 0.37630853 -0.08116747 -0.47219446 0.21930915 -0.16026469 0.26582998 -0.15842728 0.13646133 0.10268466
26 -0.05603918 0.111617394 0.14160725 0.24998122 0.029725185 -0.05134448 0.015705843 -0.14418285 -0.024542209 0.19379441 0.09768804 -0.12325394 -0.057854157 0.32655746 -0.23969331 0.22585213 -0.35143492 0.19686839 0.063415006 0.41682076 -0.03361666 0.3900344 -0.30733454 0.42060608 -0.28943008 -0.36305976 -0.009856518 -0.12146103 0.43107048 0.022483744 0.3044317 0.023896672
27 -0.06660963 0.14890172 0.11172944 0.29147214 0.017591603 -0.13901545 0.01425069 -0.08713548 -0.096941315 0.12727375 0.08332876 -0.07462387 -0.08455536 0.28062588 -0.22266196 0.2744846 -0.31335634 0.21807498 0.07867328 0.33390304 -0.101234406 0.3834223 -0.27138823 0.33511728 -0.3335001 -0.30496556 -0.05840124 -0.11392317 0.40332744 0.010963868 0.22576079 0.069853626
28 -0.04271274 0.14605235 0.1566038 0.27158695 0.0027959691 -0.12003861 -0.012128294 -0.121393055 -0.12864178 0.17664707 0.07905578 -0.022637613 -0.10644018 0.30062816 -0.28177768 0.30688697 -0.2969135 0.19325964 0.053302873 0.29108104 -0.09298012 0.38335255 -0.2676097 0.29409266 -0.3624765 -0.25668883 -0.048333768 -0.13747314 0.41040462 -0.021123372 0.21326745 0.042229783
20 0.063954934 0.117855616 0.18929386 0.25368562 -0.10707351 0.0655803 -0.033809833 0.026294168 -0.047663514 0.242998 0.046082094 -0.00021552568 -0.016851284 0.18038142 -0.3719161 0.16618353 -0.23188089 0.26999974 -0.068125136 0.3322608 -0.25152478 0.3083121 -0.08708696 0.41447452 -0.112465896 -0.46683946 0.13663425 -0.1406813 0.34949285 -0.058374256 0.1384822 0.043589227
11 0.032767616 0.08945384 0.22370006 0.2979262 0.0022422916 -0.12961875 0.028967774 0.013996044 -0.145646 0.18929006 -0.032287948 0.055955395 0.0059940526 0.10737766 -0.2731758 0.3999774 -0.22403176 0.13550222 -0.028054176 0.31390142 -0.40649018 0.324019 -0.13216989 0.17024212 -0.34319493 -0.21864559 0.12678225 -0.109447554 0.28356838 -0.058214407 0.17347388 0.2697327
90 0.14240909 0.19456553 0.18774246 0.33687195 -0.1543065 -0.024873368 -0.13949686 0.021503327 -0.3635087 0.055529177 0.09643238 0.16251929 -0.05323746 0.24642597 -0.49672017 0.3300348 -0.035779655 0.14515063 -0.18539411 0.018552897 -0.44454023 0.25821006 -0.034012243 0.21467072 -0.26450482 -0.28694338 -0.07622611 -0.2012267 0.33696124 -0.28155246 0.032779206 0.0065456447
107 0.045224275 0.09399559 0.23553039 0.27571028 -0.074876726 -0.13758364 -0.058997117 0.012816626 -0.2138053 0.12165096 0.028957538 0.10671395 0.014522319 0.15405332 -0.3367762 0.42042843 -0.19828829 0.12248451 -0.09573797 0.22452134 -0.40370792 0.32480422 -0.08672967 0.151699 -0.3435166 -0.19090551 0.048710674 -0.14853653 0.28940994 -0.13594586 0.1060813 0.22730081
85 -0.04818162 0.1559305 0.14719582 0.27579972 0.03728484 -0.20259733 0.03767353 -0.093652315 -0.13003896 0.19009504 0.05666739 -0.021228662 -0.12130545 0.26997682 -0.2248528 0.29317442 -0.29168174 0.18822019 0.03382602 0.31485298 -0.101151116 0.38311744 -0.3077056 0.2986269 -0.35370547 -0.20833747 -0.060019556 -0.11109495 0.4215545 0.027770218 0.22470683 0.07044293
69 0.16252472 0.14406417 0.23769878 0.31537658 -0.18945214 0.043898057 -0.1441655 0.05000933 -0.2848352 0.10203703 0.086086944 0.14715925 -0.002095688 0.16850601 -0.5154353 0.27655366 -0.0543966 0.18647695 -0.19346629 0.101912774 -0.4578158 0.23700283 0.012718832 0.27085087 -0.17661966 -0.3921388 0.045479845 -0.15005149 0.2990397 -0.23128988 0.009417426 0.07006434
105 0.08054985 0.09164283 0.219617 0.24800685 -0.09166961 -0.0027142821 -0.032007657 0.030247573 -0.05636546 0.21805878 0.0005891491 0.062770925 0.050098464 0.10404937 -0.30413973 0.28428537 -0.20691279 0.22114457 -0.13188365 0.33570307 -0.396998 0.272893 -0.0022862912 0.3196346 -0.2073411 -0.38614264 0.18324631 -0.1308815 0.29132342 -0.11080939 0.17457698 0.17510937
16 -0.049732156 0.13119604 0.123661734 0.2845447 0.054181464 -0.17143472 0.020175662 -0.1363093 -0.14464414 0.1772077 0.111780815 -0.08581225 -0.10089242 0.32176283 -0.24921222 0.25119796 -0.34658757 0.21543832 0.0864643 0.33365732 -0.038597886 0.3881288 -0.33458096 0.3622242 -0.35124138 -0.26737943 -0.09578023 -0.13157265 0.44383225 0.03799916 0.2820641 0.06942277
78 0.15235437 0.14055829 0.24771711 0.32446846 -0.12678318 -0.0306081 -0.07182462 0.07219367 -0.29461777 0.08498401 0.0136493305 0.15395962 -0.011133982 0.12078412 -0.47899097 0.32483813 -0.071219884 0.127028 -0.17609419 0.13298845 -0.49752426 0.26200646 0.0108230915 0.18707262 -0.24961504 -0.30232084 0.061005343 -0.16878158 0.2799877 -0.2581708 0.07752995 0.11260144
10 -0.027534047 0.117697895 0.12710686 0.27960494 0.0066000475 -0.085881345 -0.0069835107 -0.10190954 -0.11507978 0.1504169 0.06525138 -0.040044207 -0.062594965 0.26806682 -0.29979244 0.26645643 -0.31367788 0.22560652 0.061697777 0.324213 -0.110410325 0.3661365 -0.25787818 0.35094494 -0.33063617 -0.33021542 -0.07973371 -0.1192637 0.38598862 -0.0012106589 0.20399234 0.041886125
127 0.04243193 0.15859708 0.24136631 0.30339798 -0.038488105 -0.16387244 0.0006970471 -0.06560114 -0.18060179 0.20262702 0.031329397 0.06899527 -0.061925925 0.18708062 -0.26925433 0.34335244 -0.24447517 0.15118867 -0.034210153 0.22784656 -0.27133656 0.3801132 -0.21307522 0.20848875 -0.3342039 -0.15919961 0.019838916 -0.1045823 0.34916157 -0.0024078125 0.2018287 0.16558191
111 0.038919393 0.10622032 0.22113588 0.29262248 -0.0051441686 -0.14881046 -0.018195124 -0.018335368 -0.19819084 0.15951526 0.017360862 0.088378295 -0.013916484 0.14701705 -0.3172757 0.46116328 -0.2247201 0.114291236 -0.0719194 0.24283013 -0.41775465 0.30548397 -0.10904135 0.11212396 -0.39805543 -0.16733623 0.045159724 -0.10460644 0.30422577 -0.08453148 0.14107838 0.24794376
113 0.016819343 0.08551242 0.19251966 0.27942702 -0.043954886 -0.09505806 0.003809777 -0.02951294 -0.100707844 0.21096788 0.018314213 0.043683212 0.012962425 0.12814827 -0.27658132 0.29591635 -0.24724263 0.20324092 -0.066586144 0.3444832 -0.29118305 0.32742718 -0.11336844 0.2487332 -0.28578696 -0.2651184 0.08206965 -0.12769558 0.34951538 -0.024726417 0.18753937 0.1784708
102 0.12927218 0.13470176 0.29098096 0.31778002 -0.011597574 -0.1370123 -0.036401525 0.0371553 -0.1772665 0.1924238 -0.019011091 0.13203938 -0.010630252 0.111009926 -0.32468215 0.45099497 -0.18895724 0.10856934 -0.12672482 0.22819862 -0.44885835 0.2608014 -0.04988282 0.12870471 -0.3425669 -0.14245862 0.123230144 -0.12194995 0.2646587 -0.10634347 0.11832455 0.25988445
75 0.19759883 0.17358783 0.29358906 0.30549052 -0.17324914 -0.025547732 -0.14331654 0.04765514 -0.35606962 0.08920888 0.056277443 0.19787073 -0.017515475 0.16597025 -0.5052951 0.3651788 -0.07646018 0.10560099 -0.2228167 0.020793624 -0.5237115 0.20509444 0.026734877 0.1252924 -0.2833661 -0.25391188 0.0218376 -0.15977529 0.31525657 -0.30063817 0.057653077 0.10001287
83 0.18055885 0.17785929 0.27142024 0.33050624 -0.14889926 -0.027043987 -0.14204293 0.07539386 -0.3687464 0.062123712 0.03185791 0.21453618 0.0020208175 0.17935759 -0.48461264 0.37886107 -0.05161716 0.061693 -0.2584902 0.015345579 -0.57932246 0.21784574 0.03823976 0.13729294 -0.26495343 -0.2530324 0.0238665 -0.18618193 0.30764216 -0.34593666 0.07061192 0.10119295
77 0.048376348 0.16036314 0.19940883 0.31390744 -0.06516242 -0.11288286 -0.052780014 -0.029872382 -0.25178847 0.09942974 0.05819013 0.08530059 -0.051657103 0.26953915 -0.3547685 0.3307346 -0.18318872 0.17102505 -0.06527947 0.16791177 -0.32986763 0.31180656 -0.13472232 0.21962243 -0.31880808 -0.24794017 -0.007361307 -0.15969887 0.3116713 -0.14622357 0.12735564 0.067404136
99 0.03335091 0.15837097 0.19012547 0.2984577 -0.041950263 -0.15404469 -0.0446657 -0.058892086 -0.25229082 0.082558565 0.02761667 0.08334071 -0.056731194 0.23382546 -0.32016176 0.3741259 -0.19682585 0.12825552 -0.04811308 0.17338635 -0.37250483 0.34986067 -0.15515198 0.16551659 -0.38349596 -0.17668949 -0.04591246 -0.16449781 0.3625673 -0.10242412 0.14557186 0.14104238
64 0.120887056 0.20200069 0.2042338 0.38400236 -0.15030876 -0.10339577 -0.10586426 0.03214589 -0.3887777 0.012975582 0.031659313 0.14910275 -0.05325931 0.19237904 -0.5017639 0.3386576 -0.07552461 0.12921368 -0.16309132 0.024975913 -0.41703066 0.22414315 -0.093369186 0.1353323 -0.32389534 -0.23997305 -0.037573516 -0.22657564 0.28953415 -0.27754885 0.07406937 0.033456896
82 0.124735355 0.1243249 0.21778627 0.32483983 -0.12905233 -0.03526625 -0.08488537 0.043997545 -0.24578533 0.11546849 0.088448055 0.11539624 -0.009810106 0.23160207 -0.4337349 0.34648186 -0.10421194 0.18042797 -0.15019262 0.13384186 -0.3998871 0.23174165 -0.041948926 0.25083044 -0.26600912 -0.316769 0.008869626 -0.16453885 0.27350092 -0.19663858 0.085065395 0.09373715
1 0.028324101 0.15066878 0.13928573 0.33103615 -0.05666651 -0.06562921 -0.008470499 0.015790982 -0.04930465 0.11442381 0.08036755 -0.0337086 -0.10198488 0.253947 -0.29974085 0.24073 -0.18816592 0.26945385 -0.002819075 0.29857466 -0.19599503 0.2770746 -0.17288291 0.43153507 -0.20587729 -0.40538618 0.036793437 -0.14457962 0.34923038 -0.102532506 0.15987742 -0.010779527
61 -6.679722e-05 0.13362639 0.18935199 0.2871213 -0.022460077 -0.14919688 -0.00919058 -0.07525072 -0.23083507 0.072942354 0.09672857 0.030554105 -0.059491534 0.29599288 -0.3448114 0.29063743 -0.21284266 0.10637378 -0.009848359 0.20169215 -0.21759139 0.3723297 -0.25619966 0.24086076 -0.3941332 -0.22005817 -0.030730784 -0.1392069 0.38598642 -0.09518623 0.18542586 0.09627102
12 -0.043753296 0.16657574 0.14240932 0.25625852 -0.005154307 -0.117761366 0.0057595316 -0.11909402 -0.14249012 0.10181456 0.080915414 -0.009801385 -0.08667909 0.30655488 -0.2571519 0.24111539 -0.25755364 0.15505742 0.023179902 0.27488586 -0.13890709 0.38565034 -0.2922303 0.31755388 -0.3768154 -0.26807657 -0.05331807 -0.124475256 0.4288127 0.020743283 0.22664921 0.03692454
118 -0.008260088 0.12318409 0.20208186 0.29950586 0.011744791 -0.16618013 0.04003507 -0.04220677 -0.11874083 0.20325997 -0.00077953405 0.042069647 -0.042050228 0.13320854 -0.22667876 0.33462012 -0.2955835 0.17768435 -0.019352276 0.36598584 -0.24023946 0.35721162 -0.20099513 0.21410166 -0.3983878 -0.19352183 0.03331024 -0.09311608 0.35622776 0.018238382 0.2142486 0.21764286
116 0.025084633 0.06566245 0.16301928 0.29425606 0.024873095 -0.073130615 -0.0032326572 -0.00521075 -0.08469974 0.24000187 0.025250157 0.020314723 0.008771513 0.1042229 -0.29891333 0.4029488 -0.28579232 0.19992079 -0.06505327 0.37501168 -0.3241471 0.3064962 -0.0999895 0.19448388 -0.34170094 -0.2414926 0.09080093 -0.09098011 0.26279485 -0.05532592 0.15941483 0.27493548
41 0.07985484 0.13925661 0.18410867 0.28656766 -0.15292035 -0.004392365 -0.060057994 0.010770239 -0.19780858 0.1396549 0.050824672 0.0617643 -0.031711742 0.22972451 -0.40765077 0.18505089 -0.14399162 0.2285055 -0.09814277 0.15030454 -0.30634636 0.2654396 -0.06346815 0.36956826 -0.14714411 -0.40239915 0.058580153 -0.16936764 0.35736084 -0.11871713 0.1295621 0.012438711
21 -0.072877444 0.15643117 0.17724165 0.28766692 0.011386257 -0.1753189 -0.0045533185 -0.06633206 -0.1380124 0.08726078 0.04226416 0.011042515 -0.12037597 0.26553005 -0.30375606 0.28294384 -0.28527433 0.1973181 0.047785815 0.3230373 -0.12289412 0.37455112 -0.2820036 0.29597542 -0.37771603 -0.27383408 -0.022144204 -0.13292278 0.40993255 -0.011039141 0.20510307 0.0533416
31 -0.10280448 0.15936007 0.12016625 0.26115835 0.039165054 -0.16068533 0.030726638 -0.16259423 -0.103571795 0.13579407 0.09421585 -0.087119855 -0.11942687 0.30975562 -0.20237799 0.24584731 -0.34638977 0.18991035 0.12862018 0.36091834 -0.041026052 0.44165835 -0.34470388 0.3619646 -0.3649216 -0.299309 -0.026001316 -0.10169357 0.45701042 0.048348438 0.2671703 0.027064916
123 0.041159183 0.11865294 0.2569543 0.26042074 -0.05460029 -0.10637589 -0.07707147 -0.0013943082 -0.22803746 0.16289814 0.061851144 0.0854331 -0.010150788 0.20022213 -0.38824308 0.40292716 -0.17092884 0.13947782 -0.06518436 0.20932138 -0.37071833 0.2841801 -0.0975938 0.14683226 -0.34448543 -0.2137797 0.08056951 -0.120571755 0.30022094 -0.14615527 0.10017134 0.14149651
115 0.019723358 0.11723586 0.18167268 0.29662958 -0.020790936 -0.13239986 0.0031146784 0.03815773 -0.123631254 0.17154501 -0.036023505 0.07907147 -0.020410594 0.13254389 -0.23120673 0.36828646 -0.2377138 0.18070666 -0.06661869 0.33852568 -0.38208073 0.3353676 -0.10183368 0.23508973 -0.3353193 -0.24183427 0.10664429 -0.14252242 0.31015483 -0.08499513 0.20297132 0.19760571
47 0.060000274 0.08803514 0.14699903 0.2581278 -0.027444297 0.022989877 -0.02563036 0.008793896 0.013111816 0.24954964 0.03550714 -0.040299352 0.039795075 0.14586501 -0.27650374 0.23117456 -0.25412408 0.26270685 -0.05436366 0.39257035 -0.27462077 0.28431177 -0.054786015 0.4371835 -0.13519916 -0.44762447 0.17565782 -0.11322717 0.30573893 -0.020947784 0.18214071 0.13424481
98 0.0021298584 0.15811664 0.2107663 0.34024698 0.002349296 -0.24611005 0.011963664 -0.028646575 -0.23816824 0.16779444 -0.019458676 0.090083934 -0.07849984 0.18187091 -0.3109067 0.42378414 -0.22464535 0.15805241 0.012352645 0.2455137 -0.26979175 0.32850158 -0.26022884 0.09460034 -0.48242986 -0.103672564 -0.05286832 -0.115305714 0.34331813 -0.03330324 0.17390859 0.18249536
54 0.09845921 0.085645616 0.18663006 0.21691836 -0.13036929 0.12330822 -0.077728964 0.019871045 -0.05103946 0.20166561 0.06296773 -0.01834835 0.051846184 0.18026976 -0.3625602 0.17426082 -0.17156594 0.23472613 -0.13002975 0.31766206 -0.3582491 0.2889203 0.006977914 0.45430318 -0.06869501 -0.50744945 0.18323866 -0.14752191 0.31510466 -0.15001455 0.15732518 0.045108974
104 -0.008213174 0.1472769 0.18224475 0.33321494 -0.0068417643 -0.23728828 0.008380923 -0.012614032 -0.2420421 0.12946424 -0.030873725 0.10737961 -0.043900568 0.124209724 -0.27653128 0.41099417 -0.23765366 0.11239584 -0.03379344 0.22460705 -0.3700185 0.37926838 -0.21080518 0.06496194 -0.47607964 -0.10866916 -0.017624814 -0.13192408 0.31296396 -0.035283227 0.15730122 0.2556258
100 0.049405307 0.06694632 0.1516114 0.22602741 -0.08669716 0.1163964 -0.04679637 0.0653568 -0.003818571 0.22079077 0.08622583 -0.06192823 0.092823826 0.16190834 -0.3219106 0.18694595 -0.21280627 0.28099382 -0.13073972 0.39177534 -0.3481366 0.2645838 0.04063791 0.5115353 -0.034842826 -0.5745425 0.22673424 -0.13814563 0.30743214 -0.1254699 0.19632976 0.060627565
38 0.071810484 0.11062668 0.16070844 0.2716762 -0.10355327 0.011671799 -0.029719368 0.035674144 -0.07973089 0.15087242 0.055571187 0.0009381415 -0.013803087 0.18225506 -0.34861466 0.23074964 -0.17869158 0.2602878 -0.06628944 0.30802637 -0.312675 0.26962408 -0.045912165 0.3960947 -0.1308685 -0.44598573 0.1321689 -0.13162756 0.31664833 -0.12631924 0.13610752 0.08009146
9 -0.06477725 0.17854866 0.15183613 0.3024353 0.016546007 -0.15683007 0.03324479 -0.11762536 -0.12662075 0.13881113 0.1075085 -0.080238655 -0.13890353 0.34239218 -0.19586353 0.20938371 -0.29668903 0.22173968 0.10196573 0.3164801 -0.027288672 0.39981827 -0.3369337 0.37388003 -0.32600638 -0.28439784 -0.10098265 -0.14160672 0.46134785 0.040794007 0.2291819 -0.017818524
84 0.11999711 0.19890001 0.19454606 0.37050214 -0.1076451 -0.0645852 -0.1142285 0.013917086 -0.33845899 0.08354467 0.05723031 0.19308417 -0.036469672 0.20598428 -0.43164513 0.38055748 -0.06543818 0.08123552 -0.14069282 0.029711872 -0.46602172 0.26516354 -0.06956507 0.12347281 -0.37325993 -0.20462425 -0.040103808 -0.16695605 0.31273234 -0.23692144 0.027783051 0.102202184
63 0.022111377 0.09123829 0.17823146 0.2746706 -0.07222851 0.04861946 0.00047963363 0.03282052 0.050201237 0.24539588 0.008319073 -0.045231596 0.011731706 0.13708177 -0.26829404 0.2036218 -0.23434651 0.3301753 -0.0469184 0.41515917 -0.3207366 0.26955682 0.0039855707 0.4849701 -0.081073254 -0.5242868 0.23630072 -0.12521392 0.29039603 -0.08713741 0.19101013 0.06929927
106 0.03208047 0.11435201 0.15403396 0.28413445 -0.04111142 -0.063636966 -0.025807902 0.010490702 -0.15971594 0.15102477 0.017121416 0.05456294 -0.024215825 0.1676834 -0.3264275 0.27718714 -0.20093858 0.16275808 -0.09466804 0.2542386 -0.3281587 0.3118223 -0.121085644 0.30172372 -0.29490682 -0.31143966 0.037616048 -0.14183415 0.33913338 -0.11485811 0.2034563 0.087165
96 0.14238311 0.15677673 0.22704218 0.31096178 -0.13494013 -0.01727145 -0.1582538 0.045371007 -0.34455785 0.096212886 0.069076985 0.17758247 -0.048233114 0.18897687 -0.47949475 0.33249483 -0.11222892 0.13736482 -0.1962802 0.085748106 -0.41526246 0.24399352 -0.0026016738 0.18320051 -0.2795745 -0.24256408 -0.031192623 -0.16949692 0.30304778 -0.22819081 0.07326848 0.068647735
110 0.074208885 0.11280858 0.23550789 0.31003085 -0.025305664 -0.15100169 -0.018189019 -0.007469565 -0.23961887 0.088849105 0.009892766 0.100955635 -0.07697771 0.22607806 -0.37990472 0.37556183 -0.23557971 0.1244446 -0.037191074 0.2134206 -0.25741938 0.30610907 -0.20168999 0.17422944 -0.39303812 -0.20170033 0.044133272 -0.14201725 0.35568848 -0.090477906 0.16761449 0.13670844
39 0.0820884 0.08775173 0.19807665 0.2341868 -0.10129828 0.04955246 -0.074050136 0.008478039 -0.05120967 0.19700664 0.06389965 0.0006717418 0.042529825 0.16272126 -0.38788795 0.2854631 -0.21615647 0.2445719 -0.096424654 0.35046962 -0.32602835 0.22813478 -0.008568787 0.3704945 -0.12711434 -0.4525001 0.20920229 -0.09603954 0.2798726 -0.110952154 0.11372339 0.081644654
57 0.048564494 0.16986817 0.19314797 0.35241652 -0.047893424 -0.19359869 -0.02225374 0.04556778 -0.2218626 0.085989274 0.016135447 0.11214449 -0.082269065 0.18146063 -0.33560172 0.4009302 -0.16798271 0.159077 -0.07020141 0.22128327 -0.3012883 0.27962622 -0.16672067 0.1782639 -0.36736077 -0.17705493 -0.012838013 -0.1786666 0.32072368 -0.13890341 0.14642504 0.1255566
46 -0.014901701 0.120227516 0.11333928 0.22398904 -0.022373179 0.032362804 -0.04866565 -0.030797074 -0.032661133 0.2353761 0.101837456 -0.06869041 0.020010604 0.2549341 -0.29285038 0.22033034 -0.24112736 0.26078525 -0.027952548 0.38728738 -0.22666305 0.30200025 -0.107301295 0.425965 -0.16331296 -0.4800495 0.08715768 -0.117864974 0.33678517 -0.06620293 0.20658466 0.026205443
91 0.04115284 0.1334945 0.2661589 0.32461405 -0.003654233 -0.23631072 0.03138685 0.0036272053 -0.17876117 0.20215748 -0.050342366 0.11577117 -0.088876195 0.15255922 -0.3117002 0.42926246 -0.26684296 0.15293758 -0.054360468 0.22416835 -0.31229198 0.2854526 -0.16376027 0.12557699 -0.44995683 -0.09617642 0.034736328 -0.10545367 0.33665273 0.0010065335 0.1611538 0.22724485
67 0.12750463 0.15896207 0.2309067 0.33992857 -0.086571366 -0.1341988 -0.03761087 0.08729652 -0.27469555 0.07196283 -0.006538033 0.1317395 -0.0263649 0.14620213 -0.41083828 0.38132346 -0.12055145 0.12540291 -0.13931042 0.17993145 -0.46873096 0.28045458 -0.07386284 0.13916883 -0.314615 -0.21824078 0.07098686 -0.15792666 0.28078794 -0.21327229 0.120039485 0.1839261
94 0.13297082 0.14406112 0.22127919 0.30050898 -0.13772945 0.032612737 -0.12787168 0.08982507 -0.2782706 0.071283504 -0.010483003 0.17517807 0.041228402 0.14383003 -0.4597086 0.32252514 -0.08992284 0.16593052 -0.24697782 0.10946639 -0.5567733 0.2009755 0.097262904 0.22327664 -0.21397014 -0.3213809 0.106006905 -0.18573937 0.2791137 -0.25774372 0.079798274 0.087473996
122 0.14726153 0.17176439 0.21070813 0.3568248 -0.1427173 -0.03504031 -0.11712764 0.12198981 -0.334395 0.06636481 0.047846977 0.17307661 -0.03378352 0.13964328 -0.46974677 0.4124382 -0.05323506 0.15815711 -0.17535557 0.10174845 -0.53895724 0.21775773 0.0013054442 0.12727144 -0.29152626 -0.26251268 0.0034655998 -0.1562523 0.25246677 -0.2883655 0.033371963 0.15021889
32 -0.09755339 0.17934513 0.13783315 0.2634885 -0.01597587 -0.20212695 -0.008459106 -0.14908458 -0.22737382 0.10050026 0.0804421 0.0017614535 -0.1022987 0.32834452 -0.25956848 0.24658956 -0.27578253 0.14228263 0.032887094 0.23679188 -0.1005841 0.42628467 -0.32781714 0.24681793 -0.4548506 -0.20029314 -0.12601511 -0.1272219 0.4850987 0.019865302 0.23046276 0.020864122
112 0.016103972 0.11494462 0.16421732 0.3203046 -0.009049148 -0.15635777 0.0010126862 -0.00086593046 -0.15866157 0.1654301 -0.0016698017 0.06712406 -0.04482588 0.15432842 -0.2835166 0.36693436 -0.24328367 0.16916394 -0.011395196 0.30170006 -0.30254877 0.35047522 -0.15572771 0.19306596 -0.4009234 -0.23711 0.022178216 -0.13574778 0.30719408 -0.019384239 0.1520636 0.21395862
30 -0.12723334 0.13385612 0.113092035 0.25349742 0.08552156 -0.12758195 0.020617181 -0.17128323 -0.05796506 0.1507145 0.12574713 -0.17349252 -0.114319436 0.3780159 -0.19132034 0.19730558 -0.35377565 0.20826536 0.13097052 0.44729632 0.03219009 0.44488925 -0.37121946 0.4381233 -0.31606105 -0.34706807 -0.06538835 -0.12255591 0.4739289 0.11597638 0.32830498 -0.0042387526
22 -0.03526223 0.13501512 0.17391175 0.2531376 -0.020882396 -0.14450972 0.0208477 -0.107390024 -0.11058481 0.12248001 0.07430566 -0.030864388 -0.094418086 0.2714768 -0.2258594 0.26080367 -0.3390609 0.20392519 0.093022905 0.30982104 -0.11918238 0.3929609 -0.28553918 0.3246335 -0.3603381 -0.31206775 -0.006270537 -0.09060328 0.40284285 0.0059113465 0.19877686 0.055038825
15 -0.11496441 0.15853716 0.13439126 0.2613452 0.042556684 -0.16230707 0.032981746 -0.14768761 -0.12692581 0.13094892 0.10791621 -0.06620222 -0.12790199 0.32308128 -0.18605992 0.26784113 -0.33945155 0.15352808 0.08954448 0.35956475 -0.051234458 0.46884823 -0.37826753 0.32767045 -0.4071435 -0.24252373 -0.10196479 -0.111218944 0.45049527 0.07682758 0.27354893 0.055335335
49 0.13497347 0.086094126 0.22377673 0.23185442 -0.16755791 0.15270306 -0.12500058 0.08305484 -0.08016342 0.20297205 0.050815046 0.056699354 0.119501956 0.11568311 -0.4551863 0.27000335 -0.1331127 0.23199686 -0.1892569 0.31780553 -0.51943254 0.22605838 0.115460575 0.37479508 -0.032635007 -0.5086855 0.28081566 -0.11433008 0.23379803 -0.2006977 0.07698714 0.11710093
19 -0.037339643 0.14793204 0.17927645 0.27313635 0.015136291 -0.14576481 0.01614992 -0.14753318 -0.1863429 0.09666623 0.08037602 -0.034526955 -0.09725232 0.2731365 -0.29347506 0.26963654 -0.2391672 0.15661196 0.048928495 0.28181535 -0.11888514 0.3732413 -0.30285457 0.26345855 -0.37168342 -0.2777975 -0.061226554 -0.119107015 0.4112323 -0.00901364 0.22335471 0.07004935
50 0.12835994 0.080302656 0.20406826 0.20905264 -0.17169523 0.1860727 -0.09248782 0.04556734 0.013347015 0.21522024 0.03742279 0.029181184 0.10095411 0.14320903 -0.35955352 0.19802321 -0.1744383 0.25132403 -0.15539868 0.36947381 -0.43226305 0.24720603 0.085204706 0.468694 -0.0026752804 -0.57853526 0.2879554 -0.12531224 0.29687196 -0.154502 0.1342082 0.10701053
52 0.061038114 0.11261074 0.19980375 0.22689074 -0.120145634 0.107855335 -0.06044429 0.009235699 -0.047674425 0.15498121 0.062324386 0.038199715 -0.0019131404 0.12724546 -0.335515 0.25081107 -0.18294388 0.2275772 -0.10372297 0.33109507 -0.35277492 0.3030844 -0.023467356 0.41254485 -0.11836775 -0.45365912 0.21017718 -0.074823424 0.31571102 -0.07851998 0.12423161 0.1071937
126 -0.05387299 0.1154305 0.1579248 0.26486686 0.0053397818 -0.13999315 0.015351821 -0.12819552 -0.13468675 0.17241965 0.11031916 -0.069716446 -0.09388155 0.35930222 -0.25463915 0.20150708 -0.35533732 0.17612404 0.08806071 0.30514553 -0.025235422 0.3733013 -0.35457993 0.37109116 -0.3458786 -0.33357808 -0.0938421 -0.11508842 0.4283377 0.04463426 0.28276518 0.04136131
14 0.041289285 0.07533595 0.15320578 0.26272 -0.098922886 0.095508896 -0.06549798 -0.018174836 -0.016698461 0.23080827 0.09680986 -0.03174677 0.021840036 0.17116344 -0.3203492 0.20900151 -0.22149347 0.27182636 -0.06697758 0.3662084 -0.30887106 0.29248777 -0.03446005 0.4383153 -0.12444715 -0.4890253 0.15733346 -0.10733816 0.3385356 -0.09677396 0.13908157 0.03316528
23 -0.058002938 0.1417493 0.15343548 0.2533513 0.050443575 -0.10280402 0.021839436 -0.12424775 -0.07158438 0.15027268 0.08317357 -0.10320449 -0.06787121 0.3183603 -0.22316723 0.2042867 -0.34898466 0.219764 0.0841732 0.32416764 -0.043462332 0.3769978 -0.25387105 0.42933857 -0.28026876 -0.35420758 -0.03622453 -0.1561364 0.4434941 0.011698356 0.2897873 -0.0027894299
60 0.16205679 0.105385676 0.19608237 0.23723923 -0.1319407 0.11083489 -0.08414719 0.079112686 -0.08151382 0.17806675 0.027621847 0.058771323 0.029804228 0.11556377 -0.38827386 0.22786503 -0.12358207 0.23471865 -0.1228644 0.31699184 -0.44666055 0.23644629 0.06280759 0.3879008 -0.04812057 -0.469436 0.27527243 -0.11109562 0.28622028 -0.17262104 0.103237465 0.12515914
89 0.14922248 0.16532147 0.22419766 0.3194214 -0.13944921 0.0078488 -0.10376152 0.014487389 -0.3062448 0.12724271 0.041159686 0.17168887 0.05409728 0.18528344 -0.47908536 0.34124303 -0.09346176 0.12341608 -0.18229464 0.06267968 -0.46248397 0.24397984 -0.018982781 0.14243588 -0.31052548 -0.2644248 -0.017716888 -0.20390221 0.30320033 -0.19807346 0.075042754 0.1342586
120 0.07618311 0.069099076 0.22938403 0.27350464 -0.010326054 -0.10413181 -0.0137553075 0.06678673 -0.13675794 0.22559036 -0.0110472785 0.111200914 0.07160853 0.087349124 -0.32550386 0.43741816 -0.26886436 0.1270892 -0.102324404 0.33646792 -0.46731892 0.2821935 -0.023999047 0.11647552 -0.34284604 -0.1764488 0.15643288 -0.08598419 0.22857888 -0.05596225 0.11878994 0.35092494
87 0.06959675 0.18431492 0.19843681 0.35501522 -0.11297793 -0.13535304 -0.09964318 -0.059548855 -0.3809166 0.061499134 0.059722304 0.14316213 -0.051637243 0.26561084 -0.46246418 0.38637128 -0.11339966 0.11462063 -0.088835075 0.03227359 -0.33713037 0.28313512 -0.15572453 0.08424597 -0.4477682 -0.15359794 -0.1404648 -0.17440164 0.35683537 -0.18111299 0.07100806 0.07949375
8 -0.07984626 0.10447089 0.14301778 0.21035372 0.012400339 -0.13824862 0.041433867 -0.17553139 -0.038443986 0.15511242 0.096065536 -0.122268125 -0.09748614 0.30761775 -0.179513 0.2186959 -0.37646878 0.21569943 0.13183507 0.39932525 -0.024565533 0.42815349 -0.3537725 0.38619107 -0.32565716 -0.35735583 -0.015107742 -0.104649305 0.46054542 0.08630669 0.27868864 0.05362334
4 0.056926217 0.09117955 0.22374055 0.24189828 -0.05194352 -0.08300516 -0.009262489 0.016901417 -0.08708214 0.22859947 -0.04104553 0.082105644 0.04953577 0.113277115 -0.32605398 0.38359424 -0.268513 0.18476619 -0.11226674 0.3311251 -0.35421708 0.29360092 -0.0872318 0.21756575 -0.2868454 -0.27595982 0.15728927 -0.13299164 0.30596498 -0.053579774 0.15550874 0.20680386
59 0.102377735 0.041912217 0.1624428 0.15772481 -0.118699275 0.20449546 -0.0688829 0.040694155 0.049129046 0.28143263 0.075703494 -0.041908152 0.10629967 0.12048535 -0.3202098 0.15721418 -0.24356204 0.29272753 -0.11202412 0.4320847 -0.3711241 0.26305792 0.07364742 0.5474096 0.035957664 -0.60982096 0.30052903 -0.085103385 0.25479117 -0.10150797 0.18157396 0.108489916
62 0.12077287 0.05248428 0.21372162 0.18312433 -0.15223254 0.22314805 -0.052971873 0.07515414 0.025175843 0.27790707 0.045459382 -0.031047663 0.13582906 0.119100824 -0.38395014 0.16678603 -0.19888836 0.3200942 -0.12915735 0.39595243 -0.42430323 0.2237967 0.08415882 0.50011605 0.053846467 -0.6105501 0.33115682 -0.09266211 0.25790346 -0.08931567 0.12218694 0.08441693
66 0.16696788 0.14462009 0.2309029 0.3103947 -0.19792031 -0.032624602 -0.11814257 0.10440705 -0.37553245 0.033859856 0.04260644 0.19295539 0.03701309 0.14536391 -0.52927893 0.39709017 -0.03805076 0.10268646 -0.23030697 0.051265877 -0.5737281 0.24460194 0.049654298 0.119769596 -0.26994646 -0.25152212 0.04259046 -0.20319156 0.24104957 -0.29308188 0.028646141 0.13311867
43 0.08621684 0.020773103 0.14994444 0.17051473 -0.15874359 0.23276332 -0.046748873 0.07209559 0.11243021 0.318116 0.04620462 -0.067730725 0.12336042 0.053637806 -0.33044708 0.13597064 -0.2081532 0.3569298 -0.12105892 0.5117105 -0.38743857 0.2540349 0.09329228 0.5869264 0.103938766 -0.68350315 0.38795334 -0.06634811 0.28187492 -0.0773082 0.15035728 0.08790255
33 0.07497192 0.09030199 0.2545327 0.31770024 0.039347477 -0.17307158 -0.008873141 0.04010532 -0.1670554 0.17526099 -0.056203347 0.107076734 0.010763966 0.09874089 -0.3125131 0.44444 -0.27336547 0.12356331 -0.08190448 0.2789203 -0.40404612 0.28452957 -0.118336245 0.09243309 -0.42844108 -0.12793499 0.084508955 -0.10192257 0.28859708 -0.026181385 0.1523844 0.3230113
42 0.06802804 0.08613758 0.15358049 0.2610017 -0.056941304 -0.03221275 -0.041979965 -0.0029829876 -0.13386124 0.22194958 0.00993275 0.05613223 0.022248967 0.1382716 -0.34554693 0.30337852 -0.2093519 0.22708076 -0.10804534 0.30498487 -0.32848293 0.30314448 -0.094157085 0.2660927 -0.24322061 -0.30728865 0.074239604 -0.12405582 0.30882224 -0.064488895 0.16782261 0.14885916
58 0.105159335 0.087622695 0.2662148 0.25174156 -0.09469449 -0.049667425 -0.04492716 0.058254097 -0.17390475 0.13930652 -0.022933554 0.13207696 0.04173239 0.10402425 -0.3465392 0.4062868 -0.19905204 0.12653986 -0.17164181 0.22983861 -0.4845662 0.24658547 -0.004099791 0.21578412 -0.25469762 -0.24035631 0.19367792 -0.13255395 0.2744793 -0.18313202 0.16993535 0.2123221
95 0.08603332 0.17194284 0.26496106 0.31989548 -0.108906835 -0.106476985 -0.08613288 0.026863446 -0.34442198 0.052669793 0.024905082 0.15970771 -0.013831086 0.22477117 -0.47071117 0.430498 -0.11935822 0.12698051 -0.14479613 0.06279069 -0.44952312 0.248101 -0.051620726 0.08973074 -0.37020496 -0.17641743 -0.031436436 -0.18720087 0.32001948 -0.20985903 0.05441299 0.13011853
68 0.12345379 0.18153138 0.22800043 0.3645505 -0.11779708 -0.13623631 -0.078399025 0.05560968 -0.38464776 0.023853846 0.012707691 0.18742378 -0.07032857 0.17215943 -0.507428 0.4344346 -0.04480841 0.11860435 -0.15119073 0.011081223 -0.48214245 0.26480573 -0.099008515 0.031640377 -0.4132837 -0.15745199 -0.05397416 -0.17947185 0.2882519 -0.243664 0.03223219 0.13795729
35 0.079043336 0.0225875 0.15773152 0.17368174 -0.12748474 0.2334229 -0.08213265 0.09406041 0.07386259 0.25745746 0.027547792 -0.04482364 0.14103413 0.08594943 -0.29839283 0.15750667 -0.21550405 0.3290977 -0.15205415 0.47096875 -0.45716983 0.24074374 0.14872143 0.566637 0.074590445 -0.6509134 0.3458547 -0.14003094 0.2743224 -0.1573771 0.17070843 0.081459895
80 0.034849256 0.15446982 0.18436946 0.27907574 -0.119250275 -0.06709782 -0.05541025 -0.054887522 -0.35090712 -0.0011785242 0.0658333 0.12086479 0.0051573883 0.28721932 -0.4402426 0.3153642 -0.12854657 0.118597664 -0.11424089 0.054052215 -0.37201503 0.3132577 -0.15949205 0.19021615 -0.3647325 -0.2509731 -0.05616946 -0.19977692 0.40651602 -0.1595025 0.12086738 0.03316917
74 0.095804505 0.15381691 0.2278111 0.25799128 -0.10947668 -0.03129229 -0.08858989 0.005297644 -0.26961002 0.08362184 0.06956319 0.14702623 0.014187085 0.2021863 -0.41835073 0.304301 -0.14884949 0.12295278 -0.14633639 0.1329775 -0.4213459 0.3019841 -0.038425673 0.21738988 -0.2528822 -0.2646989 0.02282055 -0.15962863 0.32797688 -0.19015312 0.11811171 0.112814814
73 0.1513828 0.13023038 0.20564763 0.2801987 -0.19036505 0.076156564 -0.17368092 0.071268536 -0.33612153 0.040100094 0.07311426 0.1943459 0.0075806594 0.18627353 -0.50298744 0.32886946 -0.08756073 0.119441696 -0.2675036 0.036382288 -0.53782123 0.25504377 0.06319803 0.25978145 -0.1966805 -0.33013862 0.02029565 -0.20391962 0.30190066 -0.29488426 0.04679984 0.054965172
29 -0.092562735 0.13373701 0.100552544 0.24253874 0.006653805 -0.06806409 0.010737728 -0.20373574 -0.13444778 0.14349268 0.14776498 -0.12768061 -0.07168923 0.39034685 -0.22152643 0.16779782 -0.33007273 0.19184501 0.07900926 0.3541914 0.014573492 0.42867798 -0.32311997 0.42601553 -0.32375675 -0.38200134 -0.07843988 -0.14011188 0.4820187 0.06353642 0.28803545 -0.044464726
72 0.07668923 0.1457736 0.1693801 0.29488078 -0.11507463 -0.05280494 -0.07889229 0.031415693 -0.22475643 0.17358431 0.057702865 0.111353524 -0.034633677 0.18665314 -0.41065782 0.3095373 -0.12762736 0.22120993 -0.14601658 0.17507662 -0.3712443 0.27824143 -0.0738973 0.23324583 -0.25621814 -0.33132213 0.02465529 -0.17596139 0.29337025 -0.14526746 0.118807845 0.052152175
65 0.15614347 0.18834138 0.18333672 0.2917409 -0.18705158 0.038257558 -0.17892529 0.021757677 -0.30789843 0.034377906 0.1216014 0.13979281 -0.028438877 0.24692917 -0.49730882 0.31519145 -0.07929144 0.11615214 -0.19264269 0.044251613 -0.45151624 0.24604127 -0.011968119 0.24944077 -0.2505063 -0.36248922 0.012023771 -0.16983142 0.35210207 -0.2802726 0.08252776 0.018678399
117 0.09006181 0.15736185 0.19285949 0.3545801 -0.111843765 -0.101788424 -0.119872406 0.009895157 -0.372948 0.056962486 0.07404126 0.17470272 -0.016691517 0.19741939 -0.48172504 0.39673963 -0.10639818 0.115720466 -0.17757043 0.051385414 -0.44504192 0.2734918 -0.0915356 0.050725557 -0.41599485 -0.16040613 -0.13867667 -0.1642528 0.30900237 -0.20849131 0.029155677 0.10276105
13 -0.11360669 0.106014214 0.13016549 0.29722816 0.04044285 -0.14001149 0.05393326 -0.10386531 -0.026813686 0.14718945 0.08495408 -0.12553574 -0.11648396 0.32110777 -0.19724092 0.18132162 -0.3867195 0.2748591 0.119460024 0.41888547 0.030742332 0.38299033 -0.308951 0.4514107 -0.2840015 -0.36457753 -0.05879544 -0.15404229 0.44373515 0.06369471 0.26297283 -0.021250328
103 0.08140066 0.10347931 0.26773715 0.28320962 -0.068954416 -0.18034478 -0.026892826 0.10864764 -0.20596583 0.12603116 -0.057062488 0.17991796 0.034962814 0.080107786 -0.367001 0.487718 -0.17349501 0.13822766 -0.15988323 0.23051329 -0.49034366 0.2622332 -0.05657214 0.08855072 -0.3967455 -0.15701835 0.111385986 -0.14092955 0.25863302 -0.15097433 0.10790342 0.309502
76 0.11056631 0.18608351 0.24556473 0.31478864 -0.13033868 -0.07221112 -0.080320925 0.01095652 -0.3021105 0.14143568 0.032128543 0.15545359 -0.016294807 0.22999643 -0.4535599 0.31874436 -0.15644404 0.16267493 -0.17562105 0.108905755 -0.38306692 0.24553004 -0.08925869 0.2176999 -0.27695152 -0.24469084 0.015031651 -0.16995087 0.33075944 -0.19717033 0.11319374 0.04042092
48 -0.107542776 0.15735804 0.17261784 0.2786565 0.036195654 -0.1964043 0.051461965 -0.13886991 -0.12198905 0.15093899 0.06164439 -0.08264203 -0.108942434 0.30478847 -0.17140229 0.2232209 -0.36688533 0.2303716 0.10499919 0.3342963 -0.015816787 0.42045772 -0.3278997 0.38093942 -0.35536447 -0.2727769 -0.0825593 -0.12854818 0.46891853 0.0479787 0.2965205 0.0037941579
121 0.081144154 0.09808562 0.22300044 0.31432134 -0.03180997 -0.14258385 -0.03085808 -0.004775984 -0.2523646 0.089315854 0.06390045 0.072770275 -0.006457886 0.21295533 -0.37062514 0.34087518 -0.19557162 0.108627565 -0.029624287 0.19305114 -0.31013215 0.33247057 -0.1598264 0.17782767 -0.3756028 -0.18337144 -0.022834385 -0.13313445 0.34240746 -0.079213634 0.113059185 0.2107936
71 0.12281172 0.14418101 0.24912335 0.2797347 -0.12017866 -0.0734151 -0.07203149 0.047336914 -0.31958935 0.07013026 0.039938588 0.17134172 0.007179452 0.1941699 -0.4583947 0.3357554 -0.1073364 0.0988258 -0.203377 0.07610293 -0.46791658 0.2545482 -0.027844695 0.17410646 -0.30161297 -0.2331606 0.06344313 -0.21023485 0.30397192 -0.22554953 0.13302836 0.12121997
70 0.11388456 0.13973355 0.20614071 0.31336772 -0.11683448 -0.022919647 -0.089536555 0.04012222 -0.31148046 0.11459543 0.05413857 0.13668104 0.047149412 0.22032996 -0.51508313 0.34374142 -0.107456386 0.18390344 -0.13806769 0.069575675 -0.47403356 0.22106685 -0.03008106 0.14675474 -0.26788336 -0.29015687 -0.042920984 -0.19877133 0.2681658 -0.18997866 0.031418692 0.07867386
88 0.14725427 0.16382757 0.23129737 0.32067746 -0.16728549 -0.051742334 -0.116023 0.054785907 -0.3304331 0.07424897 0.030783955 0.1829234 -0.0044541853 0.17631556 -0.5010479 0.3346325 -0.07669055 0.15990597 -0.22972286 0.09635921 -0.46161598 0.23634411 0.012413386 0.20160998 -0.24289393 -0.29455182 -0.02361676 -0.20678248 0.30130434 -0.26162115 0.057822175 0.07348128
109 0.01914173 0.13483796 0.28659588 0.26906693 -0.006368727 -0.18907514 -0.0032526546 -0.0028542683 -0.17457946 0.13039373 -0.042842522 0.11486558 -0.004186181 0.14213988 -0.32450905 0.4330061 -0.22912183 0.11028843 -0.106409155 0.26827148 -0.36412558 0.2890769 -0.14389709 0.1297397 -0.4253453 -0.10922288 0.09464598 -0.13663927 0.3283902 -0.07637179 0.18617178 0.23877873
5 -0.016505893 0.12054593 0.16562234 0.27063936 -0.05522277 0.001515365 0.0065713455 -0.10220231 0.043649912 0.21436952 0.10125907 -0.11282071 -0.045460463 0.29262173 -0.24266729 0.15517664 -0.27401072 0.3240319 0.090595596 0.4139798 -0.091454744 0.36494786 -0.19027874 0.51356375 -0.14909856 -0.46401912 0.0847018 -0.103960045 0.38212937 0.016211336 0.18237159 -0.0059754094
44 0.06738262 0.10170877 0.16160192 0.24460411 -0.1633387 0.093006484 -0.044466376 -0.00551078 0.008868425 0.19368409 0.114527754 -0.030204058 0.05236834 0.17477372 -0.3045949 0.18907222 -0.18279456 0.2833927 -0.019503467 0.39356288 -0.3460724 0.2840503 -0.020573724 0.48257747 -0.0525064 -0.5375706 0.22753307 -0.11797412 0.3058906 -0.13494551 0.110741235 0.06167216
34 0.1115072 0.117974944 0.22104433 0.27927157 -0.09870158 0.045566462 -0.06859515 0.10645964 -0.08458958 0.16383056 -0.046161123 0.09775538 0.05039274 0.07615852 -0.32241383 0.29381478 -0.13864742 0.23730482 -0.2012751 0.3276611 -0.51569307 0.21262847 0.08326452 0.34919837 -0.15205862 -0.4171097 0.20952922 -0.15119584 0.25958857 -0.1673482 0.15692352 0.12337102
40 0.08493425 0.08458256 0.18896408 0.22649524 -0.07381504 0.14834103 -0.073639944 0.08167517 0.010845115 0.24215363 0.05716235 0.011493885 0.11784034 0.11803122 -0.29332137 0.22353862 -0.20510647 0.23667452 -0.14690813 0.42898113 -0.42735237 0.2311304 0.09418262 0.44689113 -0.046117466 -0.49736682 0.27964237 -0.09666809 0.25907618 -0.13907227 0.17135817 0.15261246
45 0.12351324 0.035788182 0.19620708 0.24260923 -0.12896627 0.075462356 -0.08999084 0.12734748 -0.09352145 0.17472497 0.025861388 0.0533978 0.06518853 0.11675977 -0.4305188 0.29378748 -0.15698129 0.2090212 -0.18931492 0.25710434 -0.48850897 0.21162617 0.07725794 0.3630714 -0.083877265 -0.46650085 0.24752904 -0.12465878 0.22770602 -0.18343155 0.09783436 0.14719313
7 -0.031663038 0.108691014 0.15388863 0.30553478 0.0066005904 -0.12884566 0.015342434 -0.070184 -0.051463153 0.17266761 0.10357778 -0.06376315 -0.0820956 0.29694217 -0.24446723 0.23632333 -0.33572564 0.27260056 0.12621167 0.35962045 -0.08557823 0.33369932 -0.245469 0.3693734 -0.30412337 -0.3655264 -0.0012183773 -0.12968315 0.36923358 0.019250294 0.16614656 0.056855194
51 -0.023104643 0.09700297 0.11857643 0.2452358 -0.018811487 0.0545988 -0.0064747976 -0.009447362 0.0345004 0.2385407 0.10936454 -0.10992666 0.002241143 0.24457122 -0.2586526 0.114117 -0.31589934 0.30710223 -0.021161001 0.43636093 -0.13262995 0.32259747 -0.111917235 0.584715 -0.06319351 -0.5630381 0.13052946 -0.12518121 0.38623834 0.00938704 0.2446476 -0.0042279097
55 0.11937339 -0.0036965308 0.1766577 0.18490332 -0.17548278 0.2090996 -0.09433144 0.13044892 0.00149239 0.24872386 0.04628144 -0.011120368 0.16242473 0.113323 -0.37523237 0.18237598 -0.19042583 0.31678483 -0.14082518 0.40663674 -0.44326904 0.2220179 0.15032907 0.51056755 0.07824638 -0.6425046 0.31958067 -0.15906674 0.28185576 -0.15341112 0.11750709 0.100611515
