128 32
109 -0.32511646 -0.13227732 -0.16591036 -0.1651974 -0.31665182 0.42701256 -0.09734454 -0.0801261 -0.34098315 -0.15790428 0.10160679 -0.15616737 0.16850512 -0.12273966 0.062399782 -0.42480493 0.11475401 -0.1367261 0.31533268 0.029967636 -0.117802985 -0.25339013 -0.27242407 0.08131226 0.15478031 0.0793472 0.048553705 -0.027118478 0.085570745 0.073648244 0.37725085 -0.011324722
62 -0.4350877 -0.07183651 -0.080023035 -0.15733095 -0.24017231 0.3109937 -0.10781501 0.10473613 -0.24389224 -0.075734675 0.15920676 -0.18168867 0.21536942 -0.26183325 0.23121959 -0.24411882 0.1461856 -0.14598903 0.32896128 0.08849636 -0.006697561 -0.19963191 -0.32096368 0.17903656 0.18201883 0.19198614 -0.055462517 -0.054039445 -0.19194932 0.03793207 0.4054376 0.0931058
50 -0.43887842 -0.100193135 0.03330839 -0.15862115 -0.24978933 0.2731086 -0.10448112 0.10214268 -0.11441121 -0.103773475 0.18543456 -0.16073674 0.21267018 -0.25954482 0.20390624 -0.3047599 0.15211026 -0.17247319 0.39779988 0.08920298 -0.0008293538 -0.22107951 -0.3045691 0.15809977 0.13806069 0.24640824 -0.006192379 -0.05981575 -0.2707305 0.033379696 0.37495214 0.07586843
63 -0.44650492 -0.06460449 0.006987879 -0.09116043 -0.19651042 0.28304192 -0.091176204 0.13100313 -0.17906661 -0.077573195 0.2231684 -0.18383017 0.29177022 -0.3135744 0.30741274 -0.19413495 0.19445923 -0.13919687 0.30052426 0.086750954 0.011351376 -0.22516231 -0.32437772 0.27242827 0.151976 0.25387746 -0.040445816 -0.07471388 -0.32627007 0.079374835 0.45868224 0.10643077
14 -0.477272 -0.10123277 0.03816364 -0.11148915 -0.25813726 0.31473553 -0.042026997 0.06809621 -0.16026987 -0.06968233 0.1794386 -0.12773967 0.27199247 -0.30871302 0.22816075 -0.27919695 0.18339632 -0.14893411 0.2824334 0.07327708 -0.051915046 -0.22856623 -0.30508062 0.22135925 0.11989676 0.25613204 -0.07937446 -0.14848274 -0.266882 0.051633645 0.4623848 0.13333009
87 -0.2856158 -0.12257423 -0.26450545 -0.12861249 -0.28594553 0.4091152 -0.15485802 0.13768084 -0.3302246 -0.1796818 0.15221348 -0.25743592 0.0982301 -0.19283947 0.19968608 -0.28340337 0.19078922 -0.17171997 0.2942751 -0.04849797 0.060334325 -0.1375906 -0.2417666 0.1133928 0.18778533 -0.0074087637 0.09434091 0.10018524 -0.066716254 -0.041141085 0.33001414 0.015914967
1 -0.26287547 -0.26272297 -0.25561953 -0.21743381 -0.36152324 0.4260894 -0.22634378 0.117022775 -0.102206215 -0.11484211 0.13529617 -0.19231288 -0.004255778 -0.1359287 0.07917325 -0.2974836 0.07648671 -0.21658209 0.436453 -0.024488304 0.07874438 -0.28812143 -0.39989898 0.06347287 0.25129792 0.014458277 0.17124784 0.1133686 -0.007302044 -0.019310331 0.18978786 -0.029508587
5 -0.24640834 -0.29300046 -0.24663287 -0.2658421 -0.39262256 0.45448485 -0.22668742 0.10466304 -0.050285842 -0.15242884 0.12171879 -0.15599748 -0.07414283 -0.116784215 0.019461006 -0.32120514 0.048143428 -0.25339806 0.43413952 -0.066823505 0.11535946 -0.33202615 -0.42376468 0.012305694 0.25076357 0.034929287 0.2165581 0.14139147 0.011281853 -0.06586312 0.11636005 -0.017184399
19 -0.29924506 -0.21600807 -0.17420769 -0.21999426 -0.33168498 0.3750029 -0.23701897 0.16582464 -0.06949538 -0.1290769 0.14108291 -0.14574382 0.029273273 -0.18258636 0.09381939 -0.27365935 0.109607 -0.2607284 0.37730718 -0.058819316 0.07935165 -0.2729294 -0.44373432 0.114057295 0.22456108 0.053110607 0.15704004 0.118259005 -0.0881905 -0.053949475 0.21980713 0.02259791
108 -0.25305325 -0.094129615 -0.09642189 -0.13699852 -0.30989087 0.37362027 -0.05941365 -0.074465 -0.40762088 -0.17534594 0.12001454 -0.17444807 0.21257034 -0.12766628 0.11947606 -0.48217234 0.13078775 -0.11635415 0.3165881 0.06234532 -0.11480556 -0.29025698 -0.20661819 0.11378969 0.13874537 0.09505137 0.05200201 -0.082368255 0.012856489 0.07708654 0.41632414 -0.0017975331
11 -0.20871605 -0.20042774 -0.19400954 -0.19629364 -0.36626342 0.42023438 -0.10085437 -0.03230314 -0.38249442 -0.1952606 0.10173359 -0.16998613 0.09780662 -0.07161025 0.06318075 -0.457993 0.08186917 -0.12600334 0.3083324 0.0027504514 -0.036096748 -0.2726098 -0.2656606 0.04820515 0.17851293 0.043082036 0.100110486 -0.020777488 0.113086864 0.065834604 0.30659688 -0.042404324
68 -0.30667272 -0.098626256 -0.1953723 -0.114141345 -0.2572103 0.36677003 -0.16451228 0.21122581 -0.22593585 -0.16973588 0.18577987 -0.2524391 0.09288002 -0.24537542 0.2018528 -0.25016403 0.21135111 -0.20895624 0.28508684 -0.031358536 0.11942982 -0.13734876 -0.32509968 0.1452239 0.22572662 0.053152487 0.081366695 0.12506643 -0.13236621 -0.043630358 0.33821982 0.040301315
20 -0.38170046 -0.15144415 -0.018369999 -0.15353121 -0.26739952 0.35203844 -0.07535738 0.031748414 -0.22393379 -0.10315485 0.16290855 -0.15412857 0.18547958 -0.25390804 0.20430811 -0.33244902 0.14358386 -0.1484519 0.28396064 0.05331898 -0.021398988 -0.25534314 -0.29174253 0.19509704 0.16186309 0.18365149 -0.027414469 -0.079233505 -0.1946604 0.043960296 0.39663637 0.07372459
77 -0.33533546 -0.12759623 -0.15256274 -0.108231485 -0.2698639 0.36713922 -0.15863235 0.21163814 -0.19159734 -0.07205097 0.14995958 -0.21541117 0.114592716 -0.2306296 0.23000325 -0.18962635 0.17360836 -0.16235684 0.29068568 0.021664396 0.083533175 -0.21070108 -0.33679545 0.20721024 0.21137542 0.12416005 0.05978972 0.042683713 -0.209334 0.009670915 0.35525328 0.035635136
120 -0.22920716 -0.2433414 -0.23732148 -0.23606016 -0.3401396 0.4888466 -0.08866713 -0.07625261 -0.3588988 -0.16941378 0.068305396 -0.17936274 0.083138384 -0.06535298 0.10258855 -0.4762471 0.10795065 -0.14822252 0.27833953 -0.04014129 -0.05882925 -0.23951228 -0.28642085 0.035544723 0.1588032 0.016738005 0.0977393 0.0108982045 0.09633722 0.036370818 0.29216608 -0.033375815
113 -0.26660857 -0.21311745 -0.2201628 -0.17026669 -0.3201769 0.4713233 -0.046397373 -0.0894448 -0.50816816 -0.2310393 0.04897393 -0.20782964 0.18397103 -0.06362993 0.16792434 -0.5554391 0.14804317 -0.07042546 0.18827084 -0.020866362 -0.06807774 -0.20683224 -0.13722168 0.066614866 0.08672434 0.04077767 -0.02153131 -0.070302695 0.16289528 0.04720496 0.3977316 -0.020373097
102 -0.23800659 -0.18210214 -0.1451258 -0.19492899 -0.3329922 0.42662156 -0.010615352 -0.1639229 -0.47667032 -0.18369007 0.06850236 -0.14406334 0.22415157 -0.07946831 0.1287433 -0.5554857 0.1337156 -0.103947684 0.2718826 0.018376797 -0.12299823 -0.24816619 -0.17715037 0.074367166 0.09880594 0.087952666 0.0218043 -0.0994581 0.108653 0.112957425 0.4209131 -0.02854345
10 -0.34832168 -0.14068417 -0.2071847 -0.15187573 -0.2552775 0.39174315 -0.1730727 0.15471213 -0.19217649 -0.13351306 0.1275502 -0.22828537 0.07575009 -0.23319423 0.19494598 -0.2891664 0.1981494 -0.17393088 0.274941 -0.029476738 0.036024164 -0.16490959 -0.32228443 0.1009507 0.22101043 0.07586865 0.05965937 0.09077974 -0.11979323 -0.013824074 0.3116002 0.020650111
18 -0.32733563 -0.16536841 -0.33248448 -0.16362144 -0.24241596 0.42886114 -0.12969796 0.16735978 -0.255422 -0.1605977 0.11996615 -0.29274294 0.050658993 -0.19250949 0.18853532 -0.36330992 0.22758839 -0.2186479 0.25699398 -0.12808691 0.07850077 -0.049059197 -0.32637128 0.072361335 0.2098159 -0.05086599 0.090361774 0.19106573 -0.054095127 -0.04178332 0.2580759 0.003747709
72 -0.3814873 -0.08165269 -0.17694582 -0.057014436 -0.20877516 0.40053213 -0.1330526 0.21260992 -0.36694342 -0.13495745 0.14345343 -0.33085206 0.16733423 -0.26201963 0.3457602 -0.252933 0.2370672 -0.12017426 0.2167723 -0.0043231966 0.05820702 -0.059295792 -0.18352555 0.18993604 0.16208762 0.08108722 -0.07590569 0.016592309 -0.21322136 -0.008124799 0.41145977 0.04167098
110 -0.25512734 -0.21366619 -0.21651322 -0.20244151 -0.3233438 0.45890063 -0.048163325 -0.0675395 -0.42399645 -0.21793897 0.096224815 -0.20409897 0.13213831 -0.07349366 0.07709226 -0.5133786 0.10298809 -0.10904987 0.30774692 0.0064101126 -0.06802157 -0.22982828 -0.24022049 0.040546175 0.13108563 0.038960528 0.029821895 0.0027250256 0.12475397 0.04412251 0.30690736 -0.047848396
58 -0.25721142 -0.17942281 -0.1738802 -0.17473143 -0.35468352 0.46012044 -0.08423941 -0.122333996 -0.48523 -0.17908423 0.08847215 -0.14208919 0.1862548 -0.07535373 0.09731553 -0.49150348 0.11864342 -0.09056363 0.23805687 0.017765999 -0.12479681 -0.28989524 -0.17839703 0.053385176 0.13521948 0.05056439 0.031652804 -0.08085372 0.12540679 0.061011814 0.37269977 -0.015041599
22 -0.2929075 -0.11460183 -0.16698802 -0.13390452 -0.28085092 0.3929787 -0.037714045 -0.041011494 -0.4271385 -0.18899652 0.09454519 -0.19763851 0.24600929 -0.15933913 0.17763685 -0.4570073 0.15760978 -0.091372885 0.24810348 0.042012684 -0.08454042 -0.20098191 -0.16142705 0.14825673 0.12010849 0.12276032 -0.03387056 -0.06699031 0.050639994 0.09686768 0.47529387 0.002292858
65 -0.25357804 -0.18321218 -0.24069992 -0.22312583 -0.331134 0.42947307 -0.10370704 0.0215494 -0.33863527 -0.19384782 0.118729346 -0.19391595 0.097256295 -0.08655436 0.11688742 -0.38330784 0.09840001 -0.17144749 0.32449424 0.016268114 -0.002138505 -0.21493885 -0.2491681 0.09340668 0.17027761 0.02491583 0.07612269 0.037782688 0.07936816 0.046784606 0.30798468 -0.002438214
9 -0.27460563 -0.2239843 -0.1422589 -0.20131828 -0.35226426 0.41503984 -0.18678571 0.07821793 -0.14666675 -0.15458511 0.122775696 -0.13602135 0.033201583 -0.14068702 0.08709246 -0.352894 0.069480404 -0.2235196 0.36499533 -0.00024710747 -0.0024139765 -0.32510367 -0.3405835 0.069667816 0.206476 0.07893818 0.11832841 0.0068259696 -0.037900437 -0.009512792 0.21784303 -0.011553097
112 -0.3214166 -0.12904511 -0.13513942 -0.19813767 -0.29871544 0.38500834 -0.04883821 -0.0633115 -0.4464759 -0.16662787 0.08704242 -0.14326206 0.24662766 -0.14261018 0.087602556 -0.45478067 0.112530544 -0.122837424 0.30506748 0.09685987 -0.15970588 -0.27397722 -0.19546679 0.06895797 0.10069593 0.1097519 0.004869013 -0.11939226 0.06733563 0.09580167 0.42126554 -0.0008461285
55 -0.37816128 -0.09960259 0.0035797108 -0.11549739 -0.24189408 0.35561988 -0.0948355 0.07685475 -0.23955259 -0.10386256 0.12386923 -0.15032746 0.22860903 -0.27541542 0.25672922 -0.3252579 0.18892382 -0.14097802 0.2962855 0.04679072 -0.050639525 -0.21365753 -0.26866877 0.2018171 0.13795753 0.17705888 -0.04154321 -0.08260224 -0.21906196 0.03612259 0.46235344 0.04797765
8 -0.29504725 -0.27125424 -0.19096981 -0.25417352 -0.33082113 0.43384805 -0.1774115 0.026824424 -0.1082375 -0.14048621 0.101702034 -0.08748699 0.015667135 -0.13310657 0.056763425 -0.37341577 0.06493745 -0.22425188 0.39540827 -0.036802977 -0.00917232 -0.29045558 -0.40933293 0.03803069 0.21701369 0.054358575 0.17916457 0.08000859 -0.014191714 -0.0009226051 0.19247569 0.00093439734
88 -0.36244524 -0.04722574 -0.077788115 -0.13789298 -0.23223898 0.35376537 -0.07354691 0.024620956 -0.32259893 -0.15086181 0.17056903 -0.2316194 0.23339358 -0.22046782 0.21405147 -0.37297422 0.19878651 -0.17300583 0.2777018 0.0527892 -0.018482314 -0.15421273 -0.2074814 0.14270164 0.10710412 0.099899866 -0.048035886 -0.028950956 -0.12474476 0.03810266 0.4441393 0.053420473
128 -0.26492837 -0.113927245 -0.28616717 -0.14948829 -0.32725453 0.48526713 -0.14149396 0.045695856 -0.48401245 -0.24380569 0.045497693 -0.2686198 0.13411796 -0.08743057 0.15403154 -0.46225384 0.21539593 -0.07685735 0.18857598 -0.07806114 -0.071076185 -0.14032626 -0.1643784 0.013478427 0.19224675 -0.06078783 0.052390035 0.053048592 0.07427236 -0.00842238 0.29861456 -0.05449102
126 -0.26089016 -0.28695726 -0.22875312 -0.2251841 -0.38417694 0.48246875 -0.2546105 0.14902486 -0.06953375 -0.15628637 0.12606497 -0.14148684 -0.076122165 -0.095353074 0.0101497 -0.36219284 0.07438955 -0.25452095 0.40309706 -0.10304942 0.05243678 -0.31169087 -0.4196884 0.0147049185 0.24664521 0.024757663 0.20614238 0.13578615 0.011459186 -0.02374435 0.106955856 -0.06367904
114 -0.2954551 -0.13148691 -0.23167725 -0.13474198 -0.2988221 0.41848132 -0.18191278 0.17946926 -0.27331576 -0.1586082 0.14753392 -0.25981432 0.07598754 -0.19825673 0.14689766 -0.300096 0.18784088 -0.1591866 0.26671916 -0.08017266 0.080079794 -0.1381734 -0.32215932 0.079146594 0.19202203 0.024990043 0.11029821 0.10045919 -0.072055526 -0.039957758 0.29541096 -0.027906144
86 -0.38302314 -0.056663457 -0.12101638 -0.13550083 -0.29653934 0.36869296 -0.106570005 0.15000525 -0.2778238 -0.17434222 0.16241041 -0.22390538 0.16720766 -0.19307256 0.1800402 -0.30139858 0.19167918 -0.15423806 0.28621486 -0.00782543 0.010223662 -0.14984326 -0.27878168 0.1374852 0.185144 0.07994427 0.017918592 0.063162744 -0.12021561 -0.043839037 0.36524943 0.06671421
31 -0.2731812 -0.22176215 -0.22055109 -0.22117928 -0.37007552 0.41869453 -0.21372716 0.10421492 -0.029418854 -0.14632419 0.15584405 -0.13771026 -0.036182918 -0.10223634 0.0029278696 -0.3084229 0.089765124 -0.259389 0.45291126 -0.07818279 0.08781215 -0.2775688 -0.4478422 0.048381906 0.22596985 0.06050586 0.18766946 0.1431327 -0.028917806 -0.0118906535 0.17736274 -0.022114536
74 -0.41113657 -0.1876943 -0.20363082 -0.15378986 -0.2593254 0.4232126 -0.12607554 0.21311681 -0.19259344 -0.18343718 0.1259133 -0.24948192 0.02944708 -0.20510016 0.18423666 -0.35867518 0.19988042 -0.18710083 0.29017267 -0.0524856 0.051101737 -0.09744945 -0.29413864 0.07243812 0.2196826 0.0050278287 0.0847918 0.1703518 -0.14425243 -0.054725707 0.2116062 -0.00585879
98 -0.43705356 -0.057562687 0.01972164 -0.11841409 -0.23943555 0.26954994 -0.11948879 0.10521192 -0.13349485 -0.09222348 0.22820011 -0.14875156 0.24340193 -0.2893935 0.23057182 -0.2399864 0.17209837 -0.18884425 0.34696046 0.10762619 -0.0033498034 -0.23116668 -0.30180204 0.22413117 0.17002307 0.2505282 -0.020462574 -0.018393155 -0.26188922 0.01349953 0.40234792 0.093715586
35 -0.37581262 -0.09130617 -0.0348323 -0.0978758 -0.21686128 0.31233785 -0.0703816 0.114436366 -0.23266023 -0.10198495 0.1627359 -0.1471488 0.24756536 -0.3023665 0.2731381 -0.22895987 0.20833373 -0.1541284 0.28605682 0.07800699 0.006485957 -0.19837347 -0.27865905 0.23130286 0.14745568 0.18190633 -0.036141552 -0.100763306 -0.27373686 0.012797932 0.45907566 0.10658506
103 -0.30844307 -0.13139811 -0.13095446 -0.15152848 -0.2923976 0.38117683 -0.07749237 -0.016464474 -0.38814712 -0.14702058 0.107701406 -0.18493846 0.1767883 -0.1632282 0.15111554 -0.39254534 0.11696923 -0.115129314 0.28404516 0.039461374 -0.06415358 -0.22380012 -0.2364745 0.09800626 0.16221735 0.087283954 0.017061792 -0.036319014 -0.03093335 0.050730277 0.41205508 0.011530378
33 -0.31445095 -0.15161815 -0.1422452 -0.19322024 -0.30852193 0.38364753 -0.07654051 -0.015369975 -0.29122722 -0.1734516 0.1365404 -0.13692835 0.1868704 -0.1558145 0.11300473 -0.4067593 0.15208648 -0.15773846 0.316441 0.050583497 -0.08992693 -0.23866205 -0.27029267 0.13439935 0.15291868 0.090135686 0.044888068 -0.046511963 0.02145234 0.06695882 0.38087207 0.012402503
89 -0.3131805 -0.18511963 -0.19955868 -0.12670708 -0.2662765 0.40001082 -0.1656379 0.17883837 -0.19805531 -0.17639488 0.15229878 -0.26637116 0.045907542 -0.21144965 0.19075117 -0.30391067 0.17008923 -0.19312438 0.30248857 -0.07469395 0.09823464 -0.12613733 -0.2880128 0.1322637 0.21936803 0.03178108 0.07751836 0.1425223 -0.117486134 -0.03631876 0.27541205 -0.021824395
61 -0.21985242 -0.250593 -0.25850722 -0.23214683 -0.37124115 0.45551267 -0.18945217 0.09495453 -0.20336035 -0.17391387 0.118787594 -0.20912135 0.01928264 -0.11082565 0.056742955 -0.36996293 0.09615163 -0.2280214 0.34109467 -0.0470646 0.065514244 -0.2741816 -0.3224484 0.03895904 0.24252489 0.0011315478 0.16695596 0.11258118 0.05465611 -0.034351133 0.20295516 -0.014130785
3 -0.22924611 -0.29623258 -0.19685353 -0.2002165 -0.38451925 0.48432088 -0.21695046 0.06945489 -0.21276167 -0.19276613 0.10995527 -0.15337934 -0.01596656 -0.11419568 0.07336813 -0.42548376 0.10470514 -0.1847988 0.30888218 -0.085419595 0.03939322 -0.3140678 -0.33082002 0.022607973 0.21020758 -0.010537706 0.17190924 0.05470361 0.016506702 -0.048596445 0.13582574 -0.011281908
116 -0.22593454 -0.22928694 -0.21200874 -0.2246661 -0.36050415 0.48033974 -0.14553787 -0.07029008 -0.35286996 -0.18115363 0.08823769 -0.18238764 0.053167135 -0.04181727 0.06503905 -0.49948454 0.101248376 -0.13700339 0.3144459 -0.016908588 -0.0612238 -0.3003896 -0.24860509 0.025269497 0.14778456 0.00023817131 0.11339621 0.018004717 0.09569458 0.05399318 0.2674674 -0.027094144
119 -0.24859723 -0.17643954 -0.13895406 -0.18276703 -0.3485883 0.46896955 -0.0975584 -0.04805994 -0.44255462 -0.194919 0.11187734 -0.17239483 0.10826123 -0.09634735 0.10041279 -0.5352422 0.13938306 -0.12782969 0.2526659 0.017874707 -0.11441741 -0.29404634 -0.19216006 0.057284992 0.15129717 0.043705273 0.02524998 -0.0769775 0.06227352 0.04481154 0.29568356 0.007137231
13 -0.33336008 -0.15453124 -0.1295482 -0.1811746 -0.2766664 0.3694886 -0.19313405 0.15386954 -0.1175136 -0.080141775 0.18329777 -0.14670672 0.05789952 -0.22986177 0.16593978 -0.18456091 0.1487719 -0.24146909 0.33425158 0.045641623 0.048110392 -0.28069264 -0.38867325 0.15102877 0.20762609 0.13703892 0.08309013 0.04327323 -0.15719396 0.014648572 0.34793052 0.058263943
45 -0.49942115 -0.091685295 0.07365979 -0.09291947 -0.20529486 0.2765823 -0.038829707 0.10022719 -0.16096993 -0.02371424 0.1919637 -0.12454727 0.3004789 -0.32893172 0.2835239 -0.25166175 0.16969293 -0.13618465 0.29701918 0.11455026 -0.0145826535 -0.24835938 -0.32680076 0.2897036 0.11901327 0.30462 -0.118619926 -0.19696385 -0.30201483 0.06129641 0.5089381 0.14681983
26 -0.3904817 -0.21638666 -0.0909774 -0.17722991 -0.3559258 0.3836077 -0.13920608 0.06415398 -0.099709995 -0.08323523 0.16329017 -0.16280618 0.09429882 -0.18910047 0.12099947 -0.3206582 0.10216574 -0.14673163 0.32329366 0.018948374 0.0044077733 -0.30700678 -0.36247686 0.12229418 0.16274849 0.16928396 0.063244626 -0.048185695 -0.07046324 0.06626968 0.27926832 0.01750889
60 -0.4125 -0.111943275 0.07056161 -0.12537275 -0.26002938 0.30666426 0.019252338 -0.04294997 -0.24151276 -0.09567023 0.19139336 -0.094130225 0.3353566 -0.23011445 0.1869758 -0.35559028 0.12972593 -0.093108445 0.34481013 0.13184766 -0.117060564 -0.30761275 -0.24610613 0.18871687 0.10661001 0.2544498 -0.045112412 -0.22248 -0.20052618 0.06813757 0.5063124 0.102646805
78 -0.43409064 -0.062183022 -0.079883255 -0.10926655 -0.23306292 0.32445547 -0.049999647 0.092487834 -0.26229015 -0.11430771 0.15892254 -0.195597 0.26534617 -0.25195834 0.2698526 -0.31474847 0.18625745 -0.10961682 0.30226907 0.062925935 -0.01742233 -0.1803029 -0.25216883 0.20284921 0.12722257 0.21129699 -0.07349404 -0.07814182 -0.17884037 0.023953909 0.4505645 0.075811684
75 -0.32725537 -0.14866523 -0.23731562 -0.11870881 -0.2973239 0.44496897 -0.16462167 0.16477887 -0.2932365 -0.18594293 0.1342121 -0.2738068 0.083386466 -0.1900834 0.17935346 -0.34183642 0.2070154 -0.14506112 0.23177412 -0.093233235 0.06630891 -0.15349108 -0.29065058 0.0749401 0.18533716 -0.019168403 0.104899056 0.13095516 -0.07266458 -0.06520359 0.24606416 -0.014620344
82 -0.3068288 -0.074730165 -0.14217652 -0.15159614 -0.3141649 0.3556372 -0.18383218 0.17764038 -0.19662467 -0.20847344 0.16565147 -0.20696312 0.09503054 -0.2129711 0.111040615 -0.29766318 0.22198896 -0.20358883 0.32907215 -0.019342525 0.0902537 -0.1990153 -0.3210866 0.096215144 0.2362541 0.062354736 0.11137015 0.15694015 -0.11868351 -0.06466285 0.2947541 0.0018031157
49 -0.4555189 -0.118126936 -0.035812456 -0.14547528 -0.23573998 0.29376984 -0.1509373 0.2019517 -0.07698966 -0.03791541 0.20025378 -0.19076905 0.15784541 -0.32347843 0.26465443 -0.13755573 0.16173281 -0.21210417 0.33093396 0.057244394 0.062878326 -0.20065649 -0.38642251 0.20602268 0.17661448 0.21505702 -0.0072159735 -0.018392783 -0.2884395 0.023186851 0.37401745 0.10291465
101 -0.25576842 -0.117206745 -0.18407463 -0.17326884 -0.31623325 0.43863246 -0.091733485 -0.07154501 -0.4895921 -0.17142276 0.090287976 -0.1750252 0.18613485 -0.12054804 0.11662802 -0.48662302 0.15756255 -0.09194287 0.26001903 0.039235413 -0.12997255 -0.2534865 -0.2006292 0.043192092 0.12306678 0.054720704 0.027015187 -0.06892429 0.06901415 0.067062624 0.40841478 -0.0048666564
96 -0.33337575 -0.13511117 -0.21721469 -0.10730319 -0.2493437 0.4164992 -0.13027221 0.19551595 -0.2950043 -0.14899626 0.15410373 -0.26038885 0.08222429 -0.22779922 0.22661416 -0.27809954 0.19251338 -0.14687939 0.24511495 -0.02065737 0.079403676 -0.1472241 -0.2876236 0.13559812 0.21934912 0.07145967 0.07571065 0.056495093 -0.10444399 -0.0395483 0.31510267 0.023522029
92 -0.23062958 -0.27153578 -0.1692888 -0.24259025 -0.36302426 0.41228467 -0.18396641 0.06853789 -0.094515175 -0.19419272 0.13968661 -0.16617355 0.028943183 -0.11848775 0.052171808 -0.35167322 0.106439866 -0.2547169 0.40477875 -0.06315813 0.09895225 -0.3051809 -0.35518593 0.060470037 0.23932774 0.060280185 0.17345336 0.12947784 0.0031807432 -0.059075877 0.16314876 -0.026382092
99 -0.26880467 -0.108382955 -0.117711656 -0.12993628 -0.29727063 0.4110961 -0.053393777 -0.03711066 -0.43512884 -0.14400229 0.13400373 -0.19910833 0.21062192 -0.16429868 0.18729956 -0.4298141 0.15017657 -0.11651608 0.23759238 0.051153127 -0.05896285 -0.2367517 -0.2012295 0.11611726 0.13332163 0.08964383 -0.003476641 -0.116101064 -0.028845236 0.04602336 0.406984 0.059000086
23 -0.39197996 -0.1585456 -0.088326275 -0.17345786 -0.3189803 0.34125835 -0.20882955 0.16396366 -0.06346164 -0.07325812 0.16186853 -0.14833939 0.107888944 -0.21714464 0.14528741 -0.1898715 0.101283655 -0.19075362 0.3593208 0.02840995 0.04685897 -0.29710874 -0.40666583 0.18150172 0.22963718 0.18550315 0.07568573 0.043690305 -0.16203251 0.0025963741 0.29024357 0.048944198
123 -0.31259876 -0.086292595 -0.061815545 -0.16288863 -0.2606773 0.3742606 -0.05476324 -0.049762826 -0.39977905 -0.16200928 0.15011927 -0.16880971 0.2713713 -0.18936656 0.18513258 -0.39781076 0.1612523 -0.1267531 0.25695816 0.07387049 -0.09530261 -0.25956455 -0.22577488 0.13432716 0.10601812 0.15750949 -0.052917354 -0.13779941 -0.060769953 0.044464674 0.41237566 0.04524532
106 -0.23501748 -0.2077878 -0.24477576 -0.19788711 -0.33173624 0.4766273 -0.097636275 -0.09955113 -0.46638882 -0.2125976 0.048038308 -0.17197819 0.16718224 -0.053422455 0.10704024 -0.5645061 0.12269201 -0.08132483 0.22888437 -0.0005991596 -0.15243174 -0.24678785 -0.17824258 0.018798262 0.12572299 0.031969525 0.049628966 -0.04190655 0.18658742 0.07351253 0.3342396 -0.049451437
95 -0.3585981 -0.12773526 -0.18303072 -0.10723172 -0.2486291 0.36522904 -0.14115654 0.22351062 -0.19434747 -0.12517008 0.17252555 -0.23905891 0.08045359 -0.24895044 0.19296302 -0.2687803 0.21330875 -0.19769594 0.31941473 -0.027391637 0.07148946 -0.121097416 -0.33069068 0.14237344 0.22591107 0.074650615 0.08139023 0.08609515 -0.16841829 0.01737669 0.32096413 0.021965068
46 -0.36700943 -0.0065096533 -0.018136276 -0.11142001 -0.19922173 0.2775314 -0.07824156 0.10165897 -0.266101 -0.15538603 0.20730224 -0.20457518 0.25056562 -0.27906126 0.22850834 -0.30357876 0.18590358 -0.179821 0.35748726 0.07768994 0.005223862 -0.18353353 -0.26280826 0.18381694 0.18578872 0.16460179 -0.0036659513 0.027522042 -0.23361222 0.05610557 0.41767678 0.06956095
105 -0.4651901 -0.043779466 0.05997661 -0.12778068 -0.20855644 0.26195815 -0.08838465 0.13226216 -0.1468946 -0.1165291 0.22493175 -0.16564152 0.26374662 -0.33019394 0.3044064 -0.20981798 0.21810897 -0.18550293 0.3332627 0.096004374 -0.023735128 -0.18113467 -0.30172867 0.24301265 0.1363281 0.22813462 -0.06267185 -0.084269755 -0.38037786 0.029144486 0.43289602 0.1364506
48 -0.2856033 -0.311115 -0.3296852 -0.24793339 -0.34332734 0.5061609 -0.19155635 0.07108419 -0.17016193 -0.1468385 0.08550088 -0.19154337 -0.04480197 -0.07325549 0.025849607 -0.40482232 0.1430895 -0.16866815 0.3330533 -0.10892791 0.016859615 -0.22446138 -0.38008574 0.02801871 0.22761253 -0.031972747 0.1760978 0.11686633 0.07208658 0.0013941957 0.12639993 -0.07060431
57 -0.3529488 -0.11894309 -0.21844704 -0.1401189 -0.24357662 0.37620753 -0.1733838 0.22809644 -0.2006166 -0.17650288 0.18798435 -0.27926663 0.064399995 -0.24299324 0.25420398 -0.20314963 0.22963665 -0.21369748 0.2588714 -0.053679988 0.15969229 -0.10169639 -0.31887648 0.18381265 0.23066263 0.046793185 0.06728105 0.13496974 -0.17423268 -0.0485376 0.30726898 0.044493757
66 -0.30605182 -0.110412866 -0.14072603 -0.14323436 -0.26410487 0.33839875 -0.21629472 0.24095258 -0.14695741 -0.14678843 0.18115778 -0.22828323 0.06830926 -0.25670603 0.1625294 -0.20078537 0.19834282 -0.2259781 0.35618412 -0.044846736 0.13947956 -0.21937174 -0.3863994 0.12731563 0.25013185 0.09451683 0.1415279 0.17425184 -0.17237765 -0.06440362 0.3071289 0.031921744
117 -0.35910875 -0.082719356 -0.25649738 -0.08846854 -0.21887909 0.42491215 -0.15586662 0.24411304 -0.27216876 -0.16796927 0.14691693 -0.32136628 0.07959373 -0.22133788 0.28516194 -0.23050027 0.28912935 -0.17635238 0.21707967 -0.06902989 0.07054654 -0.02697272 -0.29090923 0.13158612 0.21077 0.005688149 0.04652289 0.17732093 -0.17899632 -0.0686011 0.3327963 0.039725125
41 -0.2925999 -0.13260262 -0.14757746 -0.15560704 -0.31140122 0.38544446 -0.09194669 0.030547464 -0.29887396 -0.1264106 0.15510517 -0.18879637 0.20277072 -0.22819796 0.13428168 -0.34973195 0.17049749 -0.13885781 0.2991692 0.03382903 -0.07546461 -0.21866973 -0.30910167 0.124490336 0.14890872 0.13590267 -0.0042334823 -0.09226516 -0.03881448 0.062800124 0.34132263 0.056924935
54 -0.4222252 -0.1081107 -0.025920082 -0.15791304 -0.29097858 0.30000338 -0.109461784 0.042864814 -0.13486287 -0.018766401 0.18024746 -0.10961069 0.24317423 -0.2532353 0.14691065 -0.28044048 0.08262595 -0.15315698 0.36920527 0.123826064 -0.05675418 -0.31178173 -0.35194406 0.21774095 0.14450286 0.26808545 -0.028423036 -0.13250746 -0.14351547 0.13382411 0.42106968 0.05089774
111 -0.2586651 -0.20084774 -0.16958553 -0.1610267 -0.3405735 0.46618366 -0.08668077 -0.05952285 -0.43302888 -0.2161748 0.050894912 -0.21294372 0.13707091 -0.10512972 0.13829443 -0.5188667 0.17353794 -0.1231532 0.22940208 -0.052537613 -0.08557942 -0.21622737 -0.20084356 0.03318543 0.12829109 0.035517294 0.004415955 -0.03371437 0.0857386 0.02028691 0.30942613 -0.027195752
37 -0.37700158 -0.10601125 -0.059034318 -0.17882769 -0.23276943 0.28505898 -0.19608636 0.14495024 -0.10557556 -0.056809694 0.16747837 -0.13523044 0.18075389 -0.24794742 0.19806576 -0.19608337 0.13702661 -0.21544355 0.39611194 0.10794978 0.018924354 -0.2750595 -0.3683675 0.15143877 0.19408369 0.21405979 0.013766931 -0.0070369416 -0.22655609 0.04726674 0.41418695 0.06316846
17 -0.3780302 -0.23854049 -0.1812172 -0.18181324 -0.3090064 0.40614083 -0.17148694 0.12561736 -0.072641544 -0.15996566 0.13966227 -0.17015411 0.066028886 -0.18577562 0.07135737 -0.36599922 0.13406146 -0.21675281 0.40563807 -0.06442384 0.05465178 -0.21275687 -0.33902946 0.053763054 0.21587247 0.09325286 0.09670052 0.071341686 -0.07028239 -0.037775036 0.21644662 0.012669676
47 -0.55243045 -0.09091344 0.08667698 -0.13749793 -0.19980977 0.21997717 -0.07756529 0.12117036 -0.04147259 -0.03464231 0.1719978 -0.10777399 0.20559171 -0.35194406 0.28125668 -0.24629071 0.18864751 -0.1950241 0.37717396 0.12726717 0.013616326 -0.18669447 -0.32436383 0.27773094 0.13603865 0.29284343 -0.08602469 -0.07416305 -0.3943941 0.024830611 0.45691875 0.13173473
100 -0.36766833 -0.15938342 -0.0811751 -0.16410832 -0.30317962 0.37652215 -0.15531416 0.11534175 -0.12702325 -0.17172873 0.1452589 -0.19392683 0.12756519 -0.20154285 0.1287029 -0.29694346 0.1263406 -0.1663562 0.3824627 0.01646383 0.0058213687 -0.24975058 -0.32864666 0.097929575 0.21233079 0.14955191 0.056480214 0.047832176 -0.13710904 -0.016617494 0.23884884 -0.011730625
97 -0.2757706 -0.16120194 -0.17316887 -0.18980652 -0.32888037 0.42928174 -0.11476021 -0.010834979 -0.30527383 -0.18071595 0.08314049 -0.15020049 0.13142973 -0.15101741 0.053440493 -0.38019058 0.124663144 -0.13457157 0.33747396 0.030961042 -0.05699643 -0.24279526 -0.31826547 0.081357375 0.18842864 0.071770154 0.05317965 0.010111847 0.043104976 0.014164957 0.36194646 -0.03420901
83 -0.3679636 -0.14722987 -0.18930808 -0.13254796 -0.23786327 0.39040965 -0.17408258 0.20661552 -0.19060388 -0.13492279 0.16169159 -0.23942144 0.06506799 -0.24821341 0.23435536 -0.2599627 0.21581513 -0.18931022 0.286167 -0.030540673 0.058433548 -0.11477808 -0.32442594 0.14151019 0.21290377 0.055986516 0.087162234 0.12830386 -0.16899036 -0.032042228 0.29717714 0.019529369
64 -0.31056622 -0.13382363 -0.25398332 -0.17776789 -0.28884527 0.41648608 -0.17484806 0.18710835 -0.22213186 -0.17949651 0.1420921 -0.2555246 0.042785205 -0.1618609 0.14279357 -0.31271505 0.1855939 -0.17197065 0.3120004 -0.07713382 0.05605993 -0.10407058 -0.32132387 0.11306317 0.20830797 0.0058754794 0.09470319 0.13455607 -0.0892292 -0.037106473 0.26955867 -0.017658604
56 -0.4413876 -0.1538899 0.026751887 -0.16987705 -0.23263443 0.29961228 -0.05765726 0.06615953 -0.18185508 -0.10993429 0.14342828 -0.14923598 0.25999656 -0.25270265 0.24144478 -0.28766468 0.11149048 -0.12771139 0.30429083 0.10727201 -0.008855385 -0.2444149 -0.2695424 0.2290866 0.11329744 0.2202797 -0.065139435 -0.1315474 -0.24614252 0.04968835 0.43368983 0.10458009
53 -0.3861644 -0.024029886 -0.008475315 -0.14047721 -0.25738665 0.2727069 -0.15233338 0.13487834 -0.14030664 -0.13325879 0.19586745 -0.15323515 0.2020293 -0.2694212 0.17070636 -0.23265743 0.18262154 -0.19161624 0.34944808 0.06308205 0.025254557 -0.25758183 -0.3303797 0.18156709 0.1736269 0.17418183 0.05325595 0.046581455 -0.26985785 -0.0155047765 0.4170384 0.09038548
40 -0.50839996 -0.07186249 0.09426123 -0.12482142 -0.21289526 0.24971959 -0.023598922 0.08408676 -0.17398804 -0.06896308 0.215599 -0.12826172 0.3218911 -0.35244063 0.3209728 -0.26022318 0.1978 -0.1609391 0.27135944 0.137345 -0.04674213 -0.21310188 -0.25180298 0.28516686 0.10337002 0.28752482 -0.10660791 -0.15666579 -0.36823684 0.033472788 0.52406675 0.17391415
32 -0.28322616 -0.26829773 -0.13463193 -0.21057382 -0.35282862 0.40740037 -0.15527116 0.04542781 -0.1820464 -0.145518 0.13637131 -0.16944984 0.04499374 -0.15169236 0.07372399 -0.36156052 0.06693261 -0.1998095 0.34222734 -0.014736584 0.01598527 -0.29699388 -0.3177282 0.06806385 0.21329466 0.11087681 0.111560956 0.033832457 0.0069802455 0.015244395 0.21644261 0.00029896043
85 -0.29738212 -0.2598151 -0.23697253 -0.16949123 -0.3497302 0.47221997 -0.16119027 0.12004962 -0.17394337 -0.1687741 0.104518615 -0.21409208 -0.0020072802 -0.1196223 0.14209327 -0.40171552 0.14866993 -0.17926633 0.33901775 -0.06872988 0.06662675 -0.17807458 -0.34228843 0.051323347 0.2158023 0.01777403 0.09088962 0.10817335 -0.014564766 -0.058462977 0.21273181 -0.036752135
79 -0.37954038 -0.11713027 -0.013298158 -0.17069605 -0.26009858 0.2975978 -0.1206223 0.113767795 -0.17671745 -0.13303293 0.20574778 -0.1528798 0.18453234 -0.26854458 0.19684784 -0.23592493 0.16032423 -0.21098718 0.34047577 0.031161886 0.052285135 -0.26952782 -0.36232206 0.18639395 0.16679262 0.19162251 0.019879045 -0.016086655 -0.23915546 0.015923645 0.3921439 0.1198501
94 -0.36142907 -0.120321274 -0.27522847 -0.096093565 -0.2359968 0.44505578 -0.13901632 0.25481135 -0.29279038 -0.19710088 0.12848902 -0.33880574 0.055395074 -0.268789 0.25828734 -0.28198165 0.26411724 -0.184371 0.24986044 -0.073454075 0.102692336 0.018406412 -0.25876805 0.10574094 0.22081108 -0.02162323 0.072819866 0.22076327 -0.12649454 -0.0683639 0.29184973 -0.021332355
93 -0.34335127 -0.1738192 -0.23493403 -0.17799984 -0.28933385 0.39995822 -0.180994 0.17645139 -0.15091024 -0.13154392 0.15024458 -0.19096263 0.051391672 -0.22663508 0.10248777 -0.2921567 0.17923495 -0.18979712 0.327765 -0.06117541 0.07103959 -0.16987814 -0.3643544 0.08044617 0.22031206 0.028261978 0.12682164 0.11256442 -0.09133508 -0.012584724 0.2387627 -0.0037014629
4 -0.25734654 -0.10106249 -0.119747564 -0.14620282 -0.31154045 0.42531794 -0.03860508 -0.1275255 -0.54834956 -0.18366916 0.08124319 -0.17234239 0.25046113 -0.13432 0.17050844 -0.49894005 0.15939319 -0.0601235 0.20723343 0.0648901 -0.15220398 -0.24767044 -0.17899239 0.07186447 0.109692276 0.066666454 -0.02700039 -0.14866625 0.05692849 0.044998515 0.4759668 0.039666515
28 -0.29183936 -0.2153742 -0.20201938 -0.21879771 -0.30814782 0.38394338 -0.23668468 0.13554204 -0.09695316 -0.06645607 0.16509636 -0.13857631 0.0027049892 -0.17557693 0.079570405 -0.21487801 0.06721436 -0.21388568 0.4120831 0.017284635 0.053251296 -0.3294957 -0.41174266 0.08536977 0.2531976 0.10400091 0.16520245 0.07840181 -0.093429886 -0.0080245845 0.24622166 0.012821148
6 -0.24927205 -0.2835196 -0.24198286 -0.24049117 -0.38287193 0.4448371 -0.20929755 0.06357568 -0.14035478 -0.16692734 0.13771577 -0.15374354 -0.0384311 -0.07850399 0.0018877733 -0.39788112 0.07965136 -0.22527233 0.42075393 -0.07408872 0.057748802 -0.29813012 -0.39934358 0.0019454338 0.24143204 0.0019799224 0.20278864 0.15396535 0.05301202 -0.05261815 0.1381658 -0.04538759
91 -0.233265 -0.13459758 -0.19644275 -0.17372853 -0.33566839 0.46392587 -0.072004065 -0.08673185 -0.5175623 -0.21069449 0.07870187 -0.20969816 0.17064564 -0.06135534 0.11506862 -0.5393725 0.14905806 -0.10044282 0.22687367 -0.011579587 -0.11250836 -0.24615201 -0.17499562 0.013125397 0.14882055 0.014812646 0.01729083 -0.09811869 0.10325086 0.04795035 0.33700752 -0.021914797
38 -0.29896697 -0.20058642 -0.13945226 -0.23665388 -0.3383952 0.40020016 -0.18145436 0.071604304 -0.17645752 -0.116975 0.14871475 -0.11838427 0.06284022 -0.15463842 0.08895354 -0.38589802 0.11494162 -0.19592176 0.36060524 0.009890008 -0.0023215138 -0.2851718 -0.33356622 0.09669683 0.18037635 0.06990635 0.09077697 0.011987011 -0.042066067 0.027408753 0.25546536 0.029373273
7 -0.2502571 -0.2297993 -0.24732906 -0.21950622 -0.35283682 0.4496537 -0.20681797 0.11873286 -0.19190525 -0.18493196 0.1260751 -0.20885797 0.0054125935 -0.12716702 0.07477284 -0.33785197 0.11523238 -0.24755546 0.2978259 -0.09455206 0.072636224 -0.23190618 -0.37050375 0.026040258 0.19472498 0.003056053 0.1350127 0.1498855 0.03298211 -0.034037385 0.20127988 -0.015993895
39 -0.39793482 -0.0945307 -0.07811042 -0.10884817 -0.2646096 0.32321587 -0.11891597 0.115094624 -0.18655159 -0.10129735 0.18141189 -0.16727522 0.16232999 -0.3066585 0.19603667 -0.278849 0.18708706 -0.1601537 0.32959187 0.04002307 0.004570473 -0.18136632 -0.2974946 0.18389565 0.16788884 0.13902628 -0.0028545426 -0.05246701 -0.230283 0.033940636 0.38096556 0.08036666
118 -0.29876694 -0.13077004 -0.17378837 -0.1828487 -0.31319 0.40853837 -0.10396728 -0.054161355 -0.33758888 -0.117334686 0.1469719 -0.15968409 0.1936181 -0.12765211 0.1074746 -0.42364216 0.118094444 -0.11805219 0.27669388 0.023978913 -0.11106312 -0.2878577 -0.24378085 0.101655304 0.13896488 0.074069336 0.05417235 -0.08933331 0.06140053 0.09843351 0.3734136 0.030390859
29 -0.23355371 -0.18603106 -0.16673924 -0.21441907 -0.36719593 0.38561347 -0.22836511 0.13095891 -0.07195088 -0.1761235 0.15716472 -0.16034155 0.048929226 -0.15800953 0.012342845 -0.26090375 0.13269189 -0.26821092 0.40280327 -0.068620846 0.10034408 -0.2826178 -0.4083779 0.07712091 0.24789552 0.04622359 0.2016572 0.14110865 -0.04825389 -0.029871436 0.23434904 -0.017879017
25 -0.23961096 -0.26638845 -0.29233053 -0.24904092 -0.35732168 0.47558254 -0.24061742 0.09999011 -0.14927846 -0.16608146 0.12414499 -0.17687918 -0.033304434 -0.09978568 0.029967934 -0.303292 0.11399361 -0.23757084 0.3784457 -0.09381145 0.08375483 -0.2467104 -0.43329835 -0.00044437582 0.234682 -0.008827784 0.22171478 0.15229182 0.059995677 -0.05890271 0.16106988 -0.07173823
90 -0.34461465 -0.084431864 -0.21709983 -0.13881648 -0.27769712 0.3888655 -0.15898466 0.10372283 -0.23930492 -0.12330793 0.18406914 -0.20384046 0.1547682 -0.2072466 0.14892244 -0.23268428 0.151302 -0.12950365 0.34807163 0.051376116 0.022958914 -0.22288848 -0.31068066 0.13772811 0.21094877 0.06630273 0.061524853 0.035962332 -0.050746568 0.019061105 0.36482424 0.018011903
30 -0.40301943 -0.07898788 -0.027926723 -0.15780309 -0.26160127 0.30749407 -0.09192899 0.048441425 -0.19421153 -0.08194291 0.18454151 -0.12778828 0.24083947 -0.24156682 0.18925178 -0.26741186 0.14891547 -0.16894105 0.3506196 0.104925424 -0.048102744 -0.26707715 -0.31534618 0.18646519 0.13637564 0.19544727 -0.025240336 -0.10050078 -0.23147884 0.041203596 0.40871876 0.097139485
43 -0.45099744 -0.022084627 0.03903073 -0.12098435 -0.20647784 0.26321885 -0.11999099 0.15783899 -0.10188374 -0.05050638 0.21539666 -0.15425053 0.28830156 -0.3647343 0.24741916 -0.1773208 0.14771433 -0.18220973 0.402217 0.16891463 0.019621236 -0.21976879 -0.3394824 0.26557904 0.17285198 0.2830254 -0.038046684 -0.11215241 -0.3199639 0.07296842 0.45584777 0.09747224
51 -0.36117393 -0.18326318 -0.043288372 -0.16672681 -0.2896982 0.37726688 -0.13526319 0.14143814 -0.1698594 -0.097115815 0.15060702 -0.1461567 0.11116923 -0.22498907 0.21579023 -0.30664572 0.17130855 -0.15667275 0.297055 0.025839547 -0.018058829 -0.25107002 -0.32075587 0.15680526 0.18767677 0.13485171 0.06275407 0.004401119 -0.19346339 0.009272043 0.27926615 0.067287825
52 -0.44980544 -0.009937766 -0.023413273 -0.09272296 -0.19063589 0.30431828 -0.03697644 0.0918286 -0.2648083 -0.08766177 0.1690021 -0.14943197 0.30230927 -0.32584763 0.31472826 -0.22480373 0.21001862 -0.10648512 0.27977884 0.114616066 -0.03100936 -0.16524187 -0.22965401 0.23367253 0.13939181 0.24287172 -0.12418072 -0.13319753 -0.31596482 0.03222385 0.5753412 0.12055753
15 -0.310137 -0.29128924 -0.12324805 -0.25936416 -0.36067203 0.39847547 -0.21823247 0.11475181 -0.07554924 -0.12683244 0.12580486 -0.11278191 -0.0063638305 -0.1665743 0.06115375 -0.32745257 0.042724676 -0.26266986 0.4147417 0.021086603 0.056273192 -0.34275198 -0.37231782 0.0874842 0.22621287 0.10818943 0.11343491 0.043673567 -0.06601742 -0.025559807 0.17495264 0.011953374
24 -0.2662092 -0.2536949 -0.24161059 -0.17963468 -0.37416926 0.46311176 -0.1691141 0.045124695 -0.22072677 -0.14365104 0.11437894 -0.20496158 0.018886624 -0.1465049 0.09823725 -0.406672 0.14531945 -0.19217193 0.31823382 -0.08143343 0.03177961 -0.24816962 -0.32335645 0.026910825 0.19974019 0.01357273 0.10074355 0.043579355 0.017983116 0.017538376 0.20538166 -0.03572657
80 -0.28660873 -0.17587228 -0.25924835 -0.115890525 -0.30359152 0.4662313 -0.14341013 0.1383993 -0.33590907 -0.20192835 0.15880007 -0.31250143 0.075787425 -0.15220267 0.18501462 -0.32877824 0.22688456 -0.16301188 0.24611852 -0.06589676 0.09575225 -0.14214118 -0.26283956 0.09453571 0.18708913 -0.010527757 0.10544087 0.121984124 -0.03948546 -0.03324495 0.2585761 -0.025012456
16 -0.25078142 -0.27602023 -0.18120956 -0.25471914 -0.3614417 0.4582739 -0.17288595 0.007997004 -0.18781354 -0.18001267 0.08377286 -0.14707746 0.01978934 -0.06565161 0.046927724 -0.3951739 0.06518305 -0.19343658 0.35978472 -0.037584506 0.009229519 -0.27954122 -0.3592479 0.06190569 0.18603504 0.0329143 0.14011495 0.07253243 0.07132021 -0.022439834 0.22109878 -0.046065
81 -0.3786733 -0.098699324 -0.17508824 -0.121115096 -0.25393534 0.34755793 -0.2380228 0.30118537 -0.11320388 -0.11618928 0.16780175 -0.24612358 0.0544946 -0.29603976 0.26491168 -0.1627214 0.20770188 -0.19589305 0.275279 -0.03354993 0.15596303 -0.1357107 -0.40165916 0.19234003 0.24362552 0.117405765 0.07586301 0.1467835 -0.27017376 -0.059421763 0.33919892 0.0414731
2 -0.21258791 -0.3362146 -0.2436755 -0.29376134 -0.4096874 0.5142646 -0.27406552 0.0581844 -0.16342884 -0.21293515 0.059194494 -0.12634616 -0.061560653 -0.077870354 -0.01759991 -0.43919373 0.07797297 -0.22944726 0.3385918 -0.10382413 -0.004667164 -0.32277447 -0.3799926 -0.055301715 0.25484464 -0.032755036 0.2155034 0.14421359 0.11708295 -0.04238932 0.0665447 -0.057046074
127 -0.28891766 -0.14121279 -0.16282184 -0.1848563 -0.33889228 0.40613332 -0.15542069 0.050524905 -0.29594785 -0.18362464 0.100693464 -0.1624322 0.09175019 -0.15387686 0.08741993 -0.37448028 0.15462565 -0.17332351 0.31725204 -0.0289499 -0.006891671 -0.26034334 -0.2688345 0.03351633 0.17118843 0.059439257 0.1113556 0.04713758 -0.032955628 -0.00015001194 0.29865146 -0.010345626
71 -0.34064743 -0.11907052 -0.10615815 -0.09790663 -0.24865186 0.3804457 -0.17396343 0.15227462 -0.19866669 -0.12705098 0.18004636 -0.22388707 0.10421722 -0.27453056 0.25000116 -0.27011335 0.16580375 -0.15791325 0.27929574 -0.0053994656 0.060918164 -0.17875056 -0.34281427 0.18652293 0.1884113 0.12385756 0.03362828 0.078010075 -0.20867004 -0.034222033 0.33740252 0.04430768
27 -0.30610147 -0.13614038 -0.11091926 -0.18775646 -0.31014296 0.33987486 -0.13617378 0.002950689 -0.17528653 -0.1393546 0.16530418 -0.13646159 0.14817135 -0.18885595 0.05059252 -0.3311087 0.119614184 -0.19092028 0.4178735 0.022363137 -0.009652837 -0.2892432 -0.32427457 0.1290407 0.19215946 0.11326135 0.09201017 -0.01125798 -0.06264182 0.039518945 0.35058585 -0.009335636
44 -0.49949184 -0.108232334 0.055633355 -0.10552464 -0.21891099 0.2962933 -0.040548746 0.07172623 -0.12881045 -0.030790176 0.2130459 -0.09662818 0.28560796 -0.30102625 0.2495182 -0.27807143 0.15501077 -0.12359164 0.31589222 0.13587108 -0.071263686 -0.26105374 -0.28066155 0.28057873 0.112097986 0.27701426 -0.107779 -0.19963288 -0.2891454 0.076725736 0.49994192 0.15067331
70 -0.41387504 -0.1087175 -0.17252304 -0.1307971 -0.2831071 0.3770978 -0.1309304 0.14736079 -0.25651744 -0.1318951 0.09737185 -0.26901612 0.14680374 -0.21955386 0.26249143 -0.33699092 0.2024086 -0.14060146 0.24081035 -0.0035069562 0.01297001 -0.10270146 -0.23498374 0.12288988 0.1836217 0.093678586 -0.008391523 0.10299066 -0.1331559 -0.014650744 0.3507297 0.0022025534
59 -0.44006518 -0.112247095 0.013835079 -0.14343004 -0.21499357 0.30934876 -0.10445288 0.14725721 -0.1566988 -0.079649076 0.20671989 -0.13197538 0.24931109 -0.30298427 0.2406692 -0.25372902 0.15736134 -0.19000997 0.2892318 0.064799294 0.0066564763 -0.24415009 -0.30549794 0.2277896 0.13549884 0.22597101 -0.019095767 -0.07710566 -0.27009353 0.0499307 0.4080706 0.11554855
84 -0.26658934 -0.1694898 -0.26602656 -0.11917132 -0.2855573 0.48928162 -0.11710833 0.056014087 -0.40150708 -0.21074007 0.13056222 -0.30179578 0.06338646 -0.122031026 0.21059893 -0.38289288 0.20756468 -0.118689775 0.2218953 -0.07531312 -0.007672465 -0.14037211 -0.24618064 0.06156023 0.20518799 -0.028647458 0.07175373 0.07855153 -0.002910884 -0.03913724 0.29659766 -0.008396503
34 -0.43117055 -0.045273386 -0.07763397 -0.11596162 -0.25582913 0.33568865 -0.104615234 0.14324485 -0.22108504 -0.11550042 0.17731427 -0.25041047 0.19721852 -0.28065294 0.23620276 -0.27680573 0.1995867 -0.15729451 0.32566547 0.04587135 -0.0021379984 -0.11351678 -0.27678737 0.17508456 0.16516268 0.16987674 -0.07574555 0.029075675 -0.24728562 -0.0043906765 0.41157317 0.039782394
125 -0.35031363 -0.28153178 -0.1722516 -0.19421192 -0.33691084 0.4236225 -0.16627572 0.104178816 -0.11299819 -0.15608 0.08857538 -0.15698881 0.015971096 -0.1210468 0.07083124 -0.41388944 0.11001362 -0.18987088 0.34951684 -0.040524215 0.026244493 -0.24527845 -0.30924278 0.052241214 0.1970344 0.06703584 0.10098363 0.07948188 -0.011387199 -0.03355889 0.23194285 -0.025991784
121 -0.31063545 -0.12411584 -0.1650546 -0.1700066 -0.29690552 0.4413421 -0.096155345 -0.050496288 -0.4387271 -0.21212396 0.08503183 -0.19939765 0.1980062 -0.09629375 0.1385888 -0.50312537 0.19522989 -0.13184845 0.24635601 -0.012236251 -0.13478975 -0.1824409 -0.15955417 0.052963708 0.11259193 0.025197763 -0.006368465 -0.045490615 0.039735474 0.07843138 0.40874022 -0.00070003053
12 -0.36037287 -0.30520487 -0.18947971 -0.26667324 -0.35242468 0.43796697 -0.23630644 0.15372774 0.08413797 -0.13642366 0.10284312 -0.13787638 -0.081754155 -0.14875762 0.0724928 -0.32694197 0.12910344 -0.2752098 0.42592162 -0.07614528 0.062167536 -0.22150579 -0.4358153 0.0509832 0.23688073 0.05019746 0.17351025 0.18192157 -0.09372635 -0.040530823 0.09497384 -0.04689845
73 -0.25174078 -0.22826213 -0.19868448 -0.23432596 -0.35857522 0.35156944 -0.24599928 0.17014378 -0.051044 -0.09937343 0.18088414 -0.14441507 0.008042977 -0.18244296 0.036409035 -0.21621123 0.100839905 -0.30462754 0.41314113 -0.038721606 0.1359921 -0.34668085 -0.4711702 0.07678027 0.24600668 0.09001536 0.20799474 0.13511783 -0.06258894 -0.021154987 0.21997231 0.025894672
67 -0.20168266 -0.11196978 -0.19080424 -0.17893694 -0.35323098 0.47671697 -0.042847052 -0.18414347 -0.6140569 -0.23530816 0.037455212 -0.16534124 0.24740383 -0.019720726 0.066953 -0.6546422 0.17025615 -0.05430411 0.21865019 0.0141487755 -0.22654954 -0.2319954 -0.12266795 0.030275866 0.10081078 -0.00932504 -0.00065058604 -0.13138297 0.21783307 0.10291385 0.44913265 -0.06421884
42 -0.45697019 -0.07213113 -0.03267851 -0.12633502 -0.20398182 0.27481142 -0.09574865 0.1237028 -0.12078837 -0.038744282 0.20001878 -0.14210902 0.23515439 -0.30126593 0.18970177 -0.23959592 0.12611005 -0.18154943 0.37706798 0.12379581 0.023717577 -0.2479412 -0.3192407 0.20641166 0.17165068 0.26421535 -0.03723931 -0.063787356 -0.2782961 0.08188505 0.46294588 0.07763026
104 -0.25265995 -0.18633941 -0.17933017 -0.18970318 -0.34399533 0.50364584 -0.08042185 -0.09037807 -0.5201266 -0.24451056 0.015335162 -0.19968306 0.14778325 -0.051002197 0.15004201 -0.60136867 0.13426675 -0.114740185 0.1819944 -0.056565817 -0.09020654 -0.22961737 -0.11825749 0.011189123 0.10880796 0.016297845 -0.0034769184 -0.074102305 0.12550466 0.022313695 0.31932417 -0.05974837
76 -0.34231412 -0.11631999 -0.1725335 -0.111664355 -0.2687705 0.368694 -0.16272323 0.23562516 -0.24066967 -0.12358835 0.1732458 -0.284633 0.12757574 -0.22538579 0.2654595 -0.21263643 0.17236918 -0.16990843 0.2784249 -0.029177207 0.06588347 -0.13949084 -0.32115927 0.13569212 0.2152647 0.09044421 0.036821432 0.10912823 -0.16256781 -0.013433642 0.32327884 0.053862095
122 -0.29563606 -0.15968385 -0.25540167 -0.13054557 -0.2692038 0.42753226 -0.16208144 0.13545391 -0.34401956 -0.15916687 0.13636701 -0.32906866 0.11779552 -0.15718608 0.23445003 -0.29626012 0.23227845 -0.15039732 0.20120023 -0.07037773 0.05967057 -0.12615146 -0.23962256 0.13984154 0.19673356 -0.0045129326 0.057481684 0.13061358 -0.04061775 -0.0029090066 0.32925463 0.00085302145
36 -0.42659083 -0.062079504 0.0073226434 -0.15951326 -0.21108931 0.2571229 -0.07332102 0.04422584 -0.21468997 -0.08337973 0.21106632 -0.117049 0.26579097 -0.25596666 0.1897462 -0.31669042 0.18036623 -0.1924794 0.3775796 0.11152973 -0.0738743 -0.26055142 -0.3047813 0.16550922 0.13542433 0.22546303 -0.0473135 -0.066255555 -0.21368372 0.077477716 0.4636298 0.08853092
115 -0.25478432 -0.2187304 -0.20603143 -0.1461865 -0.37997156 0.49148786 -0.04259009 -0.07934481 -0.55810165 -0.2754924 0.049897775 -0.24487066 0.15937346 -0.04801167 0.16730797 -0.62997335 0.15346883 -0.06754585 0.17861055 -0.06682273 -0.10604463 -0.23101026 -0.095526375 -0.014480394 0.124797866 0.007760116 -0.021029009 -0.1147115 0.11206403 0.0096645225 0.287052 -0.041757043
21 -0.30908448 -0.36584783 -0.20273478 -0.32754785 -0.39484194 0.45746726 -0.24944119 0.08685548 0.012951303 -0.1527792 0.073376924 -0.06556262 -0.080599956 -0.07668942 0.00026573148 -0.412799 0.063652605 -0.27018356 0.4363625 -0.11483183 0.018261006 -0.33730763 -0.41091257 0.019214828 0.23297043 0.024385607 0.22749647 0.13660009 -0.0016886445 0.00065749016 0.045605786 -0.03422653
124 -0.33034232 -0.0741265 -0.09001954 -0.1393673 -0.29970405 0.37063748 -0.06993302 0.01276075 -0.34188586 -0.17997946 0.1416492 -0.17222166 0.22576503 -0.2357845 0.17297609 -0.39134073 0.1809974 -0.15133588 0.25310594 0.037885606 -0.049354196 -0.21166617 -0.23008823 0.11652886 0.109276086 0.13769756 -0.030841785 -0.07309565 -0.08106392 0.02578279 0.4273137 0.06268428
107 -0.31376287 -0.13854612 -0.19370906 -0.12190582 -0.26713818 0.39864308 -0.10568755 0.108254135 -0.34089467 -0.19245014 0.15617962 -0.28090638 0.1272591 -0.16305585 0.22051828 -0.3220192 0.1806554 -0.13255158 0.23659888 0.0012642876 0.047799908 -0.14385937 -0.22931303 0.10698773 0.1868405 0.04193856 0.027585499 0.06440609 -0.081612445 -0.011126379 0.36886457 0.034396447
69 -0.32575417 -0.11903997 -0.22900806 -0.11039738 -0.27372995 0.42112175 -0.10844281 0.19983302 -0.32213658 -0.20705894 0.14013119 -0.28462455 0.13489826 -0.22663474 0.20830926 -0.30976096 0.18108763 -0.17384118 0.21039738 -0.0031863574 0.07587155 -0.103789195 -0.25070128 0.14812018 0.19742036 0.0473022 -0.002544594 0.06899736 -0.066080526 0.00864942 0.3214464 -0.0037489089
