128 32
33 -0.1208522 0.16499278 -0.3385975 0.16810001 -0.13465652 -0.31543213 -0.213754 -0.26869717 -0.39586654 -0.08702533 0.15426709 -0.17879418 -0.023504907 0.24275984 0.17477354 -0.17931052 -0.15301895 -0.08009032 -0.032050874 -0.3694519 -0.03565125 -0.20520477 0.17098947 0.19260146 -0.12965757 -0.1350054 0.11064619 0.21248509 -0.12408828 0.28671274 0.17616922 0.47018972
123 -0.1522813 0.19457208 -0.3590277 0.105302624 -0.20307094 -0.3310353 -0.17821474 -0.25930074 -0.49115497 -0.059734296 0.18641908 -0.187933 0.021074314 0.23816366 0.17309903 -0.096992694 -0.17302875 -0.05636338 -0.036508277 -0.39238364 -0.059670746 -0.16485193 0.19758049 0.19970314 -0.1020918 -0.136259 0.09873627 0.26955715 -0.11465691 0.30712333 0.22471035 0.5387245
73 0.11016895 0.0052714455 -0.24468575 0.2530498 0.13425255 -0.11194484 -0.35647494 -0.14663485 -0.24112739 0.12486406 0.17682172 -0.14117013 -0.2347928 0.1900025 0.35911676 -0.3637622 -0.097251944 -0.18434915 0.11155113 -0.2779558 -0.015758738 -0.39048785 0.04727744 0.16193964 0.045201775 -0.17045037 0.12323507 0.08876977 -0.23774712 0.2635541 0.16328268 0.30600333
29 0.089597106 -0.012189102 -0.17740488 0.23799586 0.07394261 -0.16253887 -0.36186633 -0.18891072 -0.17324424 0.07875385 0.16400988 -0.11220704 -0.23275459 0.18401444 0.38707945 -0.41839755 -0.07001389 -0.15008996 -0.0038857865 -0.30450034 0.016327826 -0.28898945 0.035090555 0.21361044 -0.0028883342 -0.21674281 0.08266727 0.11499035 -0.18463323 0.24755882 0.2080423 0.29065052
103 -0.07699002 0.07099477 -0.27944717 0.16402051 -0.12489816 -0.26330018 -0.20087913 -0.22105521 -0.40109393 0.07133194 0.18108314 -0.13106471 -0.014254832 0.20772332 0.25009835 -0.1702806 -0.13887292 0.0009322718 -0.0324079 -0.3426696 -0.044064015 -0.23613925 0.14709242 0.14633206 -0.00018274318 -0.107035264 0.09267424 0.22669333 -0.14844368 0.32905805 0.21656534 0.5094205
35 0.10792723 0.043299552 -0.16791146 0.20599872 0.01878576 -0.2710968 -0.36209986 -0.20478196 -0.14797054 0.10232398 0.1159518 -0.10666953 -0.18602666 0.20447816 0.3732553 -0.447081 -0.023705207 -0.07023677 -0.13404815 -0.40564469 0.07800647 -0.23348314 0.063832454 0.24947543 -0.041687384 -0.25688967 -0.0865099 0.16590023 -0.1372327 0.25272742 0.26093265 0.2588743
44 0.1873603 0.016020456 -0.16579698 0.22940204 0.08669192 -0.22528832 -0.41780192 -0.1839255 -0.020394795 0.17337203 0.12789792 -0.07164445 -0.23571458 0.19689853 0.42065826 -0.48653823 -0.0070092743 -0.12216123 -0.1764471 -0.35400853 0.097411335 -0.24421062 0.0047059297 0.22104415 -0.0072633014 -0.2970717 -0.14231847 0.1948457 -0.14361016 0.25077042 0.26310644 0.2263059
91 -0.12643056 0.16545261 -0.3396392 0.1316365 -0.100756735 -0.3032699 -0.20527369 -0.23784703 -0.4274046 -0.040678564 0.17501786 -0.20282751 0.022605347 0.1987719 0.20515993 -0.16394629 -0.16567388 -0.05425171 0.0094263265 -0.4134205 -0.053603467 -0.24973322 0.18879524 0.1638485 -0.05686395 -0.09430574 0.1128026 0.22479716 -0.14041652 0.3171792 0.17788754 0.4807952
31 0.0977393 -0.018684361 -0.2039276 0.2571652 0.040512647 -0.10988446 -0.3624546 -0.19378185 -0.1986652 0.10602786 0.19408795 -0.113244794 -0.18356438 0.20938809 0.37012708 -0.32399148 -0.09308336 -0.08763246 0.022349875 -0.26532486 -0.04144457 -0.3114152 0.047410496 0.19870487 0.04749659 -0.17490736 0.10781445 0.11443586 -0.20346232 0.2653702 0.2166037 0.3501526
52 0.09682286 0.043431144 -0.24028014 0.23798636 -0.05346099 -0.31499732 -0.34568655 -0.2240901 -0.11766274 0.075866446 0.13646989 -0.07997854 -0.15879887 0.22317457 0.3527986 -0.4210181 -0.05585643 -0.08971933 -0.18403597 -0.3732288 0.062480323 -0.14543566 0.06602277 0.22179995 -0.07017918 -0.2200847 -0.09778822 0.2080754 -0.11843598 0.24547842 0.26740202 0.30188578
83 0.053493742 -0.15690733 -0.15182626 0.15963809 -0.174225 0.028372414 -0.18710297 -0.24160506 -0.36981648 0.21183117 0.25416908 -0.15611845 -0.01837049 0.32161385 0.33518618 -0.16063815 -0.13937145 0.07389452 -0.083925195 -0.14800659 -0.16762288 -0.24733151 -0.059004825 0.13050339 0.12313867 -0.12603408 0.11563397 0.119279325 -0.20876259 0.22430052 0.34181243 0.63299596
2 0.054610733 -0.015914677 -0.24448751 0.25396368 -0.010800424 -0.17174107 -0.2801611 -0.17478327 -0.28375357 0.09134073 0.19695695 -0.085946605 -0.18813188 0.2518453 0.3194803 -0.2731824 -0.13645862 -0.13757527 0.004726996 -0.22884275 -0.037944093 -0.23659748 0.04338296 0.14645876 -0.023500163 -0.18855467 0.111080006 0.11087159 -0.2359939 0.24953523 0.23655365 0.43098122
1 0.0036853321 0.047805082 -0.2699118 0.2305224 0.022432528 -0.2096284 -0.32347634 -0.22336683 -0.24511477 0.024434803 0.14607786 -0.14216813 -0.18986368 0.23309214 0.25836802 -0.33113083 -0.09321939 -0.16534176 0.04746304 -0.31655172 0.021912588 -0.29701176 0.07816902 0.16545217 -0.06657395 -0.18901604 0.07232736 0.12699805 -0.19263813 0.28310686 0.20883046 0.38425547
116 0.009803521 -0.007205718 -0.30303925 0.218754 -0.009686243 -0.13563262 -0.2484111 -0.205806 -0.3376583 0.116098575 0.17451318 -0.16098087 -0.038845725 0.26095948 0.25906125 -0.24372222 -0.100918815 -0.057959516 0.11082866 -0.30969924 -0.041729473 -0.33012614 0.10536037 0.12671465 0.03745281 -0.052504074 0.14197055 0.1803901 -0.15356942 0.30539545 0.1687032 0.5039426
93 0.05012466 -0.18386427 -0.16224074 0.18529801 -0.17041738 0.0832937 -0.17704238 -0.21014372 -0.39350337 0.23398297 0.22632244 -0.12542939 -0.038925074 0.3875018 0.31904703 -0.21871415 -0.19773518 0.04301148 -0.02254275 -0.11366939 -0.20711964 -0.2277331 -0.06872106 0.09133452 0.11669516 -0.1498242 0.050268672 0.09199578 -0.21887589 0.20364593 0.3919414 0.6082413
11 -0.07082905 0.15477249 -0.33433843 0.14793928 -0.027972415 -0.34210658 -0.27909702 -0.20013088 -0.3453266 -0.0037899811 0.13019277 -0.13149852 -0.041246004 0.16376027 0.26095948 -0.2455558 -0.13678999 -0.074818805 -0.007885742 -0.42402294 -0.010503533 -0.27585205 0.19451295 0.17084436 -0.03265741 -0.11541946 0.09084951 0.2365427 -0.13250661 0.34295914 0.16354764 0.40393093
30 0.15987562 0.104877874 -0.18944263 0.20984097 0.038835112 -0.34651527 -0.4198062 -0.1839297 -0.054418694 0.13579145 0.09676133 -0.10156196 -0.20463212 0.19711623 0.36764836 -0.521871 -0.008494104 -0.122602716 -0.22132133 -0.45946756 0.12178423 -0.1550193 0.075480394 0.19047944 -0.094150886 -0.30158222 -0.20271838 0.22595476 -0.09923488 0.24495377 0.2901169 0.19291864
75 0.06991998 -0.15235943 -0.20112935 0.23768277 -0.11475379 0.008804437 -0.24044909 -0.177798 -0.27451304 0.22720635 0.1772397 -0.13132778 -0.07532195 0.31989586 0.33684304 -0.23682815 -0.08584565 0.08849224 -0.105745785 -0.18726419 -0.113038234 -0.2351981 -0.044265214 0.10266186 0.12810552 -0.1559553 0.043957 0.13342537 -0.1973518 0.21582368 0.35269955 0.59594053
61 0.0796101 -0.03411632 -0.19881049 0.25971994 0.049443293 -0.1804307 -0.35280487 -0.18482052 -0.2608255 0.076579414 0.1826584 -0.08830651 -0.20976654 0.22065961 0.36163402 -0.37310657 -0.11139797 -0.18062341 0.051170826 -0.24604061 -0.01738281 -0.24714664 0.025132367 0.20663197 -0.06426309 -0.22472952 0.047510277 0.089402035 -0.22641394 0.27373356 0.23100944 0.30475274
3 0.11108768 0.050743718 -0.18144861 0.24851134 0.014343736 -0.16576771 -0.358321 -0.22740622 -0.2032177 0.0708084 0.16726059 -0.107454926 -0.15472738 0.23062408 0.38356957 -0.33489951 -0.06436705 -0.12534106 0.036864262 -0.31280318 0.014000599 -0.22152467 0.05092435 0.22783528 -0.012122283 -0.19710228 0.0138207255 0.14820403 -0.16986011 0.21469776 0.22960393 0.33566844
28 0.032785833 0.070371345 -0.24168266 0.22410381 0.045456562 -0.23003784 -0.29867217 -0.16866264 -0.31446627 0.07853829 0.16258122 -0.13868116 -0.124316335 0.20541519 0.33782342 -0.29214245 -0.115883395 -0.13440862 0.049709592 -0.29530647 -0.021917872 -0.3018956 0.07273426 0.13283458 -0.029623508 -0.1776587 0.09096823 0.14286065 -0.1677516 0.27495003 0.19853483 0.31680042
97 -0.060289394 0.087447904 -0.20964052 0.06800662 -0.08946669 -0.21343356 -0.22133791 -0.2624474 -0.38917395 0.084589586 0.16976297 -0.15810825 0.020264894 0.20551798 0.29183006 -0.1630656 -0.17423452 -0.0017107724 -0.054080185 -0.3062688 -0.064932644 -0.22474737 0.0672913 0.1870406 0.008353911 -0.17170423 0.071662016 0.17149198 -0.15347482 0.2967216 0.28234446 0.46476412
95 0.08407289 -0.11353507 -0.14586714 0.16706817 -0.053680655 0.059483144 -0.24932365 -0.1560274 -0.36364865 0.24237262 0.21822008 -0.11232728 -0.09719968 0.31678462 0.41310114 -0.26331568 -0.18692274 -0.020337941 -0.04404831 -0.11257791 -0.14472437 -0.2486742 -0.076507576 0.0858665 0.15568994 -0.19541314 0.058248468 0.04489916 -0.23516434 0.24014059 0.35334933 0.50696117
78 0.10556458 0.028318642 -0.20790865 0.17171077 0.07184964 -0.23763335 -0.36514914 -0.20856197 -0.1716059 0.11036253 0.1256212 -0.09335963 -0.13747948 0.1643186 0.3738444 -0.4206013 -0.051522646 -0.09243592 -0.056904003 -0.36385143 0.070262425 -0.2617482 0.07922 0.17205243 -0.016881114 -0.21265471 -0.07063695 0.20830058 -0.13865101 0.27998233 0.2288892 0.29327422
34 0.102334775 -0.0188148 -0.15491681 0.17749384 0.030158805 -0.2010257 -0.35078967 -0.25432473 -0.19273277 0.1196974 0.17631271 -0.10950745 -0.12692079 0.26070672 0.401105 -0.4490208 -0.08555141 -0.10544625 -0.07585198 -0.32153094 0.057112142 -0.21588415 0.007351449 0.18212913 -0.017593479 -0.24241278 -0.10694774 0.1689221 -0.10956301 0.23831102 0.28026205 0.28948745
99 -0.1714377 0.1780811 -0.36925605 0.06879627 -0.21345717 -0.36253467 -0.17928158 -0.25711206 -0.48983854 -0.07621214 0.14168431 -0.21272083 0.08355075 0.24386764 0.12296324 -0.058623563 -0.18634412 0.01893412 -0.05803711 -0.40304822 -0.08418797 -0.22830041 0.21026991 0.18217008 -0.051547747 -0.06359845 0.16080058 0.24777927 -0.13969684 0.31372723 0.20451674 0.56984735
124 -0.10529848 0.11081462 -0.3692574 0.19535841 -0.06617188 -0.27266508 -0.2569064 -0.19887099 -0.37379608 -0.03152746 0.16447587 -0.16980743 -0.050327193 0.22143446 0.21956436 -0.20881957 -0.11695884 -0.06445237 0.06406963 -0.40616173 -0.05488745 -0.28073725 0.19354431 0.16127305 -0.037482325 -0.08137419 0.11925379 0.23943941 -0.11237356 0.32756096 0.1287903 0.43397424
109 -0.19735436 0.23417561 -0.44729578 0.1685951 -0.06475927 -0.41146508 -0.26071024 -0.20828553 -0.46137294 -0.13428536 0.16156417 -0.20159899 0.017285913 0.18030587 0.15978758 -0.107596256 -0.17173746 -0.102203794 0.067442186 -0.46172753 -0.03495785 -0.24930021 0.2631529 0.157285 -0.1260746 -0.08347555 0.20665482 0.26277626 -0.12119559 0.3796051 0.11539684 0.4856563
125 0.06769891 0.0061085657 -0.21361633 0.2623943 0.051368736 -0.10659812 -0.32928613 -0.14399879 -0.26481268 0.07604473 0.15420012 -0.120155714 -0.20098814 0.22387727 0.37415594 -0.3683425 -0.08046469 -0.17662203 0.026442384 -0.2778849 -0.009311514 -0.2929148 0.01156508 0.14734761 -0.0032171346 -0.22436638 0.09034029 0.14606796 -0.17911923 0.24313343 0.22859955 0.36021292
27 0.15847278 0.031422798 -0.13351275 0.2092935 0.0969546 -0.26841348 -0.3978941 -0.2300519 -0.019343218 0.14296347 0.12281462 -0.09386066 -0.23893583 0.20885162 0.4199954 -0.53364116 -0.0057477867 -0.14601807 -0.14681068 -0.40836984 0.12308512 -0.1927425 0.031277657 0.22652946 -0.06498174 -0.28983808 -0.1805575 0.20501985 -0.11906998 0.2227771 0.24328965 0.19650312
56 0.105901845 0.061704583 -0.21906066 0.2110443 0.070377916 -0.33958754 -0.39024153 -0.1845817 -0.12574638 0.107956275 0.09442448 -0.09837442 -0.17286125 0.14579372 0.36733603 -0.429825 -0.027588846 -0.1166895 -0.13170902 -0.41745758 0.098384134 -0.23652455 0.09914314 0.20576428 -0.075220205 -0.21909186 -0.047742274 0.20825617 -0.14762779 0.29613492 0.2167301 0.24097103
13 0.103123955 -0.0040393337 -0.21860437 0.22936277 0.08041312 -0.09046701 -0.36998653 -0.13536403 -0.25127953 0.13628465 0.16336496 -0.1598394 -0.20444536 0.21346252 0.40349135 -0.29266682 -0.102613606 -0.14587323 0.072319195 -0.23246415 -0.075494856 -0.3717988 0.008342808 0.1553403 0.092480585 -0.19816731 0.12937254 0.10070148 -0.2338594 0.26937008 0.21196358 0.34182465
51 0.1656276 0.032261197 -0.17008714 0.24166647 0.042253576 -0.22384554 -0.3897523 -0.21745348 -0.10627801 0.11456262 0.13885988 -0.071222775 -0.22037452 0.22600123 0.37069964 -0.40559408 -0.06484268 -0.11128769 -0.10142059 -0.35267103 0.056975774 -0.1729789 0.07289791 0.20368849 -0.062009905 -0.21665165 -0.056752563 0.18992169 -0.13359237 0.24925639 0.23855652 0.300977
120 -0.11675827 0.08085601 -0.34802255 0.13619338 -0.086716786 -0.2688309 -0.2288745 -0.20053042 -0.43935838 -0.003806916 0.19514139 -0.18901668 0.024960073 0.24197169 0.20502964 -0.1819713 -0.15382221 -0.0341407 0.032541662 -0.37300447 -0.027756898 -0.2728301 0.18823232 0.1327324 -0.03812823 -0.055531967 0.11337142 0.22827788 -0.09609006 0.337615 0.17550683 0.4792667
114 0.08934665 -0.28567722 -0.11243106 0.23273614 -0.23946661 0.19442865 -0.14273794 -0.24046092 -0.38400742 0.32959935 0.21420383 -0.15791962 0.0068170475 0.44812098 0.33863258 -0.22529013 -0.13452892 0.16170017 -0.114697896 -0.0643569 -0.20875868 -0.22316013 -0.1492623 0.08812523 0.18320478 -0.14459537 0.032189947 0.046810046 -0.21838447 0.15438284 0.4777028 0.7412463
128 -0.07825985 0.078295685 -0.35363066 0.19878851 -0.09284793 -0.30134293 -0.23867248 -0.24548046 -0.33075616 -0.012814935 0.18603805 -0.1739522 -0.077621065 0.20085506 0.20717408 -0.19650699 -0.09286096 -0.04592459 -0.0041062706 -0.37895656 -0.025756987 -0.2674563 0.16549338 0.15488957 -0.06416949 -0.10909204 0.10702807 0.22968817 -0.11216842 0.30352756 0.16161302 0.44865936
104 0.17480636 -0.008286272 -0.15769751 0.2254241 0.07263793 -0.19520622 -0.40687084 -0.20325841 -0.062229075 0.18317182 0.11697431 -0.075057246 -0.21053447 0.22045605 0.44026393 -0.50280124 -0.018818771 -0.11925621 -0.15500262 -0.3038425 0.04380159 -0.22254853 -0.029056437 0.1798207 0.015696812 -0.30149636 -0.13834041 0.18009342 -0.1354736 0.21835281 0.28860688 0.25203106
89 0.076138645 -0.102598645 -0.18439525 0.17776659 -0.1591929 -0.10348399 -0.23479594 -0.22433063 -0.30781892 0.21313807 0.22217311 -0.11464457 -0.059776023 0.26993757 0.35132337 -0.23708448 -0.12151047 0.062855095 -0.12314223 -0.18546446 -0.1328339 -0.20265718 -0.018887714 0.13543157 0.09130514 -0.1512476 0.056902405 0.10897828 -0.1876016 0.25161722 0.33982366 0.5310252
98 0.08934107 0.09099562 -0.14941323 0.17191106 0.079472676 -0.31676343 -0.41311324 -0.2065749 -0.12319272 0.09420291 0.09290289 -0.09154258 -0.21107829 0.17404875 0.3775891 -0.50829 -0.056166373 -0.1373546 -0.14467004 -0.39978042 0.10523174 -0.20113648 0.07048484 0.2566031 -0.09526273 -0.28233656 -0.1516048 0.18257998 -0.13231249 0.25517124 0.25450823 0.20716706
4 -0.1320435 0.16052637 -0.26295045 0.065212436 -0.12763219 -0.27848694 -0.21635441 -0.2835053 -0.46793178 -0.04524362 0.146189 -0.16394506 0.011693194 0.22061867 0.1959669 -0.2075958 -0.20505464 -0.07532957 0.02370427 -0.35735813 -0.039972402 -0.21937826 0.1693111 0.25658697 -0.14775342 -0.17165002 0.093261845 0.16188627 -0.17967507 0.29205516 0.24909337 0.43981206
19 0.054814063 -0.053061128 -0.15468645 0.20735392 0.0493566 -0.097045116 -0.32354608 -0.1463572 -0.3291201 0.13248147 0.18905567 -0.1074304 -0.15756255 0.23334028 0.361096 -0.370525 -0.14752632 -0.16349252 0.06146178 -0.23052594 -0.04962334 -0.27981544 -0.017209522 0.17311329 -0.0063266875 -0.20255752 0.091236 0.07756492 -0.20534663 0.26593107 0.28561875 0.34406996
111 -0.14513652 0.1587512 -0.36192095 0.16003518 -0.114138074 -0.32186788 -0.20957264 -0.2333703 -0.4611947 -0.07544855 0.19794354 -0.17834 -0.010669254 0.22418362 0.14389913 -0.17012577 -0.2100192 -0.079675294 0.031478673 -0.35711953 -0.06889627 -0.23396954 0.19729784 0.15758435 -0.12713374 -0.0777721 0.13100001 0.22200486 -0.14859654 0.32354644 0.1650682 0.50692445
72 0.036951162 -0.16112737 -0.15261376 0.20586966 -0.1817645 0.04266714 -0.21231773 -0.20501722 -0.36283192 0.24105987 0.20598847 -0.1403797 -0.07432432 0.36367512 0.37003297 -0.20127968 -0.14714827 0.06185228 -0.060099877 -0.12720764 -0.18302877 -0.21341003 -0.063208304 0.070739314 0.15431416 -0.16075328 0.0684322 0.113403454 -0.21492189 0.22712246 0.3768142 0.6077682
8 0.014852819 0.061128426 -0.28383905 0.26446995 -0.019861817 -0.16348605 -0.28174406 -0.16505876 -0.26308522 0.029705683 0.19279633 -0.1399314 -0.15609117 0.22841693 0.332662 -0.25730383 -0.107957006 -0.10659976 -0.013896703 -0.32424277 -0.052219365 -0.27449504 0.053105388 0.15874726 0.017885812 -0.17067322 0.13604115 0.124507256 -0.1880991 0.27443096 0.16119719 0.45739195
23 0.12765114 -0.050158963 -0.15090406 0.25401264 0.0069925794 0.0020826887 -0.31116495 -0.19479865 -0.29967272 0.106267795 0.1879706 -0.13782994 -0.1937018 0.29223132 0.3361136 -0.30445853 -0.13117619 -0.17211416 0.07944758 -0.19705713 -0.05520511 -0.2944841 -0.028859166 0.17528762 0.011559193 -0.1926004 0.08868328 0.08095231 -0.22653084 0.20993456 0.26082084 0.45086077
24 0.0695523 -0.07195009 -0.22632757 0.2529328 -0.08587874 -0.050621472 -0.30586544 -0.20320186 -0.28076518 0.109656766 0.1864709 -0.14594246 -0.15693414 0.3065655 0.31540117 -0.2544333 -0.10614264 -0.05923155 -0.0069039217 -0.18811727 -0.11037307 -0.26903033 -0.0069318116 0.15031828 0.06296587 -0.18038055 0.13268453 0.106683746 -0.22352551 0.2585076 0.27811083 0.46695018
118 -0.039534893 0.019913195 -0.24580279 0.21912137 -0.13630001 -0.16786692 -0.19558218 -0.23972833 -0.35808617 0.06246241 0.22686832 -0.16476893 -0.014804522 0.2980141 0.24756077 -0.24065971 -0.11216946 0.010830486 0.0010013637 -0.3139963 -0.072682664 -0.16582485 0.13206626 0.14202042 -0.04871956 -0.1180123 0.059139732 0.23270553 -0.08825921 0.2376911 0.23795858 0.5354058
14 0.1355214 -0.04853337 -0.22439381 0.26739547 0.024561461 -0.1163236 -0.31840247 -0.20196684 -0.18596035 0.13582768 0.1630415 -0.12722217 -0.20906101 0.23777254 0.39565015 -0.34659714 -0.07544487 -0.12303844 -0.023273693 -0.25854108 -0.004542672 -0.27576748 0.02771458 0.19395667 0.017562091 -0.18686368 0.07834875 0.11453008 -0.19595543 0.23254624 0.24044709 0.38852352
82 0.1259294 -0.19482364 -0.1305953 0.1983685 -0.10794395 0.09030487 -0.24325667 -0.16618112 -0.35397494 0.29583886 0.19400446 -0.14407814 -0.041640546 0.3831157 0.3719716 -0.23576094 -0.16981187 0.055562332 -0.00854614 -0.108312495 -0.21211243 -0.2843908 -0.08209836 0.079547614 0.18946128 -0.18239668 0.054669343 0.057927623 -0.21122387 0.19131042 0.37940732 0.6064446
76 0.08420138 -0.14228664 -0.1284354 0.15072776 -0.07598715 -0.00012480974 -0.23151264 -0.1971482 -0.28723887 0.2238079 0.20094952 -0.1268655 -0.051857192 0.33021373 0.3550836 -0.30295277 -0.102344714 -0.0019349541 -0.04904208 -0.2208926 -0.08474502 -0.26801684 -0.030134965 0.14171487 0.086420015 -0.16375777 0.02907062 0.101396285 -0.17025901 0.26226708 0.33921272 0.4910422
17 0.11071663 -0.07290644 -0.16781653 0.22130547 0.08136183 -0.12202795 -0.34427655 -0.2073431 -0.21059954 0.13937838 0.18126707 -0.07942635 -0.22070023 0.25443763 0.3805264 -0.40764803 -0.09607984 -0.12451397 0.055293083 -0.24360669 -0.013512249 -0.28250322 0.011519146 0.20925115 -0.025050841 -0.19597626 0.021555481 0.082779296 -0.2361666 0.25334942 0.2572368 0.34398618
70 0.091220126 -0.2642907 -0.14776605 0.20551443 -0.19585522 0.08890097 -0.1709225 -0.22198568 -0.35623193 0.27175158 0.22251295 -0.14918414 -0.029619474 0.3746725 0.33249685 -0.2151922 -0.14563502 0.1429273 -0.08143594 -0.10868445 -0.19668943 -0.2141595 -0.06376292 0.11897204 0.14503819 -0.13536485 0.055261478 0.088253826 -0.21566999 0.21046123 0.40812305 0.68858624
115 -0.17264983 0.21598743 -0.3807915 0.11613121 -0.13214767 -0.42721483 -0.20489281 -0.21987934 -0.4566561 -0.050715912 0.1831792 -0.17739879 0.07689352 0.20639217 0.16854799 -0.11035133 -0.17609024 -0.01643991 -0.08315626 -0.448489 -0.03148168 -0.21337697 0.24297716 0.12532833 -0.058486886 -0.098186046 0.10868282 0.30038053 -0.073795274 0.36985415 0.17295408 0.473685
58 -0.08926331 0.22078218 -0.309945 0.12205434 0.011058192 -0.39187944 -0.31874803 -0.2047051 -0.34158492 -0.07683187 0.11688747 -0.14719197 -0.0887084 0.1632801 0.2410349 -0.29108113 -0.14469142 -0.15724204 -0.046412077 -0.4714577 0.046171088 -0.2535568 0.1878194 0.20619802 -0.123910144 -0.18968308 0.087737225 0.19914564 -0.11224787 0.32307076 0.18868959 0.29458147
37 0.11216906 0.03951759 -0.1906858 0.22665772 -0.049689148 -0.29165673 -0.35474396 -0.23567234 -0.1254971 0.09855938 0.12919617 -0.10341678 -0.14284539 0.23597048 0.31904432 -0.40406936 -0.02083168 -0.023899633 -0.15871847 -0.4191926 0.06721423 -0.14737181 0.07276056 0.22382186 -0.0884746 -0.21589778 -0.1365948 0.21992181 -0.095993094 0.20132351 0.28280818 0.3230296
94 0.19097196 -0.21592413 -0.10428973 0.2640389 -0.13362107 0.07102694 -0.28528234 -0.20813283 -0.21562967 0.24327224 0.22681929 -0.12643489 -0.15345357 0.3727159 0.40604603 -0.3328777 -0.090276405 0.04790101 -0.09641595 -0.14062935 -0.11914123 -0.17121582 -0.103662804 0.15923858 0.12193364 -0.18027554 0.038202815 0.060742404 -0.23952335 0.15220521 0.37996474 0.5613686
5 0.04826822 0.056059923 -0.19973943 0.16199994 0.053510625 -0.17970164 -0.3335608 -0.19024672 -0.28028095 0.06985046 0.15860619 -0.15957844 -0.15714206 0.19393173 0.37475845 -0.31905773 -0.096301936 -0.12684424 -0.0029178911 -0.32675216 0.051020633 -0.3028624 0.05415944 0.20054185 0.0015452394 -0.2188086 0.022638058 0.17832993 -0.1307587 0.28169012 0.23046605 0.32773837
112 -0.09558994 0.15472181 -0.32018194 0.12969364 -0.039448727 -0.31527543 -0.25768107 -0.23104984 -0.3492343 -0.032706954 0.14403751 -0.17397423 0.0031017822 0.20494415 0.22989093 -0.18943238 -0.117629044 -0.078726426 -0.0056153093 -0.43734023 -0.025168011 -0.26258096 0.18229677 0.18615884 -0.04071715 -0.11065438 0.11601118 0.2517179 -0.11052942 0.31551456 0.15230747 0.4325247
122 0.1248195 -0.20446374 -0.15906246 0.1973757 -0.14882508 0.08323604 -0.21466455 -0.2151959 -0.30775124 0.27260333 0.24019766 -0.15184727 -0.040440194 0.36026064 0.3452916 -0.23844106 -0.10259535 0.122582786 -0.0634496 -0.11227303 -0.14993481 -0.23044612 -0.08037252 0.121757224 0.17740239 -0.16206172 0.036435023 0.08684313 -0.19834359 0.1849605 0.4043213 0.6279226
7 0.074156344 0.06339481 -0.16385153 0.16833061 0.030123297 -0.25777286 -0.37250355 -0.20167682 -0.16218278 0.09349104 0.105767235 -0.08597136 -0.16893871 0.16742095 0.3596941 -0.41318628 -0.048816692 -0.12666318 -0.08282125 -0.36593306 0.044976063 -0.24852355 0.08054213 0.18766207 -0.023667723 -0.245565 -0.04542567 0.16779251 -0.14957787 0.26544943 0.24603696 0.28430715
101 0.0978788 -0.13655588 -0.19683526 0.17685923 -0.097964756 -0.04716999 -0.24661678 -0.22120188 -0.24542695 0.24235456 0.18830872 -0.11005813 -0.05703428 0.32355118 0.32803658 -0.30716833 -0.07318187 0.06893156 -0.13877703 -0.23345365 -0.05478898 -0.2298295 -0.014859634 0.08607394 0.10080235 -0.14309554 -0.017078986 0.17667513 -0.14178213 0.23846084 0.32981896 0.5183678
47 0.08436528 0.09548218 -0.21942534 0.19680068 0.09791404 -0.2447605 -0.4074556 -0.18610339 -0.14389986 0.08335597 0.112133875 -0.12158012 -0.1929285 0.17371732 0.36860377 -0.42011702 -0.01859385 -0.10788283 -0.08978524 -0.43537077 0.07000889 -0.30995446 0.08839947 0.19258994 -0.0011061848 -0.21367855 -0.029522164 0.20615326 -0.097911194 0.27428344 0.22426552 0.23719488
68 0.069807895 -0.19854505 -0.17312019 0.2216406 -0.12431402 0.04206681 -0.19983794 -0.2143245 -0.3593284 0.27433854 0.22415332 -0.11235009 -0.05824972 0.35152438 0.33176988 -0.20985416 -0.10611464 0.078991756 -0.042438675 -0.14732112 -0.15456456 -0.22805619 -0.026921941 0.07811355 0.12211948 -0.10396863 0.14810085 0.11278559 -0.2083798 0.24525215 0.33611023 0.6364826
45 0.13032325 0.017861366 -0.18596676 0.1924828 0.013732259 -0.21393582 -0.34773952 -0.22230257 -0.14064083 0.1257136 0.124936834 -0.11799158 -0.17499115 0.22025408 0.3977792 -0.38485438 -0.045162756 -0.07722892 -0.10084129 -0.3736422 0.062955454 -0.20495898 0.047416165 0.17323339 -0.013525754 -0.2810298 -0.11254806 0.20886026 -0.10480967 0.22925556 0.27721915 0.3141223
80 0.02551812 -0.09990216 -0.19181104 0.21897957 -0.16805857 -0.027353456 -0.19013283 -0.20072581 -0.37354004 0.15891398 0.20154993 -0.15857616 -0.029001264 0.33502254 0.3107925 -0.20240974 -0.1461969 0.0095353825 -0.06894302 -0.15603593 -0.15481465 -0.24651456 -0.032567594 0.12360995 0.12448389 -0.15517317 0.1079893 0.1127148 -0.16471441 0.2717905 0.34447628 0.5739619
50 0.25735947 -0.09229334 -0.09576576 0.18186665 0.06921902 -0.07506866 -0.37155584 -0.20146959 -0.0904145 0.24148083 0.17589813 -0.10877394 -0.19331 0.28180987 0.49564323 -0.46793935 -0.055301696 -0.03539497 -0.18069573 -0.24994938 0.026576728 -0.2557268 -0.09565643 0.18545341 0.13309515 -0.29748937 -0.12267026 0.12845086 -0.13321197 0.18787184 0.34373325 0.29056868
18 0.13629206 -0.15459943 -0.19695418 0.23536111 0.003529271 0.026542308 -0.2913587 -0.19823278 -0.2347468 0.22132377 0.16926663 -0.111546785 -0.1451051 0.3192272 0.32946554 -0.32426766 -0.11653864 -0.077774316 0.03401772 -0.1689187 -0.12365297 -0.32800964 -0.023693059 0.10554393 0.10763215 -0.15273812 0.068661794 0.09866107 -0.19677007 0.23461026 0.2983676 0.4672872
59 0.17137267 0.045959912 -0.18237744 0.24196242 -0.003707263 -0.2852841 -0.40272018 -0.24744557 -0.072754785 0.07843371 0.15685095 -0.09051569 -0.19675876 0.19393633 0.41352 -0.42014876 -0.030592868 -0.06942544 -0.19677076 -0.3802417 0.047119223 -0.14148596 0.028438117 0.250765 -0.048270542 -0.26403973 -0.090959236 0.1777444 -0.15629911 0.2519698 0.25904757 0.28437474
12 -0.04997628 0.02060438 -0.24178362 0.19210583 0.0005674034 -0.096778944 -0.26169088 -0.1632954 -0.45793957 0.04625989 0.17573057 -0.14248781 -0.11276468 0.26190963 0.29535723 -0.23042452 -0.19898611 -0.15475659 0.101724274 -0.22632913 -0.08763795 -0.29698306 0.050557666 0.14285637 -0.058759034 -0.18013245 0.16626495 0.06604811 -0.23826747 0.278758 0.26532713 0.423907
87 0.0071587935 -0.140545 -0.21322659 0.13445504 -0.16590436 -0.019886678 -0.17787872 -0.2320986 -0.38144705 0.19593613 0.22128542 -0.1640617 -0.015089032 0.3539932 0.30849087 -0.16797234 -0.12848736 0.07589313 -0.02182279 -0.16888456 -0.15931034 -0.24820533 -0.023097157 0.10394454 0.08845873 -0.11500821 0.12054818 0.12233039 -0.18639839 0.24252327 0.33507997 0.606822
117 0.10385716 -0.27987608 -0.11487038 0.24408938 -0.14865458 0.15024981 -0.18712461 -0.17939375 -0.37477323 0.31505433 0.25535694 -0.07879488 -0.07591519 0.3992615 0.3791863 -0.2996444 -0.13853633 0.08187178 -0.052472647 -0.02106226 -0.17699397 -0.21405536 -0.13675722 0.050186373 0.15783855 -0.1870346 0.018541036 0.05944162 -0.23860031 0.22626534 0.43313962 0.64250153
86 0.014376349 -0.0990415 -0.17358115 0.16424024 -0.14377017 0.010445269 -0.18151353 -0.21637218 -0.42758617 0.18175605 0.23269518 -0.14732352 -0.027076948 0.3359462 0.32028311 -0.20293449 -0.17606583 0.026196124 0.019178087 -0.14410594 -0.16628243 -0.2291576 -0.012422927 0.13381638 0.08105841 -0.16246967 0.07566819 0.09422669 -0.19635428 0.24716054 0.32888547 0.585293
16 -0.15856625 0.1433161 -0.33245912 0.18380493 -0.15271963 -0.29840028 -0.17489573 -0.22643639 -0.4680048 -0.086234234 0.18818536 -0.19023661 -0.02114275 0.24579906 0.17602333 -0.1507158 -0.1506526 -0.06778957 0.017297825 -0.37760365 -0.06392339 -0.18720926 0.18602055 0.14671926 -0.1280056 -0.11501707 0.08858594 0.23593609 -0.12690584 0.2985049 0.18634285 0.5090941
110 -0.19706541 0.1946606 -0.40752146 0.13156772 -0.14251626 -0.3680349 -0.2115895 -0.25747275 -0.45166236 -0.09467535 0.17895824 -0.17854206 0.054689646 0.20181848 0.13208342 -0.13510829 -0.1307311 -0.060073745 0.022153996 -0.4254159 -0.01714699 -0.23156428 0.23427783 0.15222114 -0.11383735 -0.061619677 0.116652526 0.27094394 -0.08080104 0.36623108 0.16947629 0.52372444
26 0.12562637 -0.043080315 -0.16848059 0.25590035 0.04451827 -0.054280203 -0.3224121 -0.15570444 -0.25671434 0.13381824 0.18619378 -0.105645925 -0.20715985 0.28219754 0.3805549 -0.32685542 -0.13710503 -0.14417875 0.055521466 -0.20676923 -0.1024423 -0.32160166 -0.0067888736 0.15567617 0.058326267 -0.20664568 0.09598849 0.052161485 -0.20778233 0.2615954 0.2617804 0.4014186
60 0.11619103 0.117675506 -0.20452952 0.21943821 0.060797743 -0.3263458 -0.38742593 -0.21602057 -0.06996218 0.08514589 0.08918901 -0.09682255 -0.17493357 0.20185235 0.37885627 -0.49991366 -0.003571595 -0.14151226 -0.16940643 -0.43754557 0.1269844 -0.1984386 0.08780724 0.23169458 -0.075350806 -0.260659 -0.1737302 0.23006032 -0.08437292 0.24703294 0.26829886 0.20232327
69 0.11449294 -0.21591835 -0.13889447 0.22964509 -0.11299432 0.09958552 -0.2591592 -0.22142313 -0.2582857 0.2901986 0.18708125 -0.13876846 -0.061938133 0.40542594 0.36104393 -0.31380522 -0.14074926 0.021218788 -0.023810208 -0.16146463 -0.14726144 -0.22167858 -0.080761604 0.08848946 0.11332218 -0.13018015 -0.01398536 0.06388039 -0.18228158 0.20034088 0.39827797 0.5766196
63 0.07662514 0.09253876 -0.21980086 0.19071768 0.04366454 -0.277875 -0.35082737 -0.20267276 -0.17269564 0.08461202 0.11413686 -0.09980228 -0.14260504 0.15835914 0.3792434 -0.41048017 -0.03643696 -0.11716128 -0.121266775 -0.4123305 0.090074725 -0.23924354 0.08042807 0.19991362 -0.023392852 -0.22742474 -0.06604154 0.218184 -0.12062113 0.28519225 0.24158584 0.23612523
53 0.11579453 -0.03315453 -0.14724149 0.21439035 0.0070072766 -0.20111634 -0.37427175 -0.1818939 -0.09023586 0.16691753 0.11219684 -0.084833704 -0.18679191 0.25918636 0.37032387 -0.47198537 -0.044468533 -0.07771159 -0.13130781 -0.3260441 0.0454532 -0.17170054 0.0051109586 0.17025112 -0.047982704 -0.2711271 -0.15436728 0.14331119 -0.13728078 0.22420935 0.27775997 0.2678396
79 0.10720265 0.08191815 -0.1975215 0.21356708 0.036184788 -0.30819532 -0.38843068 -0.20068626 -0.12394341 0.06688742 0.09892257 -0.10145587 -0.19315079 0.18133877 0.3877343 -0.46118364 -0.031286303 -0.11927577 -0.12806875 -0.41001186 0.090113305 -0.18846919 0.06438294 0.22301471 -0.059945226 -0.28128505 -0.13959163 0.23766737 -0.10310495 0.26469168 0.24432892 0.2350535
90 0.12590955 -0.2835834 -0.12772612 0.2299078 -0.15783446 0.14771187 -0.17991883 -0.17490412 -0.35565743 0.34502333 0.2406408 -0.13641979 -0.0435804 0.38522282 0.3693051 -0.2393438 -0.13427961 0.10825667 -0.079796806 -0.07192997 -0.17677405 -0.24890713 -0.11492598 0.05230239 0.21649292 -0.15370423 0.07674552 0.09155227 -0.18831754 0.20925036 0.4036425 0.66877615
74 0.0784507 -0.1898962 -0.13021177 0.15261789 -0.11183724 0.008184401 -0.22249185 -0.18819508 -0.3769853 0.26712623 0.20163718 -0.10823762 -0.043708988 0.31075716 0.33846423 -0.25279963 -0.15336537 0.060594246 -0.045643333 -0.102822565 -0.14644608 -0.24363512 -0.019250715 0.114731304 0.09047066 -0.16265039 0.05976769 0.121866904 -0.19469288 0.25475097 0.36186227 0.5775855
85 0.06887246 -0.041386418 -0.15968774 0.23057269 0.05892466 -0.16512261 -0.3410476 -0.23518038 -0.28429922 0.10421298 0.14273709 -0.13339248 -0.120953575 0.23317985 0.35418355 -0.38798282 -0.11207407 -0.14246956 0.046236858 -0.3271265 0.05278418 -0.24455516 0.052124403 0.17296734 -0.060222704 -0.1865638 0.00906712 0.15064883 -0.1681933 0.26815632 0.23241232 0.32569715
108 -0.12725784 0.16188496 -0.31071115 0.15879373 -0.10830675 -0.3403858 -0.23239243 -0.24108227 -0.3764103 -0.070867844 0.16791096 -0.15089512 -0.020893529 0.22752687 0.20407706 -0.23088302 -0.16497928 -0.06808196 -0.040392272 -0.4067067 -0.00090484164 -0.17217393 0.19666287 0.2259339 -0.15235418 -0.15039457 0.06951035 0.22237697 -0.12456482 0.28401276 0.20002748 0.4261842
43 0.10755541 0.0512625 -0.16286308 0.20804298 0.039615672 -0.27932453 -0.3980779 -0.23234774 -0.16477604 0.08500605 0.112117365 -0.10331398 -0.19327867 0.21656871 0.36975485 -0.49881056 -0.022684844 -0.11389682 -0.10302089 -0.40841848 0.118333496 -0.19478358 0.06251691 0.23379374 -0.10099998 -0.2378133 -0.10324141 0.17908217 -0.12656268 0.22952496 0.2471378 0.23046401
15 0.13185444 0.08105537 -0.21681462 0.27807474 0.13416943 -0.1846141 -0.40878236 -0.18370165 -0.17288177 0.06390367 0.18163633 -0.10341134 -0.25445902 0.17913052 0.41217932 -0.38496137 -0.07914386 -0.23140006 0.01362433 -0.3154653 0.011597878 -0.31312332 0.05427388 0.22743212 0.0021379446 -0.21261191 0.10098379 0.11852326 -0.18477143 0.27933857 0.16984707 0.2373992
42 0.039016124 0.123887494 -0.23717251 0.14744157 0.009999006 -0.30944946 -0.35076302 -0.21327762 -0.21603516 0.079001546 0.09619465 -0.12124842 -0.1393645 0.15383303 0.3172491 -0.37341344 -0.07431271 -0.09031991 -0.12014249 -0.41213784 0.0794579 -0.25285912 0.12859854 0.17548563 -0.08282219 -0.23259944 -0.06445123 0.2170272 -0.124218345 0.30561915 0.22372389 0.26941776
64 0.035098646 -0.04249587 -0.19557053 0.16697678 -0.12627968 -0.107619345 -0.2356091 -0.17919584 -0.33559528 0.13084406 0.20528452 -0.15771213 -0.04064178 0.27610764 0.35574558 -0.19680107 -0.13620545 0.05192526 -0.04714708 -0.23331936 -0.10887591 -0.21893778 -0.012512359 0.115360565 0.11255064 -0.16574979 0.063991204 0.17458177 -0.14605053 0.2636798 0.32367003 0.48788115
20 -0.004675475 -0.029230181 -0.24863556 0.1835056 -0.1027097 -0.1781315 -0.24369441 -0.20208113 -0.30838415 0.16411832 0.19607541 -0.15492477 -0.028229672 0.29903683 0.26878917 -0.2772195 -0.09083431 0.018544026 -0.076352485 -0.2914677 -0.045267347 -0.24635395 0.06412719 0.10550888 0.040348865 -0.076325685 0.04242073 0.18730205 -0.09333462 0.28455248 0.2810882 0.51448554
39 0.16582471 0.028397856 -0.17214616 0.2548981 0.14583665 -0.2599598 -0.441677 -0.20169473 0.0064106146 0.14416914 0.08117057 -0.07998116 -0.24790145 0.19536527 0.42785704 -0.5526276 0.019989554 -0.14237803 -0.10874952 -0.42476442 0.094609305 -0.25884134 0.0326349 0.24638978 -0.03539037 -0.25470924 -0.1138686 0.13625526 -0.12230364 0.23674934 0.2194844 0.16495506
102 0.01870054 0.11096872 -0.20662245 0.1926192 0.071780205 -0.23727484 -0.3263251 -0.21116048 -0.22601056 0.018191721 0.13626586 -0.1480156 -0.1594057 0.21049097 0.32785505 -0.32344988 -0.09143633 -0.18225197 0.05348998 -0.3700581 0.012453435 -0.31505516 0.11678077 0.19407275 -0.06607384 -0.19848353 0.05760035 0.17611511 -0.15438698 0.31348246 0.15650955 0.31621704
21 0.13484113 -0.0049912045 -0.17242824 0.24703887 0.056570224 -0.14107056 -0.3748568 -0.1873093 -0.15288678 0.101579785 0.17004408 -0.0813968 -0.2474933 0.21072708 0.41016012 -0.3874356 -0.05740968 -0.17049278 -0.019456064 -0.27197963 -0.017530845 -0.31272355 -0.006714764 0.1795455 0.04406933 -0.21149579 0.10510222 0.10268377 -0.2326715 0.25286067 0.20620124 0.33192524
105 0.12805995 0.003149278 -0.13721342 0.22654803 0.067423984 -0.15558368 -0.37403658 -0.21368998 -0.13517791 0.14938705 0.16723545 -0.10688059 -0.17086965 0.23377402 0.40444723 -0.4358622 -0.062920935 -0.13001052 -0.08412546 -0.29862946 0.053284045 -0.24161841 -0.00033744232 0.16603735 0.013666605 -0.26859486 -0.0701308 0.13971916 -0.12971291 0.25864288 0.2684367 0.26262143
67 -0.26520354 0.23519608 -0.41440904 0.09187339 -0.24076742 -0.4025289 -0.1463861 -0.28791553 -0.5403746 -0.14559273 0.16707315 -0.21405196 0.1304009 0.23911543 0.06616506 -0.07084827 -0.18533303 -0.0030066702 -0.026509453 -0.45477766 -0.06663524 -0.15131685 0.30684695 0.21995707 -0.18770991 -0.07351608 0.1337444 0.30541503 -0.09017554 0.34460992 0.20060886 0.5790965
62 0.109466866 0.03835333 -0.20615116 0.1930633 -0.051239055 -0.2447534 -0.32716432 -0.20839629 -0.1625601 0.15642743 0.14980991 -0.07181833 -0.14484712 0.21641761 0.39736664 -0.36530367 -0.050448824 -0.07157036 -0.203343 -0.34824836 0.025722805 -0.17239463 0.053803306 0.18776447 -0.010665808 -0.25356585 -0.108939216 0.20368223 -0.12548618 0.25437993 0.26717603 0.35035306
25 0.04714779 -0.01754045 -0.23294842 0.19085921 -0.048374727 -0.1570339 -0.26956686 -0.1835235 -0.32811707 0.16156335 0.21040073 -0.14523156 -0.071967945 0.22737366 0.32954377 -0.21976829 -0.118823305 -0.021695677 -0.05385006 -0.2695223 -0.08043033 -0.23414782 0.034845885 0.14204393 0.060776304 -0.14898367 0.101381466 0.16186494 -0.15420671 0.26027068 0.2540804 0.43647298
107 0.0249315 -0.049709946 -0.24290949 0.22485162 -0.0827549 -0.088789105 -0.23601131 -0.18986838 -0.3245685 0.15995851 0.17180182 -0.16157575 -0.07539267 0.29833412 0.28366163 -0.24916422 -0.0989034 0.011828376 -0.047838558 -0.21803345 -0.104299955 -0.25623944 0.02990738 0.08760893 0.10560262 -0.14683132 0.077786244 0.15701506 -0.1798271 0.27183208 0.28854683 0.5068017
46 0.14468017 0.038088154 -0.19256154 0.23236991 -0.017281845 -0.23802984 -0.36565977 -0.19853717 -0.12186205 0.097775295 0.14159654 -0.09697876 -0.18745705 0.23704089 0.35909715 -0.3511549 -0.038777824 -0.11129028 -0.15504688 -0.38217998 0.019931741 -0.19088562 0.038568463 0.2087097 -0.022232784 -0.22101037 -0.016251326 0.22628874 -0.11790489 0.2302763 0.26752412 0.36194175
71 -0.22187708 0.21205042 -0.42159525 0.14761266 -0.22108999 -0.36282057 -0.16143677 -0.28660968 -0.50021106 -0.1761236 0.1822036 -0.2229071 0.07727967 0.273303 0.100668885 -0.054179464 -0.14805861 -0.0369294 0.016961029 -0.4403762 -0.053140562 -0.19416714 0.28165102 0.21118475 -0.13136894 -0.036355037 0.19553259 0.29418015 -0.111769006 0.31052938 0.13339959 0.591484
48 0.12538482 -0.0068922234 -0.15113196 0.25373212 0.09531538 -0.0583125 -0.3870117 -0.1516966 -0.2244958 0.09364179 0.14498769 -0.11121666 -0.24577062 0.23367724 0.4092117 -0.40750346 -0.09292274 -0.19377036 0.05557243 -0.23998454 -0.021940757 -0.3460767 -0.03220238 0.21465087 0.015684452 -0.24322228 0.11447624 0.049105868 -0.23917864 0.27741846 0.21363324 0.31753686
92 0.14659138 -0.06550578 -0.21066235 0.25489762 0.06727959 -0.050604206 -0.35491207 -0.1759808 -0.18691278 0.19450842 0.18259463 -0.13300963 -0.17326497 0.24097115 0.37691057 -0.3406617 -0.03489917 -0.0972835 0.036571138 -0.24053784 -0.036463678 -0.32293352 -0.009883163 0.14685397 0.101254985 -0.1598546 0.10479714 0.087975815 -0.21213472 0.22908294 0.24600789 0.3832213
113 -0.11515678 0.16221505 -0.31709224 0.16747014 -0.106092654 -0.33865517 -0.24483763 -0.25929314 -0.36861634 -0.060070165 0.17585675 -0.17987895 0.04197696 0.20473042 0.24562395 -0.19998653 -0.12612681 -0.006100682 -0.07352779 -0.4529648 -0.0016233204 -0.1588055 0.19919845 0.17172047 -0.073922314 -0.12901632 0.044147998 0.2970626 -0.047529124 0.32421008 0.172821 0.4421505
119 -0.15644331 0.15961152 -0.32793453 0.14892982 -0.15266919 -0.3625567 -0.23838262 -0.25641224 -0.44005033 -0.085602224 0.15640937 -0.1938862 0.020578956 0.25234193 0.1440664 -0.17388132 -0.18773477 -0.039043 -0.0048858617 -0.42035532 -0.032673813 -0.1695397 0.19373786 0.1946372 -0.13579652 -0.117107615 0.030346358 0.25945175 -0.08308034 0.30787787 0.22946428 0.4747872
127 -0.25731653 0.29646435 -0.4662081 0.115443654 -0.20272273 -0.4564402 -0.15105402 -0.28885865 -0.5282487 -0.19350564 0.14474903 -0.20294131 0.08277146 0.19423507 0.058911942 -0.06524715 -0.17659429 -0.03155406 0.034514125 -0.48356792 -0.044495314 -0.18464899 0.34750676 0.20192014 -0.19322732 -0.05299024 0.13632326 0.3008683 -0.0986501 0.39403304 0.121720605 0.56895906
9 0.14177059 -0.04531981 -0.15012664 0.25679362 0.06576904 -0.06667763 -0.34790337 -0.17489024 -0.24512893 0.13733621 0.16698572 -0.13191476 -0.2260332 0.25305784 0.36656103 -0.3492726 -0.103698894 -0.15795395 0.06562042 -0.22120823 -0.05293855 -0.34677553 0.0069218916 0.18603548 0.06155688 -0.19446151 0.11191485 0.05441334 -0.21683003 0.25551176 0.24338233 0.36117396
100 -0.044531453 0.14516817 -0.27654374 0.1372729 -0.10612942 -0.3304395 -0.25337395 -0.25128815 -0.32333368 0.04062485 0.18255183 -0.15144567 -0.021287529 0.21811497 0.2838221 -0.18694654 -0.12740669 -0.04336673 -0.12982906 -0.40441605 -0.036149535 -0.20673771 0.12217625 0.13783856 -0.015136264 -0.16954547 0.018012367 0.26240388 -0.11059506 0.28349093 0.2218548 0.42882466
88 0.10794766 -0.08283772 -0.21815932 0.17290488 -0.054303404 -0.0030656375 -0.28034076 -0.1990801 -0.29424855 0.18708047 0.2041431 -0.13436057 -0.113329485 0.26878408 0.38915437 -0.18372495 -0.10693915 -0.00024195886 -0.036543846 -0.21303368 -0.11286999 -0.2818838 -0.03307065 0.10068944 0.12851095 -0.18581614 0.12492337 0.1077473 -0.20018956 0.21403743 0.31721282 0.52481157
54 0.15783684 -0.06742924 -0.1163452 0.2205366 0.06711043 -0.12890303 -0.33094472 -0.2191797 -0.13341884 0.19391467 0.19391817 -0.10710161 -0.11739353 0.25589424 0.43368736 -0.42538962 -0.0489039 -0.07383679 -0.08424993 -0.28135985 0.06408418 -0.20113061 -0.042230945 0.14734854 0.05952619 -0.20143124 -0.082031645 0.18384768 -0.10803837 0.19889235 0.2854668 0.35577378
41 -0.17929386 0.058749262 -0.33443224 0.10323561 -0.13747919 -0.27553096 -0.1822515 -0.23382214 -0.48635486 0.06580719 0.15880492 -0.18090197 0.10918719 0.26377416 0.17249304 -0.12699221 -0.19431224 0.057615947 -0.030811038 -0.37501362 -0.10303322 -0.26424462 0.16157436 0.09696345 -0.008636995 -0.02295993 0.13138783 0.23232098 -0.091276124 0.37244034 0.2466836 0.5725398
121 -0.19101082 0.24784736 -0.4075097 0.11530379 -0.13958181 -0.40963474 -0.17541173 -0.24845867 -0.47915614 -0.08618641 0.18171977 -0.19563745 0.08687036 0.18364707 0.17243874 -0.07593139 -0.1507723 -0.0032210646 -0.048781585 -0.48512185 -0.03453933 -0.22395864 0.26166055 0.13912585 -0.07181447 -0.08213037 0.15380801 0.3308671 -0.08856969 0.3559724 0.13107058 0.5395775
38 0.007711781 -0.10821703 -0.2088604 0.19379483 -0.048655305 -0.047743637 -0.22433484 -0.20275359 -0.41603595 0.16059592 0.21241874 -0.13262461 -0.05779569 0.31976736 0.29110125 -0.21445581 -0.15943359 -0.055691823 0.10163 -0.1918295 -0.11501952 -0.2986767 0.045550372 0.10189228 0.06898621 -0.08489786 0.17005871 0.092381835 -0.21447863 0.28968143 0.25529277 0.5243555
126 0.119291395 -0.26350102 -0.09264577 0.21914318 -0.19034782 0.1986083 -0.18485841 -0.23567024 -0.3037367 0.29465848 0.21611793 -0.15834945 -0.018978035 0.44427922 0.3149257 -0.26398715 -0.14661847 0.12620935 -0.07137896 -0.12589632 -0.19683662 -0.21116912 -0.07686755 0.08605122 0.1440756 -0.10937433 0.018758351 0.05331197 -0.18502961 0.16756873 0.44559297 0.7034646
36 0.0694675 0.04976191 -0.17050053 0.12627752 0.035193913 -0.24327107 -0.3586283 -0.21752828 -0.21331435 0.11305345 0.13144705 -0.10931313 -0.14017965 0.20847206 0.3480662 -0.40507314 -0.09462352 -0.14928715 -0.047733556 -0.3100305 0.07173665 -0.23281999 0.0659235 0.22696647 -0.03562676 -0.26198575 -0.09193942 0.16509685 -0.17207621 0.2609462 0.25997144 0.28268436
84 -0.029797843 0.07749528 -0.28801188 0.1638254 -0.07961795 -0.27018976 -0.24842273 -0.23906754 -0.27618697 0.060713228 0.15999556 -0.15002078 -0.025059957 0.23977055 0.27392462 -0.23558232 -0.06823737 -0.031971663 -0.0508032 -0.4017762 0.022620553 -0.22975448 0.13917209 0.18862529 -0.0062405462 -0.09382077 -0.0024343359 0.2501196 -0.10317298 0.26411602 0.19269904 0.4304286
81 0.06865257 -0.17068495 -0.16028666 0.2140823 -0.12540513 0.07077881 -0.20009105 -0.2645418 -0.34826016 0.1968261 0.1963259 -0.16853353 -0.029970434 0.39483136 0.29695842 -0.23113082 -0.15029703 0.033741284 0.0043845717 -0.19856538 -0.13396816 -0.25839224 -0.038186662 0.104769565 0.08074724 -0.10073313 0.080763385 0.08684303 -0.17479804 0.19865866 0.34600165 0.6268647
57 0.20540747 -0.23375194 -0.089094475 0.2599311 -0.0894705 0.11199997 -0.26733097 -0.15758733 -0.2488632 0.32795104 0.20054303 -0.058147155 -0.14206943 0.36259264 0.4319866 -0.3979314 -0.10820227 -0.008840289 -0.08931983 -0.065077424 -0.13631791 -0.2147342 -0.12926248 0.13632296 0.14767452 -0.2179868 -0.026703658 0.061057627 -0.24087314 0.16969016 0.41692922 0.5338547
32 0.038861983 -0.040494557 -0.22654006 0.23523402 -0.0028603505 -0.11964632 -0.33130255 -0.17478591 -0.29177195 0.05536413 0.21036237 -0.094233856 -0.2185509 0.24017563 0.32379854 -0.28813297 -0.13821653 -0.1595526 0.06677603 -0.19820942 -0.06876871 -0.31166622 0.017951287 0.15549177 0.0165684 -0.21308246 0.13974948 0.059576005 -0.21772823 0.25657666 0.20617932 0.39125142
65 -0.10188718 0.111273505 -0.29142517 0.13726577 -0.05050902 -0.27886772 -0.25884566 -0.24486805 -0.39307007 -0.0060647256 0.19533753 -0.16118881 -0.002866174 0.2035213 0.24138932 -0.17452928 -0.17875598 -0.049248364 0.010979469 -0.37771678 -0.04780316 -0.22738306 0.14408436 0.17222916 -0.06255682 -0.11641849 0.13485263 0.199112 -0.13555479 0.33057463 0.22883165 0.45004445
96 0.168027 -0.10449189 -0.16792583 0.27896088 -0.04980677 -0.09941564 -0.3115033 -0.23234238 -0.17645179 0.13685493 0.23768063 -0.10996703 -0.18063128 0.27111685 0.3529742 -0.30891868 -0.08080555 -0.03107585 -0.11484061 -0.2355195 -0.052009363 -0.16503975 -0.02227644 0.1692254 -0.0057887514 -0.2037496 0.026092678 0.15889513 -0.14761418 0.18598388 0.26803932 0.49009603
10 0.092964895 -0.27426302 -0.12503311 0.2260762 -0.20447426 0.1432101 -0.16227673 -0.1966487 -0.3999421 0.29437986 0.23621827 -0.12634297 -0.054396223 0.44596887 0.33711243 -0.2168111 -0.12605166 0.080326416 -0.08375781 -0.043470252 -0.19867018 -0.18380378 -0.12874551 0.08565545 0.16937168 -0.14025661 0.08012528 0.07945635 -0.21352269 0.18920149 0.41820818 0.74525166
40 0.19801012 0.051327113 -0.13722017 0.21420752 0.12510976 -0.28521597 -0.42824164 -0.21189885 0.014498626 0.1323507 0.079181194 -0.0714274 -0.25830314 0.19249852 0.41809255 -0.5668373 0.007315772 -0.11528604 -0.15605333 -0.42110142 0.15058471 -0.22381131 0.043431096 0.2597325 -0.042227298 -0.311696 -0.22203727 0.19721295 -0.118892014 0.2451159 0.266975 0.13736442
22 -0.21029326 0.19130856 -0.39749458 0.121384986 -0.21628958 -0.33528146 -0.19331172 -0.22728287 -0.4856635 -0.06920034 0.14654617 -0.18248352 0.067983426 0.21358533 0.14596863 -0.08268633 -0.1888098 -0.024161877 -0.05168423 -0.41269317 -0.10203103 -0.22858956 0.23664424 0.1723978 -0.049068056 -0.08749685 0.16725214 0.24355894 -0.13896611 0.33623043 0.22402294 0.5665426
66 0.15335506 -0.04220029 -0.114778236 0.25061968 0.07494562 -0.099675536 -0.38700116 -0.16573915 -0.22888666 0.1234629 0.14778668 -0.09360234 -0.26724824 0.19560038 0.40261456 -0.40702343 -0.08312813 -0.19729018 -0.0068060053 -0.24419524 0.004404047 -0.2849021 -0.0022661758 0.20819978 -0.040354628 -0.28278053 0.04845103 0.07424479 -0.24456361 0.25319028 0.27501372 0.2615371
6 0.013931276 0.015068747 -0.22581086 0.22634153 -0.021495314 -0.14568338 -0.27291912 -0.17034444 -0.34470332 0.050746683 0.20880117 -0.13162935 -0.14675875 0.24768874 0.28850445 -0.22059095 -0.15968996 -0.09701017 0.047421254 -0.25424218 -0.09169001 -0.28666383 0.05531266 0.13987902 0.017629597 -0.1498362 0.18083012 0.11279539 -0.2104177 0.27542362 0.1824496 0.44847837
106 -0.17961624 0.17705187 -0.39114177 0.19016562 -0.070414804 -0.39344186 -0.2169281 -0.24311095 -0.43366122 -0.08458717 0.17469372 -0.2017071 -0.0015966231 0.22045349 0.153976 -0.19360209 -0.14162913 -0.08332445 0.03375104 -0.44963655 -0.013673895 -0.23440953 0.25287393 0.16555549 -0.10880983 -0.07720762 0.13964291 0.30199108 -0.06201083 0.36092135 0.14862418 0.46888313
49 0.012883395 0.05798161 -0.24488421 0.18406124 -0.06480449 -0.3074505 -0.2617382 -0.2701023 -0.27822736 0.026825897 0.17090331 -0.11345189 -0.08186327 0.19976667 0.27341104 -0.27005422 -0.097179376 -0.055320356 -0.08074412 -0.392258 0.00714081 -0.16362092 0.116795234 0.19647107 -0.105581574 -0.18165763 0.029930547 0.24093302 -0.10858109 0.27105802 0.22623685 0.44078836
77 0.10360155 -0.21671632 -0.12906681 0.20462419 -0.14273998 0.11105592 -0.19822624 -0.20346309 -0.3535332 0.3180664 0.2108804 -0.11048873 -0.08380108 0.33995318 0.37968796 -0.26014724 -0.13908741 0.09405203 -0.027227625 -0.057138946 -0.15605383 -0.2520923 -0.10045099 0.054213773 0.19352932 -0.1917575 0.0443908 0.06842474 -0.2232755 0.20455366 0.4214517 0.61837393
55 0.15276983 0.07356859 -0.12973844 0.22697422 0.07118171 -0.30449986 -0.44243866 -0.21772411 -0.037727263 0.09772583 0.09504952 -0.07680598 -0.222268 0.21606967 0.39718607 -0.54311144 -0.000102557504 -0.15904127 -0.12589245 -0.4281875 0.118060425 -0.20941164 0.04186836 0.26248434 -0.12874782 -0.3087333 -0.20309229 0.17242192 -0.08873061 0.26796004 0.2727643 0.12198744
