128 32
57 -0.1033763 0.03315719 0.21908496 -0.1410397 -0.049922172 -0.12254757 -0.16331135 -0.27188993 0.21045107 -0.0076869633 -0.12861885 0.09967421 -0.21777815 0.23654526 -0.17722897 -0.31942597 -0.27682912 0.23100922 -0.005643908 0.03134615 0.1927812 0.0034182768 0.20939043 -0.49487987 0.0117036225 -0.21312898 -0.13918252 -0.30428657 -0.36465663 -0.09282193 0.19795087 -0.12727931
15 -0.20954205 0.1198892 0.23174089 -0.20593177 -0.027990883 -0.1812993 -0.23195656 -0.3600406 0.09386695 -0.19244601 -0.06637644 0.1466988 -0.10915607 0.25532874 -0.03502534 -0.21881548 -0.16118519 0.291535 -0.123220116 0.15772304 0.21762636 -0.004341734 0.3266366 -0.3594901 -0.17547362 -0.1468499 -0.040983595 -0.28115657 -0.31992152 -0.15699075 0.15261433 -0.2040972
121 -0.058200955 -0.06547096 0.45272955 -0.03892354 -0.050447058 -0.087476656 -0.05374592 -0.102749035 0.30239296 -0.06772573 0.01869499 -0.015933635 -0.19396669 0.22771482 -0.30568203 -0.35580772 -0.32362476 -0.080199055 0.3052794 0.15335305 0.25281006 -0.094036594 0.06798436 -0.3911068 -0.10155592 -0.42453972 0.063294195 -0.48300147 -0.40443614 -0.05233354 0.26872256 0.019165939
76 -0.119239315 0.07118869 0.2765945 -0.1617363 0.020095358 -0.1362695 -0.22190295 -0.2865004 0.12600431 -0.009428335 -0.11491033 0.15488012 -0.20159791 0.18578526 -0.14966454 -0.27590436 -0.20717409 0.25979912 0.0010221722 0.10095588 0.23155083 -0.075649865 0.21966046 -0.39679253 -0.04005053 -0.29653987 -0.028244257 -0.3381703 -0.29088384 0.021007212 0.2681677 -0.1467172
25 -0.3411655 0.08419462 0.29937267 -0.18733951 -0.04594658 -0.19530672 -0.2357631 -0.3203384 0.067613006 -0.37067696 0.053343493 0.11415174 -0.0031557495 0.34050795 -0.01096622 -0.15720683 -0.09392318 0.29500565 -0.09619078 0.3165867 0.2618697 -0.013691569 0.3710913 -0.33663273 -0.2897887 -0.14929976 -0.11462721 -0.29040378 -0.3310156 -0.32824576 0.05713861 -0.20588604
84 -0.14896046 0.09436838 0.05996819 -0.21136263 0.0021374482 -0.13100114 -0.25864398 -0.42743617 0.15572715 0.026272507 -0.17923544 0.12435435 -0.28261104 0.19827326 -0.09694496 -0.221532 -0.17844126 0.34628633 -0.12019721 0.036156446 0.22669819 0.04208041 0.29202968 -0.5335734 0.029634293 -0.16585927 -0.14174165 -0.21139476 -0.29560244 -0.07852951 0.26154506 -0.17393446
62 -0.04711114 0.08938347 0.32253528 -0.20000339 0.22114931 -0.15828317 -0.32573375 -0.28949365 0.09806113 -0.018112741 -0.12468658 0.29667002 -0.1554107 0.07947048 -0.055253156 -0.34194773 -0.13137539 0.42239413 0.029324327 0.11041098 0.2040221 -0.15664981 0.2784624 -0.33582723 -0.039589632 -0.313777 0.16217676 -0.29113096 -0.27553472 0.10832817 0.25884357 -0.11683473
71 -0.14267382 0.003583181 0.3880458 -0.07311887 0.05367896 -0.12564042 -0.16862331 -0.16337372 0.24565996 -0.12264387 -0.0058929743 0.05960266 -0.16392347 0.22743537 -0.20855044 -0.28804624 -0.22706684 0.13255458 0.14186902 0.19223787 0.22754233 -0.12204994 0.18510026 -0.38264456 -0.13020223 -0.36375678 0.026525155 -0.37739226 -0.30741897 -0.09290444 0.18477981 -0.07756969
70 -0.13727185 0.037817914 0.09279544 -0.19868143 -0.14455153 -0.12589379 -0.19026215 -0.3233553 0.13940677 0.01549864 -0.21616615 0.08690065 -0.27289012 0.24508712 -0.16715522 -0.2654007 -0.21955694 0.22358118 -0.14234407 0.07320814 0.22656655 0.051102776 0.30389455 -0.53137755 0.020659892 -0.12584206 -0.1979493 -0.30264202 -0.32582682 -0.12672524 0.22694115 -0.16449438
52 -0.02788439 0.096965745 0.26531997 -0.16710079 0.082165405 -0.13579483 -0.25879607 -0.3179533 0.13381173 0.059140097 -0.13433048 0.24174395 -0.21700919 0.13074942 -0.13737017 -0.2959453 -0.16239539 0.3240405 0.017095976 0.088432714 0.21453701 -0.14386798 0.26428518 -0.37199515 -0.032930583 -0.29742646 0.028303485 -0.30658317 -0.29228815 0.0648421 0.25447682 -0.17515515
91 -0.07452565 -0.09649527 0.5108887 -0.045014292 -0.07539383 -0.08318242 -0.050627857 -0.05483253 0.35437924 -0.044491492 -0.0203672 -0.048830383 -0.22307743 0.2515575 -0.362778 -0.35357296 -0.3344416 -0.16725719 0.32001203 0.17124407 0.2462102 -0.124860846 0.08327761 -0.39976338 -0.082680956 -0.43126315 0.034159318 -0.4559075 -0.3923674 -0.056022625 0.28073815 0.10624972
47 -0.044820145 0.1359372 0.22606769 -0.19338293 0.11093848 -0.14226863 -0.3318947 -0.34926364 0.13035564 -0.0046649426 -0.15253158 0.25694814 -0.19498236 0.10032789 -0.052881837 -0.28479874 -0.119672894 0.41756377 -0.034468528 0.111188695 0.20704836 -0.11167228 0.29793605 -0.376639 -0.07726259 -0.27498952 0.026302077 -0.21892312 -0.2592843 -0.010430356 0.25770476 -0.17302774
88 -0.18287693 0.042488296 0.20597318 -0.20735186 -0.022375796 -0.1467928 -0.19052704 -0.28024346 0.1518948 -0.03333005 -0.1428338 0.13711943 -0.21546634 0.25981516 -0.122550786 -0.28068262 -0.23667246 0.26490378 -0.08175464 0.09198341 0.21302536 0.0053422824 0.30106616 -0.43871635 0.013384735 -0.18992504 -0.14163853 -0.29117098 -0.37719807 -0.09970008 0.18691273 -0.14868155
77 -0.087458685 0.07718213 0.17232989 -0.15896657 0.06730164 -0.13928372 -0.26885659 -0.3150692 0.16656052 0.03284111 -0.1509903 0.17461312 -0.2564148 0.17790687 -0.13440537 -0.27329892 -0.14982104 0.3479852 -0.053742163 0.06625383 0.21255396 -0.037485447 0.29994833 -0.43973422 -0.0286885 -0.27058938 -0.041493878 -0.24146174 -0.27742082 -0.03884567 0.24605976 -0.17928457
110 -0.08802685 -0.06588424 0.39592212 -0.04897244 -0.107403696 -0.09217 -0.09639338 -0.16139688 0.25074655 -0.06344167 -0.058645986 -0.015373033 -0.22230354 0.29087678 -0.26387802 -0.28302166 -0.29312322 -0.020883787 0.16980667 0.15524706 0.22672935 -0.092932105 0.14680043 -0.37911665 -0.12924565 -0.3572794 -0.05590379 -0.4547883 -0.4104024 -0.09538656 0.25374088 -0.049572993
124 -0.098432064 -0.08461651 0.49776608 -0.032558654 -0.039635107 -0.085688986 -0.07431148 -0.05099987 0.34400034 -0.088641085 -0.033413775 -0.04015564 -0.17270994 0.30496374 -0.3567305 -0.35866883 -0.35295036 -0.090978175 0.27049795 0.17090338 0.23029043 -0.103056215 0.09021744 -0.37102947 -0.09791737 -0.41911128 0.0065761646 -0.48422968 -0.39356193 -0.04269176 0.21228144 0.03194527
108 -0.09543858 -0.0073526287 0.39139667 -0.04605499 -0.01861024 -0.11150701 -0.12461206 -0.13654402 0.29549566 -0.08907261 -0.024504386 0.049608506 -0.18821491 0.217498 -0.25861531 -0.3346907 -0.29235318 0.017643362 0.17425728 0.1445549 0.22825535 -0.12666743 0.15883763 -0.39504856 -0.094543785 -0.40422148 0.003110105 -0.39199224 -0.3725266 -0.069786966 0.22727856 -0.04137988
2 -0.20497368 0.030921353 0.24537604 -0.15571874 -0.059784606 -0.1874543 -0.18839736 -0.24416351 0.12289213 -0.24540682 0.023482515 0.08643869 -0.11735436 0.28936982 -0.08301197 -0.22416821 -0.18050575 0.20846666 -0.018797526 0.17259063 0.23673342 -0.035580277 0.27078715 -0.3910316 -0.23679051 -0.1952404 -0.014791274 -0.36778158 -0.36190858 -0.22579029 0.12251004 -0.15547265
64 -0.08904593 0.052809294 0.122507356 -0.14867708 0.04320612 -0.13318549 -0.23680478 -0.33409494 0.18700893 0.050112076 -0.16311923 0.12824006 -0.29515275 0.1416244 -0.13635033 -0.27697864 -0.21119198 0.2854127 -0.051734254 0.011341109 0.2133967 -0.047490124 0.2806361 -0.5043149 0.040317465 -0.24939182 -0.0442322 -0.2761768 -0.30961236 -0.022086633 0.2978957 -0.14730597
56 -0.105132215 0.08996751 0.33653656 -0.16998233 0.13293183 -0.15117396 -0.26524398 -0.2260159 0.12214001 -0.06150265 -0.06269163 0.20971301 -0.14479373 0.11540334 -0.09375899 -0.28228024 -0.14708422 0.33001545 0.022759665 0.15378065 0.18014297 -0.18403265 0.23921122 -0.31157365 -0.10357338 -0.3311862 0.08253729 -0.3566615 -0.27871093 0.039314542 0.23394388 -0.16019338
21 -0.21053153 0.12570713 0.26522973 -0.1991914 0.05625987 -0.20349318 -0.28237003 -0.32862946 0.1166479 -0.2802764 -0.02005125 0.16026086 -0.13237523 0.21211639 -0.042748537 -0.18677834 -0.07564513 0.3590353 -0.03539394 0.18032394 0.27575457 -0.106310025 0.34521052 -0.35340318 -0.28163865 -0.21099803 0.01144161 -0.27860436 -0.29356965 -0.20818464 0.15129857 -0.20391299
18 -0.0638995 0.03631521 0.19606349 -0.16805916 -0.026109472 -0.09204953 -0.17313892 -0.29366517 0.202687 0.051946472 -0.15866886 0.102717 -0.2790301 0.18524563 -0.15310298 -0.3112728 -0.20663238 0.18524256 0.03727231 0.02932076 0.25416544 -0.0649072 0.21907954 -0.48960102 0.013592959 -0.2638642 -0.043984618 -0.30992258 -0.33797565 -0.050735544 0.27441812 -0.09212052
123 -0.08915804 -0.09492108 0.46206233 -0.030375475 -0.074946515 -0.039906852 -0.028079862 -0.022500237 0.409567 -0.025098108 -0.028279185 -0.08216412 -0.25136963 0.27324522 -0.38054973 -0.39336395 -0.42502582 -0.14229307 0.32380167 0.11958837 0.24526449 -0.115173675 0.07214916 -0.4149817 -0.025990618 -0.47445613 -0.0037150672 -0.457246 -0.44837007 -0.056723736 0.23583469 0.07208033
116 -0.12043345 -0.029188804 0.33070752 -0.04885702 -0.009997806 -0.07467807 -0.1332449 -0.14595236 0.24466103 -0.06836872 -0.029919172 0.065452665 -0.15981686 0.2954619 -0.24835318 -0.34562877 -0.26812565 0.094154835 0.15180962 0.14829457 0.19028129 -0.11051493 0.14885455 -0.37149024 -0.10613872 -0.34534684 -0.024069082 -0.39814714 -0.39458048 -0.06226883 0.18429549 -0.08806091
73 -0.20883083 0.09018109 0.20633948 -0.20127957 -0.052014887 -0.18767357 -0.26620358 -0.29662254 0.059768822 -0.2515375 -0.05085141 0.15406175 -0.05913844 0.30606508 -0.038358662 -0.2354298 -0.13763781 0.36911723 -0.111947276 0.18656383 0.22729126 -3.770567e-05 0.3487705 -0.35461906 -0.23796839 -0.12868276 -0.09341916 -0.33210224 -0.32074174 -0.20863263 0.12977566 -0.25569102
93 -0.08615723 0.07806646 0.10276003 -0.20802058 -0.037725117 -0.14430916 -0.28227526 -0.4173366 0.1387488 0.07859835 -0.1906347 0.15626882 -0.28031924 0.17613935 -0.10682767 -0.23900935 -0.1798284 0.3672644 -0.17573321 0.0014041913 0.22007687 0.02222545 0.34739974 -0.4903887 0.02371563 -0.15833908 -0.16022928 -0.22661777 -0.2868288 -0.0464669 0.29570475 -0.1910451
58 -0.08532222 -0.038087312 0.40061146 -0.07495855 -0.064905114 -0.091039985 -0.12803702 -0.125246 0.27900645 -0.10329672 -0.04095543 0.025879007 -0.17714344 0.24630547 -0.2765863 -0.2859415 -0.26307923 0.024394335 0.21601085 0.21266107 0.23248297 -0.14140947 0.13607588 -0.35569078 -0.14415096 -0.38782644 -0.028343074 -0.41110557 -0.3568791 -0.070884235 0.21607472 -0.022865368
63 -0.1684958 0.057417944 0.29846507 -0.15510784 0.041759357 -0.15141636 -0.21052471 -0.26298338 0.12002318 -0.19135372 0.014754038 0.15298834 -0.10858012 0.2193511 -0.10362803 -0.28200784 -0.1786164 0.24933009 -0.0054210853 0.14166808 0.22976445 -0.07865243 0.28391787 -0.32520345 -0.18731967 -0.20048171 0.046741933 -0.3853572 -0.36444375 -0.11280888 0.14981306 -0.14320953
51 -0.10723641 0.10075742 0.314079 -0.15706922 0.1457659 -0.15075749 -0.2596303 -0.25593665 0.12799305 -0.101498455 -0.06269174 0.25389057 -0.11590701 0.17495745 -0.0761504 -0.31363907 -0.18634875 0.3881091 0.010877718 0.13208435 0.19394554 -0.111243084 0.24698271 -0.31946233 -0.12402491 -0.29893583 0.05721046 -0.30171406 -0.33078507 0.02651706 0.16698076 -0.15282111
6 -0.24223588 0.055648 0.229 -0.19248718 -0.045931496 -0.14735389 -0.2323421 -0.28566265 0.15670688 -0.23220746 8.213805e-05 0.06170573 -0.13175625 0.25612497 -0.10044909 -0.22346564 -0.14962642 0.2261669 -0.04350338 0.17351371 0.27553913 -0.025526926 0.2956239 -0.4149151 -0.20775412 -0.18620121 -0.05594339 -0.316865 -0.32433358 -0.23458678 0.123885415 -0.1302885
30 -0.08862158 0.08799909 0.30140057 -0.15054324 0.14854853 -0.15809862 -0.27440035 -0.26115417 0.16910283 -0.04093475 -0.09289598 0.17467317 -0.18613745 0.14762056 -0.10471033 -0.31263912 -0.14106415 0.25502977 0.10074954 0.14596972 0.19074476 -0.16379943 0.22409567 -0.38563237 -0.08691659 -0.33824643 0.08821291 -0.32323408 -0.26476827 0.0091116 0.24223265 -0.111175545
101 -0.11718097 -0.018655863 0.30026615 -0.08566234 -0.03921298 -0.10484621 -0.15550092 -0.19657661 0.2663741 -0.03536505 -0.09335265 0.011708193 -0.1990403 0.2595062 -0.2533654 -0.3096206 -0.25576398 0.10152272 0.11300088 0.116235286 0.22688404 -0.12164538 0.15283836 -0.4270309 -0.05441853 -0.34815052 -0.054060496 -0.29873782 -0.37067053 -0.07332885 0.23008628 -0.10074829
50 -0.13097465 0.10197738 0.2736919 -0.15345588 0.08269313 -0.13421786 -0.27963406 -0.29245394 0.14618997 -0.09760717 -0.09969563 0.21819563 -0.17214435 0.17404999 -0.06962719 -0.26210073 -0.16207765 0.330187 -0.032063305 0.12603302 0.21457611 -0.06411642 0.28350097 -0.3361065 -0.12671655 -0.28502005 -0.0032109786 -0.30639416 -0.31197762 -0.04489229 0.21910556 -0.1895594
78 -0.08555263 0.17909239 0.29365513 -0.24067903 0.20412765 -0.179838 -0.3465559 -0.37080172 0.036165964 -0.094305865 -0.10215217 0.3667093 -0.15822646 0.064741224 0.0062818006 -0.2982876 -0.10190709 0.5370601 -0.04454208 0.12424038 0.18474717 -0.16156706 0.31572774 -0.2871625 -0.1256183 -0.2917463 0.10021355 -0.30480587 -0.24816237 0.11676978 0.2342265 -0.21519807
72 -0.14625277 0.05887138 0.08192312 -0.18172552 -0.09922673 -0.14614718 -0.20653254 -0.36064583 0.13905667 0.013701734 -0.21217674 0.10940873 -0.27914536 0.25978595 -0.14246476 -0.23101914 -0.19804278 0.29094806 -0.15701148 0.056524377 0.22715117 0.1013786 0.32617453 -0.53080034 0.04325629 -0.104617715 -0.18872936 -0.2629435 -0.33235362 -0.15154053 0.20644596 -0.19710433
59 -0.106827416 0.07987153 0.32717022 -0.1850476 0.1578423 -0.14577237 -0.24463955 -0.2656116 0.12845063 -0.12580271 -0.042054594 0.25299084 -0.151859 0.14037235 -0.08646203 -0.32307574 -0.18775016 0.35375875 0.07379035 0.14174303 0.19415128 -0.14097673 0.23762448 -0.3171537 -0.10345063 -0.30446061 0.10434034 -0.35323548 -0.2818407 0.032127887 0.1669314 -0.1229719
97 -0.0467986 -0.013107822 0.42154422 -0.07256485 0.025626702 -0.089123465 -0.10175568 -0.08853727 0.2904785 -0.03771546 -0.021131106 0.017753052 -0.21035928 0.2073811 -0.2890294 -0.3673874 -0.3044557 0.010749921 0.2257411 0.1546042 0.22461696 -0.16629103 0.118951194 -0.37747037 -0.075819485 -0.4413387 0.06310642 -0.43331516 -0.35590386 -0.0052234363 0.2530296 -0.016853418
90 -0.10819816 0.10828024 0.09514885 -0.17359793 0.024310803 -0.17503126 -0.2945578 -0.36529794 0.105915986 0.05433878 -0.19574288 0.17886345 -0.23209281 0.20161897 -0.077728264 -0.282336 -0.11832406 0.4058594 -0.16013671 0.092464715 0.21102358 0.002733546 0.30922133 -0.4721735 0.011967894 -0.19107306 -0.076951824 -0.24776651 -0.2547674 -0.07889736 0.24184754 -0.26008594
106 -0.17656845 0.03766 0.32380494 -0.12888204 -0.021149905 -0.13212106 -0.14286263 -0.21328072 0.21494901 -0.20752782 -0.028044648 0.08785443 -0.14083476 0.30755746 -0.17352784 -0.27338287 -0.22180977 0.13736925 0.063690074 0.19117667 0.22542515 -0.04369724 0.20666169 -0.34940705 -0.21665774 -0.27091643 -0.0129918065 -0.38476512 -0.32375053 -0.1660225 0.15557398 -0.10407091
81 -0.105739124 0.09603767 0.120203085 -0.22522905 0.019605843 -0.14074227 -0.22656655 -0.39237726 0.12797697 -0.0031065592 -0.14866938 0.13983965 -0.23973684 0.17391661 -0.10144976 -0.25345296 -0.18144849 0.35689783 -0.12597907 -0.01974666 0.24849568 0.008576194 0.32034183 -0.46484214 0.016006762 -0.13472143 -0.05873715 -0.26074946 -0.3334844 -0.039208096 0.245516 -0.14798595
49 -0.12988408 0.13468501 0.36459303 -0.15998933 0.22662638 -0.15578967 -0.30605856 -0.2788021 0.085820965 -0.1563854 -0.054110695 0.34059334 -0.0857218 0.07619381 -0.0027048576 -0.32335997 -0.13511376 0.4493647 0.028226994 0.18304598 0.17048611 -0.1673776 0.29433236 -0.25672454 -0.09202075 -0.31246972 0.13403125 -0.31766918 -0.3038702 0.09588036 0.17128849 -0.17271781
122 -0.09505559 0.08647143 0.09091508 -0.21346436 -0.008143433 -0.12730967 -0.26849464 -0.39113423 0.09429614 0.0722557 -0.23221795 0.19617629 -0.27330172 0.17349383 -0.118753925 -0.23732194 -0.14960717 0.37594205 -0.14817621 0.012697447 0.21612011 -0.0010818577 0.34176427 -0.4989683 0.026646994 -0.16305436 -0.105787195 -0.2347015 -0.268993 -0.065870695 0.24962802 -0.20869745
119 -0.14917673 0.023554599 0.35004407 -0.13171518 0.0075195106 -0.15322876 -0.16836524 -0.21070592 0.19305995 -0.0923829 -0.0499685 0.104564324 -0.1556789 0.23890214 -0.14492457 -0.28711632 -0.18572716 0.1648301 0.083946005 0.18180571 0.21312198 -0.087097555 0.20107888 -0.3719724 -0.08875476 -0.3421309 0.016307801 -0.34453154 -0.33476442 -0.08308818 0.18542853 -0.116472244
120 -0.14019154 -0.052642845 0.44281748 -0.078911796 -0.010974672 -0.10308763 -0.10248315 -0.09871887 0.29547936 -0.057396226 -0.021270158 0.0387416 -0.19206381 0.22776087 -0.31126863 -0.34247363 -0.3069253 -0.025277015 0.23841451 0.15357941 0.22766286 -0.083637916 0.13162342 -0.40905395 -0.044303093 -0.40766832 -0.020925907 -0.4010139 -0.3862638 -0.046327297 0.22212225 0.017490853
46 -0.0029461065 0.10877357 0.37770993 -0.113149405 0.22087252 -0.13822477 -0.30080476 -0.24544568 0.15835412 -0.0049144505 -0.08570092 0.26107514 -0.18738395 0.06347601 -0.09169169 -0.34984913 -0.1722765 0.31092578 0.0906832 0.16969801 0.18858093 -0.19780065 0.22605246 -0.296639 -0.062426284 -0.41680402 0.20170332 -0.36261457 -0.23466991 0.13102593 0.27376965 -0.12041413
5 -0.16842656 0.055302475 0.29924947 -0.13976328 -0.040784877 -0.12982059 -0.19777645 -0.29635608 0.14480484 -0.115690656 -0.027624818 0.14743507 -0.16897078 0.29320532 -0.09863652 -0.16313903 -0.18017054 0.20930909 -0.007415788 0.18953471 0.23764089 -0.017090753 0.32967678 -0.38832116 -0.22895159 -0.2666006 -0.106772535 -0.30058607 -0.29223812 -0.20447327 0.2195737 -0.10604089
128 -0.15148841 0.08835984 0.34197342 -0.18721935 0.07360427 -0.15568928 -0.229488 -0.2796886 0.13224265 -0.18436386 -0.010703054 0.20271322 -0.102676995 0.16975541 -0.05184918 -0.25866488 -0.14331521 0.3407981 0.056343507 0.1545732 0.24200785 -0.14325942 0.2616388 -0.33189654 -0.19037667 -0.31287923 0.046186823 -0.298104 -0.31376505 -0.092822894 0.14513218 -0.18300003
39 -0.10327005 0.1533879 0.3510512 -0.21274133 0.2591556 -0.17030561 -0.3563316 -0.25780016 0.0841761 -0.11389634 -0.07363695 0.29086012 -0.11274673 0.07752291 -0.034358494 -0.31698146 -0.107189365 0.48200974 0.005209789 0.1416518 0.2080177 -0.20656045 0.280532 -0.2779065 -0.14187357 -0.37523848 0.19245495 -0.3280196 -0.24153952 0.10957079 0.19344977 -0.20422098
86 -0.057583928 0.052391164 0.16928239 -0.18298271 -0.04113963 -0.120928526 -0.20961826 -0.337077 0.09282204 0.13679422 -0.21241371 0.18410389 -0.2499321 0.18660681 -0.15399885 -0.26132086 -0.22078077 0.3357803 -0.14235501 0.034803297 0.21944104 -0.0384586 0.2902226 -0.46181315 0.080316395 -0.18613826 -0.08876128 -0.31826383 -0.29850242 0.026420299 0.28490657 -0.19165173
23 -0.2427549 0.031227846 0.30321202 -0.17569931 -0.10410787 -0.19173615 -0.15745367 -0.25846142 0.14989045 -0.31978852 0.050635885 0.061255142 -0.07382184 0.33648407 -0.0719631 -0.19285002 -0.15457541 0.16691042 0.007083699 0.27643663 0.2658144 -0.038749646 0.27574044 -0.3903631 -0.30263498 -0.17834395 -0.064050674 -0.3711668 -0.3397209 -0.31064546 0.12824525 -0.11565606
35 -0.12974876 0.04506922 0.116980106 -0.21511304 -0.026051953 -0.17192096 -0.22748978 -0.33511943 0.14800395 0.0035743725 -0.15897559 0.09913058 -0.24870889 0.20290847 -0.11780397 -0.2776949 -0.18756403 0.28950465 -0.0985907 0.056193076 0.22507103 0.0148497615 0.25233525 -0.48775092 0.052517653 -0.1577938 -0.10787681 -0.26007238 -0.34046063 -0.08097308 0.24731989 -0.17904618
68 -0.094620325 0.030396976 0.16227145 -0.1678708 -0.053274836 -0.12147354 -0.18652576 -0.36278448 0.17390518 0.0878629 -0.19949582 0.10423015 -0.30198956 0.20614356 -0.15782222 -0.28007412 -0.20793799 0.2341457 -0.082830325 -0.029998373 0.25925547 -0.040699214 0.26647574 -0.51313055 0.05306958 -0.21478002 -0.116725214 -0.2925062 -0.33079204 -0.0634418 0.25049296 -0.13066259
114 -0.03777477 0.0697263 0.22453749 -0.17165 0.04603022 -0.137794 -0.2219152 -0.31306806 0.12722681 0.050718997 -0.20050126 0.17027573 -0.29023817 0.13711967 -0.13771741 -0.30684277 -0.1752658 0.3210641 -0.010806097 0.02552749 0.23187123 -0.11742498 0.2576602 -0.44646767 0.004180052 -0.29809868 -0.02170025 -0.24906735 -0.2750439 0.0051942174 0.2907147 -0.1669635
29 -0.21136418 0.06567391 0.2730859 -0.16610156 -0.0782227 -0.14111206 -0.18621585 -0.24409316 0.1393583 -0.21300937 -0.018464418 0.15536772 -0.13025977 0.3023634 -0.13696198 -0.2212516 -0.22323465 0.22110882 0.0031362583 0.22484607 0.22020037 -0.028367454 0.283669 -0.3530663 -0.18038502 -0.20030193 -0.1560879 -0.32660723 -0.3248472 -0.19147146 0.14272249 -0.16649295
28 -0.23186179 0.040756475 0.21350046 -0.14300443 -0.09801782 -0.16245586 -0.20449054 -0.3271334 0.14665072 -0.15813251 -0.040468037 0.094513625 -0.13772985 0.31414154 -0.10399491 -0.20556815 -0.2037928 0.21054578 -0.08145215 0.19067442 0.22960776 0.015005268 0.28465477 -0.42271233 -0.14364949 -0.15535027 -0.13742934 -0.2846513 -0.35069308 -0.207033 0.13693647 -0.19682477
20 -0.18049462 0.07123036 0.16607784 -0.18736441 -0.064844035 -0.15796682 -0.21817423 -0.34603065 0.117403924 -0.0051019886 -0.15396792 0.18052092 -0.22964919 0.27144238 -0.08995156 -0.21496423 -0.18304618 0.28989953 -0.15226927 0.066967905 0.20230842 0.046543863 0.3646457 -0.44784817 -0.040481757 -0.16996637 -0.15873204 -0.30848098 -0.2932394 -0.09810721 0.20016456 -0.19868636
7 -0.2266391 0.03237816 0.21174088 -0.12997562 -0.08058622 -0.20072408 -0.21359219 -0.3111878 0.09468999 -0.25212368 -0.01116519 0.10076432 -0.10611339 0.3405434 -0.051796623 -0.25687233 -0.16842091 0.25007936 -0.029956304 0.21485598 0.18567048 -0.0037408466 0.25369614 -0.39592928 -0.18264866 -0.16582917 -0.0736608 -0.33015567 -0.3720654 -0.23058088 0.09583367 -0.22643663
36 -0.12083474 0.056969974 0.29224625 -0.17522524 0.065455586 -0.11497978 -0.21284588 -0.2638143 0.15302719 -0.12183867 -0.11209377 0.19465397 -0.15933837 0.17532164 -0.09175842 -0.28437898 -0.16501518 0.33213148 0.032627217 0.14549759 0.24188443 -0.12934455 0.25861883 -0.32370093 -0.12056382 -0.26235256 0.036853157 -0.33472213 -0.33936548 -0.019269332 0.18394382 -0.15941449
104 -0.21680483 0.10581371 0.27241334 -0.19678171 -0.04542646 -0.20063663 -0.23706888 -0.30003953 0.1290234 -0.22360916 -0.0128468145 0.13468146 -0.13722412 0.22742741 -0.034588728 -0.21700732 -0.17604132 0.27942103 -0.056566846 0.23113441 0.19968994 -0.016926436 0.31118214 -0.3978175 -0.19414625 -0.20574066 -0.12049952 -0.26884177 -0.3220638 -0.21226548 0.13902844 -0.15258409
80 -0.07788096 0.026333129 0.238575 -0.14884631 -0.0441907 -0.08677397 -0.117487684 -0.27516592 0.23923843 0.12719798 -0.15736452 0.07713938 -0.32565647 0.17974721 -0.24432257 -0.30227676 -0.30695942 0.09462326 0.016361184 0.040557854 0.20201539 -0.007689414 0.22806452 -0.4883384 0.08925461 -0.2720779 -0.08216241 -0.3365853 -0.31843698 -0.013688526 0.31146702 -0.051359676
65 -0.073362365 -0.061148897 0.42211425 -0.056007575 0.017131666 -0.08329842 -0.10034591 -0.11968268 0.3490309 -0.023146847 -0.040995643 -0.02924623 -0.24796018 0.22360669 -0.33532193 -0.36702782 -0.33173084 -0.05435304 0.27186975 0.11529854 0.1926268 -0.10064908 0.070645645 -0.42403662 -0.0482594 -0.42492908 0.07290974 -0.42549428 -0.36039636 -0.018782364 0.2578429 0.035462458
66 -0.14212975 0.08200607 0.29932758 -0.19869699 0.1123077 -0.17292961 -0.2709831 -0.24313635 0.09469532 -0.14494936 -0.018865341 0.1946629 -0.1391898 0.19067861 -0.061846856 -0.23648722 -0.1475668 0.37513548 -0.027511323 0.14481072 0.20760594 -0.078633174 0.31711924 -0.33207068 -0.180048 -0.24355108 0.03624149 -0.33680028 -0.2698377 -0.07054841 0.15500621 -0.15316175
22 -0.08424818 -0.004691465 0.3575531 -0.0642574 -0.024635233 -0.08950208 -0.121366 -0.13382353 0.28386337 -0.0013101661 -0.06711272 0.020380525 -0.24965808 0.23066133 -0.2611861 -0.31938678 -0.30321413 0.02164239 0.14905468 0.14386095 0.23880653 -0.12309356 0.15159974 -0.44858202 -0.025856959 -0.3718305 -0.0357642 -0.35884866 -0.3634292 -0.04711155 0.25842434 -0.04651394
1 -0.19463098 0.016564641 0.19327568 -0.12649813 -0.13561848 -0.13544942 -0.18300444 -0.25479224 0.10675755 -0.25710398 -0.057211656 0.09676205 -0.054495756 0.3701871 -0.077713184 -0.30650863 -0.223466 0.21627282 -0.085004814 0.1316035 0.21572116 0.020406961 0.2822928 -0.3718856 -0.15904191 -0.1088305 -0.109700516 -0.40358502 -0.40153855 -0.1927881 0.10240421 -0.18097639
54 -0.08186388 0.07844526 0.3283044 -0.14154395 0.07181032 -0.14255688 -0.2339134 -0.25187147 0.12583704 -0.023179531 -0.0835095 0.23356481 -0.16860987 0.17227708 -0.12821655 -0.28483254 -0.16294834 0.26370165 0.024486596 0.15138045 0.2155364 -0.101329446 0.26956522 -0.3751674 -0.048622638 -0.2731616 -0.020081667 -0.32582536 -0.29262838 0.0074001667 0.26305205 -0.121571116
115 -0.119453795 -0.057094667 0.37472424 -0.06556647 -0.16329077 -0.059330653 -0.05765347 -0.09314864 0.2937225 -0.04176536 -0.048208043 0.025976697 -0.18404791 0.361999 -0.3257359 -0.3516139 -0.38054428 -0.07590995 0.1987705 0.14051035 0.22927727 -0.033739775 0.13715094 -0.41551584 -0.055037025 -0.30807805 -0.18260774 -0.45153546 -0.4354383 -0.112848885 0.19541372 0.020293297
17 -0.23934755 0.08127775 0.283534 -0.13991337 -0.034268506 -0.1869635 -0.23141876 -0.27688497 0.147235 -0.23472689 0.0009658364 0.09599348 -0.10608551 0.25306243 -0.11011568 -0.17260799 -0.13317348 0.28350168 -0.02639905 0.19732153 0.25038865 -0.052787397 0.32424235 -0.37766182 -0.21495204 -0.20188406 -0.06727387 -0.29621592 -0.33636534 -0.23423389 0.12315662 -0.18734886
13 -0.2238399 0.056251615 0.22065088 -0.17602532 -0.025153058 -0.15225941 -0.23253588 -0.26183304 0.13049278 -0.18063636 -0.032992408 0.17416632 -0.18799983 0.30441117 -0.038863163 -0.18428233 -0.17501244 0.29631233 -0.085801534 0.18045677 0.21247062 0.0022134935 0.33169985 -0.38351 -0.14961733 -0.22773524 -0.16405797 -0.28382745 -0.2977958 -0.21935704 0.14188354 -0.16526422
44 -0.12122034 0.09335011 0.36493334 -0.19216481 0.18253383 -0.16283123 -0.2469797 -0.24163386 0.11132293 -0.19862266 0.0014209069 0.25188544 -0.048276104 0.13372518 -0.051037837 -0.33579212 -0.200398 0.35170695 0.03649714 0.18474275 0.17576247 -0.15662211 0.24474601 -0.24267122 -0.17512585 -0.2872906 0.14874181 -0.3949293 -0.29384843 0.05932396 0.17050283 -0.1522739
89 -0.076911 0.06898231 0.19676188 -0.19299428 0.02526982 -0.13290702 -0.24919653 -0.3634538 0.10022849 0.09701974 -0.22312061 0.23251173 -0.26714915 0.1407608 -0.08908707 -0.29850873 -0.1793719 0.34304658 -0.116451174 0.05096928 0.21377479 -0.036984906 0.3430253 -0.466651 0.057668537 -0.21006005 -0.024005137 -0.28430235 -0.26965153 0.0464106 0.3001224 -0.16419236
95 -0.06961407 0.06999759 0.095359564 -0.19228277 -0.013195386 -0.08429304 -0.21011795 -0.3428594 0.20039523 0.09635724 -0.21750607 0.128849 -0.3499631 0.19227691 -0.17940104 -0.2666023 -0.24276905 0.23181514 -0.06581563 -0.009010605 0.24021363 0.004043994 0.26432675 -0.5127401 0.05913551 -0.22540006 -0.12835227 -0.25344798 -0.300144 -0.067348026 0.28443244 -0.084613755
109 -0.026757305 -0.061297625 0.44320944 -0.056545004 -0.039952844 -0.08842191 -0.085554995 -0.09899649 0.3068618 0.06290274 -0.08975971 0.0077115223 -0.23015662 0.25043115 -0.3280046 -0.3588485 -0.32394636 -0.026792863 0.21929628 0.09453763 0.22718668 -0.14724238 0.11286198 -0.43590918 0.007463344 -0.39709693 -0.016688885 -0.46201524 -0.38042793 0.016816242 0.26323366 0.0033316885
61 -0.1944024 0.04063895 0.31651503 -0.20355423 0.0077633504 -0.15994634 -0.19675879 -0.29910803 0.11863018 -0.23800638 0.010871199 0.13991185 -0.09664002 0.23874658 -0.05286307 -0.20870857 -0.14091729 0.26186073 0.023168894 0.19035672 0.2575132 -0.092016004 0.2570625 -0.37826663 -0.2033037 -0.23588493 0.024355525 -0.32516935 -0.3269314 -0.18467596 0.14184175 -0.1235002
113 -0.17599112 -0.008701892 0.33402124 -0.08603067 -0.032706 -0.10504181 -0.12691772 -0.21221538 0.2507996 -0.15902288 -0.030369729 0.085030675 -0.1752326 0.2829061 -0.20577712 -0.30113894 -0.23908797 0.09091154 0.14368841 0.18144113 0.23184569 -0.059719555 0.19872195 -0.3948429 -0.11847718 -0.30555677 -0.06372213 -0.34868604 -0.3885782 -0.14941262 0.16827321 -0.073177494
31 -0.27669263 0.037654866 0.29246134 -0.109588265 -0.17371581 -0.18951358 -0.19264652 -0.31519923 0.16344419 -0.30986786 -0.018785048 0.07526705 -0.096423395 0.36907637 -0.068577826 -0.13831533 -0.1538761 0.17996855 -0.048964635 0.28277412 0.23242311 0.0003986663 0.3470173 -0.42615312 -0.27191117 -0.14365241 -0.22814581 -0.27772227 -0.3588159 -0.38897133 0.11308913 -0.22108255
42 -0.1239949 0.13737154 0.28804266 -0.15631689 0.15766476 -0.15158719 -0.3030001 -0.2810838 0.12678948 -0.07352535 -0.096164994 0.23551357 -0.16413085 0.157681 -0.05728074 -0.27251425 -0.09475687 0.38423064 -0.0136615345 0.16354218 0.17925797 -0.13269165 0.2997418 -0.33760956 -0.11221404 -0.34857678 0.047373217 -0.26870733 -0.24279444 -0.018828189 0.20457056 -0.21715136
98 -0.10730096 0.08015143 0.2711858 -0.15302068 0.102845326 -0.13506031 -0.26836103 -0.26777413 0.14623515 -0.03818177 -0.06118439 0.18600151 -0.13775665 0.19679731 -0.105268985 -0.2894565 -0.17603774 0.3687038 -0.040357053 0.15352218 0.19071348 -0.08362983 0.2666757 -0.36465782 -0.06495368 -0.2762577 0.01510133 -0.33610183 -0.28166866 0.0020848336 0.20815085 -0.16499501
24 -0.061039265 0.06283941 0.25982395 -0.15924013 0.011106294 -0.100519866 -0.19422884 -0.25747234 0.24307618 0.029413808 -0.12685595 0.0920049 -0.29322025 0.14192185 -0.22421914 -0.2901637 -0.20118503 0.17679513 0.06588812 0.029045705 0.23887324 -0.09265004 0.22172812 -0.4623737 -0.026639143 -0.30607992 -0.056933843 -0.31214565 -0.29914126 -0.037473384 0.27212527 -0.07008716
79 -0.15915513 0.049247984 0.28121734 -0.20385882 0.05102569 -0.15555583 -0.20182347 -0.2866144 0.09794114 -0.09544321 -0.056088727 0.17000666 -0.12556718 0.19825326 -0.078630544 -0.2902689 -0.16037221 0.34964165 0.013733711 0.12944086 0.23489016 -0.060607135 0.24115744 -0.37573808 -0.088270165 -0.24132583 0.024618149 -0.32493514 -0.32849446 -0.03224058 0.16592313 -0.1611395
74 -0.118349284 0.0577229 0.17434673 -0.18645644 -0.012797983 -0.14560977 -0.20629202 -0.33413905 0.17840944 0.027639775 -0.17585312 0.11305715 -0.26807752 0.21157765 -0.16152611 -0.25255036 -0.18571909 0.26856348 -0.042835467 0.103417404 0.20553444 0.0014806726 0.24504642 -0.48729402 0.01748515 -0.22688442 -0.12297378 -0.25540024 -0.28446493 -0.06494264 0.27412775 -0.1567135
11 -0.09761867 -0.014840404 0.42964938 -0.06602194 -0.011915746 -0.121492065 -0.11443346 -0.13476996 0.2588835 -0.09318578 -0.03512934 0.021129617 -0.17158657 0.25864443 -0.28091556 -0.32439584 -0.28865632 0.075686984 0.18726446 0.17847444 0.2115773 -0.112281255 0.15019892 -0.3899122 -0.084537655 -0.37159497 -0.010185342 -0.42399842 -0.39347944 -0.09314969 0.18944612 -0.043479327
34 -0.10558862 0.11725487 0.284181 -0.13215084 0.13399705 -0.16184473 -0.29807463 -0.24318148 0.1433495 -0.13369258 -0.029634802 0.22051352 -0.12924281 0.16939627 -0.047810536 -0.2887667 -0.15063046 0.30639914 0.0643394 0.21675079 0.20566508 -0.14502051 0.24149355 -0.34468025 -0.21055421 -0.31698218 0.09006592 -0.31186697 -0.2894952 -0.047195394 0.20377535 -0.15801722
118 -0.11469973 0.008217167 0.30362752 -0.115605295 0.0011819259 -0.10621721 -0.18453069 -0.1773562 0.2539587 -0.071481906 -0.07423223 0.07042065 -0.18932605 0.23068216 -0.20226091 -0.33296186 -0.24199936 0.1045106 0.11473759 0.11410513 0.21369892 -0.1092136 0.15512638 -0.38585827 -0.09051516 -0.3717508 -0.0029450855 -0.32772556 -0.36231652 -0.073012225 0.19312167 -0.12823896
33 -0.25737247 0.04044081 0.29754215 -0.111313686 -0.12016875 -0.20644937 -0.17686689 -0.2746013 0.08813694 -0.36263064 0.045724135 0.06526074 0.009848477 0.3727928 -0.03870891 -0.20384213 -0.17748477 0.1908398 -0.042436182 0.3277863 0.24868508 -0.014069886 0.30008143 -0.3615169 -0.29640928 -0.1590135 -0.10891413 -0.40556112 -0.36090264 -0.32233235 0.058050945 -0.20823638
43 -0.14057006 0.15443312 0.3162213 -0.24681549 0.17139496 -0.167895 -0.28614092 -0.32303342 0.051367655 -0.21408625 -0.01710192 0.30288294 -0.09649426 0.15079197 0.008521371 -0.27203414 -0.080463596 0.45858118 -0.03525587 0.17555082 0.24035035 -0.16878302 0.31949526 -0.24261883 -0.21180205 -0.28222448 0.12256393 -0.32786348 -0.26745728 0.0013193054 0.17506026 -0.20733581
107 -0.058607433 0.03820574 0.17834795 -0.12071897 -0.04894912 -0.1123915 -0.22318062 -0.26789355 0.19901334 0.06338351 -0.1707488 0.094178855 -0.2780597 0.20015705 -0.18364365 -0.27710897 -0.24050666 0.21589811 -0.025264263 0.050088055 0.22861378 -0.065006875 0.2153652 -0.50545627 0.050144393 -0.27728277 -0.108701356 -0.27208114 -0.33328888 -0.04862462 0.25918117 -0.10852146
83 -0.107223794 0.119936444 0.11705768 -0.21042505 0.02059264 -0.1631391 -0.2431504 -0.3497656 0.14091098 0.04986248 -0.21224795 0.14923643 -0.32257432 0.13840908 -0.122749425 -0.27607912 -0.16922775 0.37092116 -0.07608289 0.006805615 0.20802836 -0.007949854 0.2825831 -0.48037896 0.01447817 -0.1928276 -0.10239639 -0.22371261 -0.31408685 -0.049033854 0.24384291 -0.1698521
100 -0.06601622 -0.0060709855 0.36971378 -0.04517505 0.04244821 -0.086528204 -0.1743736 -0.13397591 0.27851683 -0.079026274 -0.044843838 0.039463934 -0.17295165 0.19821005 -0.22343059 -0.3501006 -0.26422006 0.030599847 0.19182049 0.18363497 0.23924741 -0.15620685 0.18544145 -0.40275598 -0.087621585 -0.39491493 0.041615203 -0.39940035 -0.34166795 -0.06792259 0.2700223 -0.0024998
40 -0.07411034 0.07639723 0.21766315 -0.15023032 0.04593692 -0.13200647 -0.23574276 -0.30079275 0.12914301 0.012364515 -0.16830124 0.26210037 -0.19456339 0.22413255 -0.118969604 -0.2993154 -0.21852271 0.3328593 -0.05487638 0.04965947 0.16945015 -0.05820799 0.27358752 -0.3863016 -0.027655514 -0.25733575 -0.0154349 -0.31452677 -0.31962058 0.057114594 0.2047587 -0.2016396
117 -0.15251084 0.008217355 0.15639016 -0.19010445 -0.09452141 -0.103181705 -0.1681381 -0.32091933 0.15438983 -0.0064678355 -0.1489515 0.10393309 -0.24360347 0.27681553 -0.19329463 -0.2952686 -0.23134147 0.19617856 -0.026465742 0.054978207 0.26378062 0.031304143 0.24049902 -0.47132787 0.010404257 -0.1735647 -0.134163 -0.3073043 -0.3660891 -0.081828855 0.21988456 -0.10442074
127 -0.069035776 -0.08305793 0.48615155 -0.069159575 -0.056918293 -0.04889692 -0.060088452 -0.11706984 0.30385688 -0.020208912 -0.020878429 0.043565962 -0.1791244 0.24694945 -0.29528844 -0.34026122 -0.29427636 -0.081816524 0.31486157 0.1844718 0.24977833 -0.09588024 0.074889034 -0.39344218 -0.041987542 -0.4569752 -0.03000911 -0.45836103 -0.3774632 -0.006534591 0.29050085 0.07986556
10 0.001966646 0.08821635 0.1147786 -0.15500581 -0.009295895 -0.12575111 -0.2500088 -0.31412432 0.13663274 0.18791224 -0.24491718 0.18020128 -0.31253687 0.18117239 -0.18519531 -0.27714628 -0.2183763 0.35882202 -0.11949412 -0.023270046 0.21332814 -0.054636065 0.29751164 -0.48833436 0.06940736 -0.24190436 -0.124009974 -0.27098206 -0.29335862 0.027058193 0.29831773 -0.21870372
87 -0.040418137 0.050271675 0.101431996 -0.17102213 0.011841759 -0.12431184 -0.21216285 -0.34145075 0.19084553 0.14209299 -0.20429261 0.10468258 -0.34459966 0.17311354 -0.17349781 -0.29039812 -0.23451921 0.3111917 -0.049416974 -0.026801711 0.22357266 0.032089714 0.24343859 -0.5287814 0.11802864 -0.21779484 -0.1575369 -0.2507078 -0.31039202 -0.05075291 0.2512558 -0.13391209
32 -0.21168129 0.08514173 0.14358117 -0.17909281 -0.08658307 -0.19484219 -0.22814852 -0.3433617 0.093289696 -0.22614802 -0.06660856 0.12659343 -0.1721719 0.31976444 -0.027694395 -0.18467128 -0.1498877 0.2817701 -0.111163676 0.16439559 0.24526547 0.03962007 0.31758747 -0.4561973 -0.18577658 -0.11719165 -0.15464224 -0.29946846 -0.30902916 -0.2729753 0.12199585 -0.20938297
96 -0.16623878 0.10379144 0.26483902 -0.1965184 0.099216945 -0.17918508 -0.2564855 -0.28390387 0.06563928 -0.13502805 -0.09872179 0.2358801 -0.12954584 0.19760433 -0.043853156 -0.3125329 -0.17263047 0.42170888 -0.07454754 0.14632414 0.18878883 -0.04506858 0.3064679 -0.33287016 -0.071910016 -0.2278782 0.014526869 -0.323991 -0.31017902 -0.0018201619 0.16376556 -0.19515617
92 -0.24388412 0.046721518 0.3009112 -0.15625735 -0.075990245 -0.17748308 -0.18325387 -0.27621827 0.13316642 -0.16269788 -0.03200601 0.15633725 -0.1885753 0.35568604 -0.07345127 -0.16703229 -0.15421249 0.23129247 -0.07147365 0.18673083 0.24685477 0.023074983 0.3480889 -0.40503252 -0.23455659 -0.19919612 -0.16045633 -0.3383343 -0.30647868 -0.2865 0.13366623 -0.14808434
69 -0.13137305 0.16934296 0.31081462 -0.25429475 0.19887076 -0.19692953 -0.30034316 -0.3410043 0.07993301 -0.20016229 -0.018167999 0.3188476 -0.13473333 0.085389085 0.032083932 -0.2877489 -0.11505684 0.45766705 -0.0020970292 0.19202136 0.1826656 -0.108267374 0.32300454 -0.28238514 -0.14555316 -0.26596507 0.104488105 -0.3207457 -0.2411922 -0.0042893747 0.16813251 -0.16691671
27 -0.05397407 0.10838016 0.34975502 -0.19954959 0.2190667 -0.1564987 -0.3154793 -0.26489305 0.11796541 -0.076169424 -0.040595125 0.31227958 -0.14748667 0.06664973 -0.05332978 -0.33891216 -0.14830495 0.4014463 0.031615824 0.14206274 0.17751423 -0.19301194 0.28416708 -0.2962363 -0.088788114 -0.34194145 0.12511544 -0.35742688 -0.2446021 0.091847405 0.21012345 -0.1336931
82 -0.14049235 0.024770463 0.15073389 -0.1573046 -0.058025833 -0.13227859 -0.19046709 -0.3002364 0.1170049 0.05364856 -0.1789235 0.12767656 -0.22717841 0.2509689 -0.14360332 -0.2729771 -0.20615742 0.26127312 -0.14577223 0.03862497 0.21051432 -0.010906515 0.32104617 -0.45336345 0.028617164 -0.17180185 -0.16923429 -0.32714945 -0.32104355 -0.06433678 0.2218085 -0.20547272
38 -0.058358528 0.044267733 0.2698329 -0.097517036 0.023005418 -0.1328173 -0.20695178 -0.23920262 0.1714062 -0.07084505 -0.09411401 0.14069065 -0.1794014 0.22496241 -0.13740362 -0.31594563 -0.19889128 0.24385506 0.039461788 0.15172131 0.23018306 -0.09954094 0.21755637 -0.38886178 -0.10132177 -0.35134104 -0.02408262 -0.2990491 -0.3003896 -0.039502222 0.23434484 -0.15643406
55 -0.054999426 -0.07716806 0.4783486 -0.0616025 -0.07179124 -0.072788596 -0.07775929 -0.12326737 0.30780622 -0.011250742 -0.06053293 -0.007202155 -0.22388229 0.20204276 -0.34082708 -0.38618395 -0.3179323 -0.12831007 0.3362568 0.12579903 0.24745022 -0.1532314 0.054795884 -0.42232108 -0.032849155 -0.43679795 0.020116298 -0.46781945 -0.38307738 0.011758054 0.29023725 0.090010025
8 -0.19645081 0.119418785 0.15124677 -0.19360141 -0.00038159528 -0.21141888 -0.24378943 -0.4049755 0.059768625 -0.21327306 -0.070314094 0.16099745 -0.15342106 0.20893148 -0.019256711 -0.23637041 -0.15257366 0.3190461 -0.1204225 0.14769313 0.22970842 -0.028552536 0.35306254 -0.41425526 -0.13048168 -0.14162192 -0.006643245 -0.30686608 -0.32133442 -0.15505399 0.17294635 -0.23063545
67 -0.06243237 -0.0068457127 0.39202702 -0.07256008 0.07668105 -0.09116956 -0.19433711 -0.14054805 0.24442638 0.01620655 -0.06524096 0.13464887 -0.16162848 0.16633157 -0.21877512 -0.33957446 -0.2775579 0.17387854 0.1372268 0.12257333 0.19560628 -0.18008423 0.18435414 -0.36046574 -0.03263439 -0.397391 0.03644417 -0.36537164 -0.35076305 0.077041835 0.2305785 -0.06663978
94 -0.1454567 -0.042127978 0.21661796 -0.15449871 -0.086440496 -0.09400101 -0.12889442 -0.22731192 0.25558695 0.0015956883 -0.12409613 0.074699126 -0.24102208 0.2926378 -0.21771562 -0.32757902 -0.31504664 0.12573482 0.05948095 0.0060684686 0.19899192 0.04175953 0.21451567 -0.45376 0.035837837 -0.2317801 -0.1804107 -0.32405066 -0.43151096 -0.099100225 0.19710346 -0.07480331
3 -0.25934863 0.07873894 0.3126275 -0.12642995 -0.06593493 -0.21297704 -0.21703522 -0.3068933 0.13631757 -0.27872956 0.009526178 0.11064573 -0.09046011 0.31828305 -0.084299706 -0.18411732 -0.1582189 0.22234087 -0.03836311 0.2658901 0.22649412 -0.02663382 0.29903582 -0.3650231 -0.20406671 -0.18621542 -0.120467134 -0.33951053 -0.31072614 -0.25731766 0.14079453 -0.19844119
112 -0.13497493 0.062048774 0.2502752 -0.1294842 0.03118315 -0.1379339 -0.18968533 -0.27573085 0.18083212 -0.0217391 -0.13196322 0.15746163 -0.2187329 0.2083348 -0.13003594 -0.29394114 -0.23408954 0.20076248 -0.009021444 0.09898992 0.20760112 -0.022999264 0.26027122 -0.41608843 -0.039875604 -0.23030053 -0.023351733 -0.3117663 -0.34944823 -0.06251202 0.19855608 -0.110086344
99 -0.14476793 -0.015941834 0.4228552 -0.0434457 -0.028201202 -0.11988095 -0.109283686 -0.088074155 0.33877897 -0.19388261 0.030463992 0.006509677 -0.14941697 0.2618891 -0.26921308 -0.30208585 -0.32076192 -0.016679183 0.24829683 0.21106482 0.21081543 -0.12003283 0.11995689 -0.39486957 -0.20442873 -0.3761497 0.022193436 -0.4361689 -0.37520987 -0.13693243 0.16483979 -0.01403715
102 -0.25978577 0.04910003 0.21109359 -0.11946961 -0.1360674 -0.18856063 -0.1958602 -0.29320222 0.12568876 -0.29794607 0.0032412529 0.101318285 -0.1080562 0.38139808 -0.046202242 -0.20949446 -0.13675484 0.23930515 -0.09198707 0.23266084 0.24392875 0.042088803 0.30962515 -0.4330347 -0.24085806 -0.1150734 -0.14870825 -0.3321537 -0.3327502 -0.34197292 0.09707283 -0.24565677
26 -0.03965005 0.058198597 0.33810773 -0.12911963 0.13307713 -0.14936605 -0.27230465 -0.22869183 0.1319865 -0.06314232 -0.0908217 0.19889802 -0.11751745 0.10345918 -0.07983211 -0.34631053 -0.15358286 0.29708636 0.075285256 0.17591977 0.17706756 -0.21299273 0.23108543 -0.34166983 -0.057286493 -0.35009053 0.13120162 -0.3305759 -0.27899373 0.050173268 0.23657942 -0.16240361
126 -0.21491641 0.07629565 0.2051829 -0.20696715 -0.0019602347 -0.13504705 -0.23874317 -0.32390633 0.12388869 -0.17342778 -0.059346758 0.14182667 -0.16376263 0.2583388 -0.06961011 -0.21277288 -0.18431845 0.2883492 -0.08386882 0.16954674 0.23932604 -0.024206748 0.30077997 -0.4063875 -0.12609088 -0.17595749 -0.095803306 -0.27789268 -0.33297464 -0.1519041 0.15304609 -0.14620098
14 -0.28376654 0.047961086 0.35360834 -0.10392754 -0.08808667 -0.19745433 -0.20443943 -0.25088185 0.19490682 -0.27580965 0.04390888 0.0586562 -0.0721042 0.29319137 -0.13328975 -0.1981107 -0.16164938 0.16446358 0.03241475 0.28951955 0.22121699 -0.028519584 0.27958778 -0.4187364 -0.19354399 -0.19995938 -0.13730194 -0.31724852 -0.3357494 -0.28228632 0.11461036 -0.12711984
4 -0.06655741 0.0065032407 0.32682648 -0.10969568 -0.03873058 -0.089329295 -0.14380231 -0.21603283 0.28217205 -0.021562574 -0.06958166 0.035840817 -0.22888114 0.21350272 -0.2277556 -0.303234 -0.25125715 0.044882055 0.17541552 0.13401106 0.25311014 -0.11185314 0.1452349 -0.44495022 -0.07089485 -0.34657025 0.003967105 -0.34133804 -0.3324603 -0.050926965 0.28135702 -0.01694743
60 -0.13179736 0.047386218 0.33584797 -0.10243951 0.07329145 -0.1585605 -0.24626867 -0.25487196 0.15723272 -0.14815922 -0.0311767 0.16852374 -0.08757598 0.17215139 -0.08808471 -0.34024194 -0.13757257 0.21932796 0.08422546 0.21166827 0.2401124 -0.12206047 0.21713188 -0.36345163 -0.13260461 -0.33869538 0.11587108 -0.3597398 -0.32066125 -0.019725148 0.23516269 -0.11279622
105 -0.12525952 0.09492485 0.3284607 -0.20959385 0.12630071 -0.15689567 -0.2572758 -0.26515496 0.1110114 -0.18019953 -0.026987936 0.2572592 -0.12196386 0.1657562 -0.093084574 -0.2948654 -0.1421761 0.3673798 0.08322174 0.13089313 0.24212761 -0.12013757 0.24483614 -0.301153 -0.20193374 -0.2960761 0.04821388 -0.33636492 -0.29263303 -0.030442774 0.18063328 -0.16353448
111 -0.09522162 -0.054111697 0.46575433 -0.03618227 -0.07636899 -0.06797743 -0.09541291 -0.090998605 0.31312993 -0.0548575 -0.029359788 0.022927877 -0.16721213 0.2563644 -0.3123562 -0.31712958 -0.3254614 -0.012018182 0.2462792 0.20031205 0.24709858 -0.14986517 0.14017095 -0.39674124 -0.079480946 -0.39798495 -0.038041476 -0.4069127 -0.37449402 -0.05670056 0.24348794 0.021257594
9 -0.2545485 0.059641358 0.28306654 -0.17520714 -0.076947175 -0.14707212 -0.20055813 -0.26873007 0.14926201 -0.2485563 -0.003216977 0.12453605 -0.11800369 0.33035058 -0.08993726 -0.20346248 -0.1886322 0.15496472 -0.025470998 0.23427713 0.22673047 -0.005073402 0.3024815 -0.38967404 -0.2276337 -0.19447528 -0.09997728 -0.32513413 -0.32521188 -0.25419977 0.13255954 -0.13022575
125 -0.23635569 0.0679097 0.3146576 -0.20032915 -0.034301538 -0.17460358 -0.2039631 -0.2723642 0.091553695 -0.3471197 0.074887924 0.11324549 -0.0156127075 0.27520996 -0.03506079 -0.20400725 -0.12030308 0.2595668 -0.002144034 0.24843259 0.2815331 -0.06437647 0.3248626 -0.3134385 -0.30434418 -0.17812593 0.0043315715 -0.3720373 -0.36968404 -0.23649065 0.09676539 -0.17745613
85 -0.03789483 0.09375291 0.12567505 -0.18426868 0.083101675 -0.16005714 -0.2767052 -0.3664128 0.1686951 0.11989668 -0.22678836 0.16125914 -0.3196007 0.1257286 -0.153189 -0.27094212 -0.18298571 0.33751267 -0.07574703 0.011602359 0.21358386 -0.048284505 0.25186667 -0.48586184 0.062268145 -0.25224403 -0.034868654 -0.24701366 -0.23892152 0.022849062 0.2973513 -0.18305703
37 -0.17055914 0.07982062 0.2680312 -0.20036684 0.13219322 -0.14183058 -0.28878573 -0.26695523 0.12444705 -0.09136213 -0.06022095 0.22578861 -0.14541805 0.18646555 -0.06332413 -0.26186267 -0.09820983 0.39941397 0.006901617 0.16008458 0.22128132 -0.10319771 0.28173965 -0.33428735 -0.1112687 -0.29568672 0.043943107 -0.30950195 -0.28444237 -0.04153904 0.19797361 -0.182241
45 -0.099848986 0.018246833 0.17574167 -0.15530272 -0.065434135 -0.070560835 -0.16609693 -0.2517736 0.17324348 0.0052241953 -0.15099624 0.12763618 -0.23004693 0.3046736 -0.18135886 -0.31949806 -0.2996513 0.2184818 -0.015591188 0.023904981 0.23106661 0.029051889 0.25926614 -0.46302167 -0.03319892 -0.19299 -0.16355851 -0.35932043 -0.38796288 -0.07853506 0.18046023 -0.12150666
12 -0.30145326 0.097755365 0.1912749 -0.22484069 -0.08572668 -0.16237241 -0.24154781 -0.32701406 0.09240466 -0.3030826 -0.027893158 0.19278407 -0.10541706 0.36834565 0.015891474 -0.14525425 -0.1804157 0.3147564 -0.14967722 0.23943302 0.23903327 0.06815374 0.3917777 -0.37000173 -0.27204636 -0.12580816 -0.17830217 -0.3038094 -0.3113269 -0.31925952 0.08448641 -0.19007206
41 -0.09342177 0.015287693 0.29261404 -0.13192505 0.04118442 -0.104456894 -0.15600792 -0.19242947 0.27087754 0.022253903 -0.07809264 0.044751104 -0.24617368 0.18547775 -0.21332553 -0.3518214 -0.28532252 0.087478966 0.12255377 0.11229108 0.20394613 -0.10248545 0.14161447 -0.45709896 0.019588977 -0.35172498 0.039128337 -0.3547398 -0.33012015 -0.01472693 0.2367249 -0.056652147
48 -0.2621113 0.07402917 0.34032243 -0.17988896 -0.08172796 -0.16001335 -0.20044474 -0.29233956 0.123822294 -0.24982372 -0.010402833 0.15568064 -0.11658862 0.3359784 -0.05795361 -0.13588782 -0.1622169 0.23532227 -0.034323215 0.2465765 0.23329543 -0.014323174 0.3615831 -0.36776274 -0.25405782 -0.21505004 -0.17353281 -0.28518957 -0.31211615 -0.2934517 0.10448248 -0.17795153
16 -0.041540172 -0.0025385793 0.30253464 -0.093206756 -0.015135695 -0.10608798 -0.163318 -0.21719114 0.21463726 -0.018455507 -0.12996459 0.10433018 -0.23099174 0.19222704 -0.19300933 -0.28367922 -0.21247867 0.18631779 0.07664054 0.08629375 0.2514293 -0.15596367 0.22575825 -0.4023125 -0.045307405 -0.3434171 -0.03244457 -0.33749563 -0.35309958 -0.0031975943 0.26223442 -0.15172115
75 -0.072488286 0.06310739 0.18781069 -0.19367729 0.06935954 -0.11809235 -0.2139756 -0.31671432 0.16669582 0.13473807 -0.18772638 0.1533306 -0.31089312 0.1568762 -0.16891958 -0.30765867 -0.18872948 0.24683824 -0.009775283 0.014062127 0.24341294 -0.047406957 0.25714284 -0.48059613 0.050499532 -0.2734898 -0.040863592 -0.26694724 -0.2714712 0.030408084 0.31579483 -0.1260216
19 -0.2417309 0.106367946 0.25958604 -0.1975729 0.046889227 -0.1945018 -0.24469155 -0.2839066 0.15009555 -0.23010246 -0.017865906 0.11943896 -0.12688546 0.23044355 -0.054324273 -0.1637353 -0.09744401 0.33554557 -0.022612793 0.13325451 0.25494424 -0.09846435 0.31307667 -0.39916414 -0.22872369 -0.2554004 0.0033324023 -0.28942308 -0.27881947 -0.20310582 0.119362384 -0.18309046
103 -0.11846734 -0.035881713 0.35174957 -0.11431754 -0.020741655 -0.058912776 -0.06373144 -0.12356683 0.27088663 -0.03101015 -0.076576725 0.073939756 -0.2197351 0.26764876 -0.28091046 -0.36131912 -0.34717104 0.06770204 0.1524862 0.11491468 0.23248002 -0.07705973 0.13460554 -0.42517525 0.0063733943 -0.35818923 -0.071902186 -0.40366483 -0.38944146 -0.015466732 0.18972911 -0.026404979
53 -0.070434004 0.036219735 0.48968363 -0.17573723 0.24143964 -0.13130186 -0.21305698 -0.16386521 0.13185279 -0.07250854 -0.022427678 0.2701052 -0.12776569 0.09774842 -0.11759605 -0.3440265 -0.19354486 0.31987518 0.13769108 0.15903953 0.15355875 -0.25053704 0.21035407 -0.27357146 -0.0655761 -0.42870829 0.2157555 -0.40131965 -0.283759 0.14986764 0.18493976 -0.09134971
