128 32
36 0.024921868 -0.24448358 -0.22169755 0.23301567 0.07829254 0.30618283 0.4387164 -0.0694515 0.18318316 0.11624901 -0.31556755 -0.19730175 -0.1431645 -0.35456857 0.025614507 -0.34726843 -0.11484505 -0.16269925 -0.08834674 0.1446332 0.37893602 -0.3916267 -0.14352219 0.00748245 0.084755294 -0.1259798 -0.13217409 0.16961223 -0.0047323434 0.18063568 -0.23458225 0.13171129
72 0.19019558 -0.36037895 -0.09740731 0.08880569 0.02461739 0.10315837 0.40754586 -0.039955765 0.1609541 0.1388529 -0.3186199 -0.07200294 -0.22399804 -0.5057124 -0.21611623 -0.3954566 -0.0128569435 -0.057908073 -0.05572143 0.056153525 0.21815343 -0.09502853 0.0024448584 -0.017039038 -0.082490586 -0.33657977 -0.22795069 0.078360155 -0.25409427 0.20027307 -0.029271847 0.24944288
20 0.2048207 -0.3792037 -0.08997675 0.09580698 -0.081660904 0.12049106 0.40120244 0.047229186 0.16107976 0.17547004 -0.24475943 -0.07220852 -0.21665873 -0.4957201 -0.22983973 -0.42107427 0.008099641 -0.105743855 -0.038193453 0.066597275 0.1805111 -0.099933684 0.058724225 0.16920514 -0.10599995 -0.3437185 -0.18674293 -0.016943162 -0.2708575 0.25349697 -0.055550244 0.29535434
90 0.21389599 -0.39662915 -0.032716237 0.07836327 0.018045176 0.24233462 0.44016105 0.041911677 0.10061518 0.1783923 -0.25116834 0.0084184045 -0.23302628 -0.39265406 -0.17830324 -0.42147797 -0.00912478 -0.110838905 0.017913729 0.119526096 0.2615482 -0.13336387 0.0053551043 0.12037881 -0.09020752 -0.37841615 -0.12694775 0.059202388 -0.24734828 0.23837963 -0.044394273 0.18631762
108 0.053756837 -0.2828993 -0.23630686 0.18404356 0.10260815 0.14148289 0.41836178 -0.11284357 0.12497353 0.047219045 -0.4198041 -0.30444145 -0.12711723 -0.43636107 -0.13833347 -0.26000836 -0.10153452 -0.08095699 -0.13077442 0.079550214 0.31271505 -0.26553375 -0.064659774 -0.17831022 0.043544907 -0.16315858 -0.22354388 0.12872782 -0.066151746 0.11351999 -0.15828536 0.2989413
113 0.20487113 -0.36426237 -0.10003954 0.05123147 0.19042234 0.05117548 0.3904401 -0.1579244 -0.0008812046 0.02486796 -0.42615336 -0.13428922 -0.20705116 -0.49027777 -0.34093356 -0.26662856 0.0040294984 -0.0013256555 -0.10464975 0.04350737 0.2035676 -0.07000818 0.06286744 -0.23275504 -0.0848047 -0.32272753 -0.28587595 0.09022012 -0.35468075 0.10894939 0.019295279 0.32084352
103 0.15372935 -0.34229505 -0.29279876 0.13464503 0.22724442 0.023129202 0.39793012 -0.2525047 -0.009741564 -0.031191045 -0.49897087 -0.28638607 -0.1764297 -0.48634666 -0.32336345 -0.15951453 0.020540975 -0.01430829 -0.20028554 -0.0049808547 0.2258089 -0.15232255 -0.01997368 -0.3148563 -0.043490037 -0.18832134 -0.30546328 0.12233853 -0.24428843 0.0366586 -0.09559024 0.38369474
35 0.12992856 -0.36464548 -0.076296605 0.10259792 -0.026891852 0.16917081 0.44107237 0.014058859 0.14251457 0.15693238 -0.2889827 -0.11497814 -0.19584492 -0.45177665 -0.1806818 -0.38836697 -0.039909136 -0.09632464 -0.054128453 0.08002794 0.15885513 -0.19948947 0.031925585 0.11143615 -0.068015285 -0.35335457 -0.18721381 -0.01119178 -0.26706275 0.25458395 -0.072379895 0.2554669
122 0.16963713 -0.34032857 -0.22513539 0.124686025 -0.05764496 0.23135233 0.47451958 0.09650971 0.10950296 0.15541844 -0.273748 -0.118258126 -0.20955968 -0.43169346 -0.14966393 -0.401257 -0.009116582 -0.17903657 0.020466717 0.052537024 0.22809283 -0.24505825 0.024741095 0.1462364 -0.055029646 -0.25394315 -0.12171152 0.015726708 -0.12717028 0.27988437 -0.11908381 0.2792126
96 0.037428103 -0.24859197 -0.28443912 0.23595974 0.06253086 0.316169 0.47101277 -0.044824075 0.14623307 0.092576526 -0.37074307 -0.16586533 -0.16844335 -0.3480258 0.004671647 -0.3202059 -0.0878931 -0.21472745 -0.059943415 0.06475484 0.44117585 -0.3348603 -0.13101712 -0.022011913 0.08755072 -0.13462953 -0.08157047 0.16185322 0.03198114 0.20304382 -0.20555148 0.13876122
16 0.081973836 -0.27910712 -0.004410489 0.07756916 0.17975315 0.3584938 0.40403485 -0.09836565 0.17963675 0.12876438 -0.3576832 0.025532935 -0.21055584 -0.30710685 0.005108311 -0.38407567 -0.20747711 -0.06910122 -0.067433186 0.12682444 0.47563472 -0.23906416 -0.17357133 -0.13859594 0.086651735 -0.3028518 -0.13807812 0.21319641 -0.16025934 0.072646774 -0.063383676 -0.022440512
116 0.09265201 -0.34590214 -0.1410103 0.09599726 0.31485495 0.047742683 0.39635345 -0.32986724 -0.009950596 0.0051764236 -0.55270374 -0.24845512 -0.16404206 -0.41828415 -0.2788187 -0.15851587 -0.06962431 0.06461815 -0.22304533 0.067669876 0.29664424 -0.1643776 -0.09080215 -0.39671445 0.021877337 -0.211707 -0.320775 0.17077306 -0.2708265 -0.04180013 -0.037298474 0.27837527
81 -0.012009054 -0.26273063 -0.15132886 0.1856821 0.07155761 0.36245054 0.4013173 -0.019932419 0.20279036 0.12158678 -0.29750675 -0.2107212 -0.16993359 -0.30142337 0.03827801 -0.38807404 -0.18183903 -0.13833621 -0.052995753 0.14987926 0.44822702 -0.41283572 -0.15086628 0.0309015 0.14335294 -0.14640899 -0.09926077 0.1388757 -0.03792127 0.16917175 -0.22918783 0.108029194
126 0.12178271 -0.29631183 -0.15694505 0.096867085 0.21906208 0.042451646 0.3298836 -0.2624491 0.044738453 -0.0020125618 -0.4884973 -0.25546718 -0.1827579 -0.47794837 -0.268658 -0.20785932 -0.054959074 0.0320142 -0.21930945 0.03363094 0.24132814 -0.17645597 -0.06550767 -0.31283763 0.03534684 -0.20840444 -0.31361014 0.1742427 -0.26195464 0.014518623 -0.09575128 0.30421758
8 0.2524054 -0.36376792 0.20535798 0.025488121 0.05932767 0.20529412 0.41054982 -0.041578405 0.22450502 0.15277764 -0.19641061 0.1362461 -0.22304772 -0.4469204 -0.083860226 -0.5412424 -0.10033563 0.07224198 -0.027822979 0.13364883 0.24378891 -0.022031637 0.020275958 0.016714534 0.016065959 -0.5530487 -0.20073052 0.12454863 -0.40740457 0.14491856 0.092650436 0.024876691
105 -0.0010272039 -0.2481886 -0.30629152 0.2541763 0.07020135 0.39485624 0.505459 -0.029124608 0.119423114 0.10433741 -0.31752345 -0.19850771 -0.11624108 -0.27204588 0.010200157 -0.2878118 -0.1129179 -0.26197556 -0.030307522 0.13057505 0.48324817 -0.43023947 -0.20294632 -0.039426066 0.10841024 -0.014886411 -0.05453065 0.16841765 0.09742147 0.21875677 -0.27878442 0.14526278
68 0.2722135 -0.35326055 -0.14284039 0.10769364 0.03829954 0.18092977 0.4055404 0.032538828 0.07922257 0.10777477 -0.30624005 -0.05698557 -0.24767849 -0.46741065 -0.2391333 -0.3817635 -0.025552634 -0.16329393 0.015522919 0.02855069 0.27407542 -0.09557561 0.010899265 0.06201595 -0.11159996 -0.32041883 -0.13282374 0.057794742 -0.1913881 0.25052166 -0.087046035 0.2333528
127 0.11845925 -0.33507583 -0.11407697 0.11324282 0.13291137 0.08291102 0.4184737 -0.15634674 0.081940345 0.05363405 -0.44126987 -0.17481655 -0.20744435 -0.43627197 -0.25598168 -0.21310389 -0.025763735 -0.029926987 -0.1255591 0.066777356 0.19825554 -0.17146625 -0.037880756 -0.21353516 -0.022462474 -0.2603026 -0.27798796 0.09358863 -0.24560978 0.0986822 -0.06386023 0.2970025
4 0.105928406 -0.2941329 -0.16524588 0.10733612 0.24900123 0.10106399 0.40254816 -0.25622228 0.07333353 -0.0018967888 -0.5079438 -0.22422996 -0.20527764 -0.44069976 -0.25752857 -0.17924993 -0.018791929 0.038751148 -0.17085189 0.07269935 0.25106367 -0.20680812 -0.018875906 -0.31607652 -0.013555794 -0.21235865 -0.30018893 0.12684362 -0.26069945 0.036957625 -0.05804526 0.3449153
93 0.24174742 -0.4138362 -0.09752569 0.09830369 -0.10298465 0.15168743 0.47589004 0.10968141 0.10433906 0.19321176 -0.24007478 -0.061853703 -0.20660238 -0.49363294 -0.22195525 -0.44030416 0.06850602 -0.15648253 0.013688282 0.06646505 0.12313213 -0.14225341 0.08278821 0.23916419 -0.12691273 -0.38734275 -0.16779608 -0.029412117 -0.25750354 0.3065137 -0.061994754 0.2745368
2 -0.010249487 -0.2717864 -0.10422856 0.19928306 0.020289777 0.3300632 0.436508 -0.035580356 0.19399652 0.13619107 -0.2890957 -0.16084947 -0.18380767 -0.3227891 -0.006710596 -0.33802336 -0.18639772 -0.12080209 -0.07371724 0.17120515 0.46718845 -0.39278758 -0.19090657 -0.030528268 0.110918716 -0.106993616 -0.15103696 0.1801864 -0.0240524 0.17261183 -0.18999152 0.11640246
124 0.17250423 -0.3228155 -0.17739046 0.11981596 0.15706165 0.03625446 0.43053806 -0.16823378 0.05363944 0.052860018 -0.44484916 -0.21660762 -0.20309822 -0.4710642 -0.23950675 -0.23591182 0.016423006 0.019342177 -0.14259227 0.03090133 0.18653932 -0.13732596 0.016802069 -0.18895286 -0.057275772 -0.26578602 -0.26624772 0.092132464 -0.2524517 0.124962606 -0.07185888 0.32243475
58 0.11481052 -0.31571448 -0.21352555 0.11769041 0.23482308 0.010967141 0.39643216 -0.26991895 0.044790503 -0.010207584 -0.5153693 -0.27717996 -0.19964595 -0.4680614 -0.30888996 -0.15605906 0.0029178648 0.042915054 -0.18478571 0.07289296 0.19643262 -0.18487397 0.012692551 -0.29359612 -0.050464887 -0.21132597 -0.31253958 0.1284262 -0.25944793 0.06832956 -0.083272986 0.42102277
83 0.17302243 -0.39650774 -0.07231599 0.099366955 -0.046676714 0.1782842 0.41911834 0.020194618 0.11236283 0.18807979 -0.24076086 -0.069125175 -0.21761906 -0.45237112 -0.17104305 -0.41878185 -0.026672492 -0.07680103 -0.013829261 0.08890439 0.21875724 -0.13764973 0.021336483 0.16017312 -0.06836718 -0.34062746 -0.13546221 0.011337787 -0.20173901 0.2829011 -0.09373021 0.19237532
70 0.26952386 -0.40305075 -0.065135635 0.047607716 0.02150524 0.09284504 0.39436263 -0.009432519 0.06584902 0.15365122 -0.34570333 -0.025154121 -0.25076923 -0.51743776 -0.27351975 -0.3690061 0.04028708 -0.056801446 -0.035635777 0.073353484 0.18821302 -0.03482995 0.030511087 0.023406284 -0.12197059 -0.39547333 -0.2239787 0.02849507 -0.3495431 0.18987912 0.01923423 0.26885468
86 0.21464251 -0.38352305 -0.03321932 0.06851497 -0.015872682 0.11228393 0.40026894 0.018967785 0.11817403 0.15893978 -0.3089626 -0.07388566 -0.23854372 -0.47633338 -0.240547 -0.37201956 0.029481899 -0.061851885 -0.034647964 0.085363336 0.19771878 -0.1319938 0.03670829 0.09673773 -0.122791745 -0.35962403 -0.20723145 0.028620258 -0.27531114 0.22390087 0.0004917689 0.26820907
80 0.19068977 -0.35798293 -0.1112732 0.09219077 -0.025491597 0.15691902 0.40922952 0.025954474 0.14830828 0.15639381 -0.28875074 -0.117572814 -0.21265247 -0.48959333 -0.21351564 -0.41792428 0.015679857 -0.061602704 -0.04190793 0.09972219 0.15478195 -0.13816452 0.0059492746 0.120340236 -0.08965291 -0.323893 -0.17078072 0.030743975 -0.2069966 0.25978115 -0.07934201 0.30441424
53 -0.008877033 -0.27439165 -0.2041399 0.24416888 0.02235077 0.33011383 0.4573126 -0.03609389 0.16984403 0.14347343 -0.33180046 -0.2198096 -0.13412368 -0.35067126 0.0039811498 -0.3546622 -0.1506857 -0.14279263 -0.07946819 0.12917422 0.38978568 -0.3773995 -0.15540889 0.024365075 0.0898087 -0.13321559 -0.09661983 0.14669663 -4.317664e-05 0.21862769 -0.19808477 0.13874203
110 0.08475952 -0.28825557 -0.27842635 0.1658167 0.1921786 0.08368592 0.38403153 -0.15758426 0.021254363 0.017456573 -0.4898896 -0.276758 -0.21919225 -0.45490676 -0.2878401 -0.20794794 -0.046036493 -0.08233924 -0.14759018 0.05480335 0.296704 -0.2327963 -0.052701943 -0.25624782 -0.036733646 -0.13632111 -0.2367015 0.1413374 -0.13622116 0.0920964 -0.12695035 0.36302373
84 0.16540015 -0.40271172 0.055828888 0.08131851 -0.09909447 0.32238021 0.44299424 0.054470938 0.19499296 0.2504031 -0.16580716 0.011288788 -0.19425458 -0.4103981 -0.08925305 -0.4958693 -0.078607045 -0.09668058 0.034830555 0.1884561 0.31434453 -0.18995672 -0.01390362 0.22116683 -0.053786557 -0.37484258 -0.11027915 0.05482353 -0.22052552 0.3111204 -0.08097533 0.13680112
121 0.19808568 -0.34780154 -0.104448885 0.14016317 0.014322526 0.1216745 0.39298218 -0.032037176 0.13376819 0.12408767 -0.2931921 -0.09079778 -0.18527198 -0.46454802 -0.20528328 -0.38341382 -0.039426044 -0.07335485 -0.088843405 0.08290086 0.22394699 -0.12169609 -0.012210323 0.044219743 -0.05446521 -0.33582088 -0.24069023 0.065517716 -0.21742758 0.19343986 -0.050454948 0.20515764
30 0.031241922 -0.22884884 -0.23561792 0.19851919 0.1102762 0.3622551 0.4952487 -0.07835793 0.14123097 0.06721488 -0.3678544 -0.18918265 -0.19272724 -0.30225682 0.032369178 -0.31592965 -0.12791938 -0.15405142 -0.09504016 0.10069741 0.4445357 -0.3569579 -0.1649736 -0.065271154 0.08761619 -0.1406271 -0.07578167 0.19480084 0.004087392 0.12600729 -0.16083252 0.11536081
47 0.12375025 -0.29148456 -0.14130583 0.14091758 0.07660969 0.34149036 0.49538097 0.020242216 0.1273964 0.111613445 -0.26503235 -0.07398626 -0.208322 -0.31710306 -0.014794913 -0.404404 -0.13129227 -0.1512882 0.02735088 0.09601089 0.40210617 -0.31892148 -0.09869234 0.076805696 0.046497416 -0.20938195 -0.08244293 0.11684153 -0.12179216 0.19162378 -0.15914783 0.08558683
73 0.10529785 -0.30367407 0.102470614 0.04554909 0.0778311 0.31299257 0.43960193 -0.054270945 0.25015897 0.19779943 -0.22975403 0.13132891 -0.23263173 -0.37555504 0.06284521 -0.47216174 -0.14885725 0.0033301546 0.005072559 0.13488236 0.44018453 -0.12856443 -0.14595734 -0.0736559 0.088808976 -0.38179305 -0.13908087 0.22715065 -0.18662603 0.15174827 -0.04129027 -0.044999097
85 0.23373556 -0.43206215 0.11256459 0.057532698 -0.073686354 0.27224085 0.41461042 0.07583244 0.19808103 0.26410592 -0.13263547 0.112961955 -0.21669953 -0.46303162 -0.089101955 -0.53659475 -0.042826667 -0.036100037 0.025949907 0.1502526 0.24613923 -0.07111063 0.031800088 0.19465685 -0.0890713 -0.49142984 -0.16706678 0.04817809 -0.30621356 0.30361122 0.026846357 0.10020506
79 0.17864004 -0.3731024 0.2070285 0.0046535153 0.13777351 0.22866982 0.4414288 -0.10092672 0.22445315 0.14248261 -0.22735505 0.2043754 -0.24575257 -0.4122811 -0.0140440315 -0.5524702 -0.10397792 0.12293445 -0.05834468 0.14657125 0.35026336 -0.02630845 -0.081722826 -0.07045319 0.07964066 -0.5478904 -0.19508006 0.22237898 -0.3705535 0.10364821 0.08735323 -0.07508741
28 0.15225391 -0.32130188 0.16164443 0.017346831 0.14925474 0.31325874 0.42927125 -0.10415368 0.207898 0.15465158 -0.22698087 0.13434227 -0.2315628 -0.32779798 0.0021169086 -0.4843349 -0.1824722 0.06736745 -0.03381094 0.13162574 0.3416509 -0.12125369 -0.09894538 -0.080030814 0.07359859 -0.4474545 -0.15280876 0.22609238 -0.29097053 0.1500678 0.042237986 -0.049160894
45 0.08812253 -0.29065597 -0.1948583 0.1410653 0.15259658 0.25053132 0.4302787 -0.070806146 0.083993375 0.060746312 -0.3707581 -0.13132994 -0.21668325 -0.35206658 -0.055009242 -0.3435009 -0.10274236 -0.064099416 -0.054236095 0.05242255 0.38746902 -0.22482665 -0.10856069 -0.11994132 0.052749388 -0.21838605 -0.14056604 0.19118777 -0.13553736 0.12679443 -0.13251819 0.105688736
123 0.12926652 -0.34581426 -0.16016531 0.08891327 0.15751824 0.018724091 0.39854383 -0.2175662 0.07285016 0.045848824 -0.46995482 -0.27625778 -0.17521599 -0.46477297 -0.2728357 -0.22461496 -0.00062172295 0.030123103 -0.15354234 0.08606819 0.18933745 -0.15217409 -0.0015903923 -0.23250523 -0.05764513 -0.26106694 -0.26891428 0.10698284 -0.24078058 0.119316205 -0.08725095 0.36903208
88 0.24658115 -0.39356345 0.05147171 0.06045059 -0.13952683 0.21341246 0.41061124 0.12448742 0.1940444 0.21118091 -0.16500166 -0.015036378 -0.25755864 -0.48777544 -0.14568289 -0.50655305 -0.011390305 -0.074342884 0.03546497 0.12662579 0.17517164 -0.12071196 0.0588167 0.2778362 -0.107485324 -0.42956266 -0.14123534 -0.01970658 -0.29933912 0.30941445 -0.05954575 0.19065987
77 0.20915951 -0.38366994 0.025204739 0.07311158 -0.071868025 0.22163172 0.44615364 0.021994734 0.18770117 0.21088596 -0.18386042 -0.042639088 -0.21547566 -0.43961233 -0.12715137 -0.45755306 -0.053851016 -0.015288695 -0.04438774 0.13126698 0.18708028 -0.13535027 0.019212581 0.14683805 -0.05951134 -0.3838277 -0.19205616 0.026179092 -0.29318145 0.2382967 -0.047618523 0.21599309
61 0.05429162 -0.25938988 -0.031119462 0.11108111 0.075127475 0.41402254 0.46599412 -0.031807393 0.20283927 0.14680828 -0.26714125 0.08280905 -0.20113744 -0.34407482 0.12039923 -0.5193849 -0.16487975 -0.08060777 -0.0030344194 0.1079835 0.46391574 -0.20291159 -0.15544614 -0.014093306 0.10264638 -0.34190086 -0.058903273 0.23105174 -0.1184373 0.184375 -0.075948425 -0.07979329
99 0.089034006 -0.30758524 -0.1350054 0.12424598 0.2313694 0.17191787 0.40362057 -0.24805395 0.07043311 0.021428743 -0.4473979 -0.23170935 -0.15917279 -0.37253177 -0.14802644 -0.21608108 -0.09110314 -0.013898449 -0.15444227 0.10496814 0.34835654 -0.22922866 -0.0855001 -0.24432196 0.074990846 -0.19051102 -0.22362128 0.17074378 -0.19660006 0.054082487 -0.11835785 0.25326043
125 0.20827793 -0.39551622 0.22616948 0.043274153 0.031077113 0.24049401 0.40102306 0.0010241326 0.22458367 0.19831519 -0.19770531 0.124352336 -0.20779274 -0.43378407 -0.022505943 -0.5384186 -0.14498767 0.071663216 -0.033377893 0.16598798 0.27174863 -0.082664706 -0.023357114 0.06838475 0.048810575 -0.51918435 -0.1809367 0.13623264 -0.38797125 0.15189682 0.054905802 -0.02867081
64 0.23933196 -0.38891897 -0.021120118 0.05653196 -0.062280457 0.14153051 0.4119128 0.08175471 0.17059757 0.18963706 -0.22146252 -0.06567734 -0.21954928 -0.48459768 -0.16434664 -0.44645983 -0.04153458 -0.07106972 -0.004919478 0.06842535 0.1328081 -0.13330765 0.060250442 0.1926957 -0.10067903 -0.42194548 -0.17915875 0.0036787274 -0.26111314 0.26484045 -0.04974298 0.22243378
62 -0.039138764 -0.21446522 -0.18517326 0.26151988 0.05734242 0.4026534 0.4664463 -0.012960283 0.19677383 0.1318356 -0.347833 -0.18902695 -0.15062918 -0.2875884 0.07676763 -0.3362566 -0.21507074 -0.21723692 -0.07696259 0.15464444 0.5187898 -0.45493406 -0.21322905 -0.0049687484 0.1557313 -0.094639055 -0.075251214 0.20320953 0.0728457 0.17667766 -0.2427942 0.06592044
87 0.16878758 -0.35267776 -0.12721014 0.09362182 0.19374393 0.012905697 0.40026093 -0.25215983 0.02491502 0.011243634 -0.4303742 -0.1729296 -0.20222148 -0.49945658 -0.30695772 -0.1957181 0.016930869 0.06528359 -0.17069684 0.023227425 0.18039212 -0.043241505 0.015351942 -0.22477408 -0.05251068 -0.31519666 -0.32100442 0.12369743 -0.32900232 0.0710635 -0.026723273 0.30597356
114 0.16961507 -0.3774579 -0.06228854 0.13405468 -0.06898548 0.18443312 0.41700944 0.027453851 0.1743426 0.16334589 -0.23535885 -0.13812275 -0.17557012 -0.45335868 -0.13393456 -0.42469245 -0.018271144 -0.059460912 -0.058558095 0.13031347 0.19011527 -0.19008364 -0.0052996925 0.18672597 -0.08632198 -0.32046852 -0.18622045 -0.004149743 -0.21314587 0.27812588 -0.11511813 0.26950857
37 -0.0015073414 -0.23583214 -0.16258939 0.2009546 0.07214735 0.4364995 0.47330025 -0.01990906 0.17915042 0.15545508 -0.3185814 -0.14269365 -0.20726952 -0.29371014 0.06349609 -0.38866344 -0.15799412 -0.17215271 -0.06288049 0.15833133 0.5057416 -0.43982193 -0.19540597 -0.011834849 0.10474964 -0.100154124 -0.060244538 0.17511603 0.011559439 0.17441766 -0.20053823 0.080289915
21 0.0793608 -0.3083961 0.019167967 0.095216185 0.059663422 0.26019987 0.41456246 -0.01343851 0.19620372 0.1460055 -0.2659763 -0.00044749695 -0.22272398 -0.35129428 -0.03506655 -0.42216307 -0.13122323 -0.016701108 -0.073707245 0.14512324 0.38287345 -0.21186455 -0.12591 -0.056257997 0.055275153 -0.3060239 -0.1864336 0.1607186 -0.18393078 0.1502277 -0.04206874 0.070317686
117 0.14316453 -0.37307578 -0.14780465 0.07545715 0.09219232 0.07717137 0.3661919 -0.113077015 0.07590419 0.09293552 -0.39125282 -0.13685636 -0.19761391 -0.4590389 -0.2606964 -0.29620382 0.0033337118 -0.02698823 -0.11606382 0.05685787 0.23422395 -0.14254196 0.0015820693 -0.09591915 -0.032892752 -0.3214671 -0.25678346 0.091739096 -0.2502803 0.13886498 -0.024453696 0.30139855
26 0.060737606 -0.3071696 -0.19021825 0.14334655 0.23559815 0.06492212 0.35804933 -0.23455405 0.03289144 0.018483726 -0.4991624 -0.2704846 -0.16770247 -0.42948917 -0.31336454 -0.1548577 -0.020314228 -0.022990149 -0.16165502 0.11812141 0.25174662 -0.21982776 -0.025392562 -0.27271217 -0.023717264 -0.1658071 -0.28075135 0.14845598 -0.21254669 0.096145436 -0.11193065 0.35210815
54 -0.011560349 -0.21541318 -0.22099923 0.21547474 0.10580103 0.2840648 0.37772202 -0.09204807 0.1910688 0.06879369 -0.39345583 -0.2754386 -0.12302428 -0.37239897 -0.04266221 -0.31870577 -0.110432886 -0.15064363 -0.11180854 0.15948099 0.3746019 -0.35240188 -0.14122498 -0.07864078 0.111494355 -0.1300267 -0.1431497 0.16829118 -0.029227471 0.13299252 -0.25378639 0.18912002
112 0.23165382 -0.38595 -0.18699294 0.17524332 -0.09950241 0.18843447 0.45750386 0.10736835 0.09787608 0.1673304 -0.22268818 -0.093192875 -0.23208213 -0.49751037 -0.1982767 -0.44900653 0.0061887577 -0.19391842 0.0019040874 0.08905273 0.19919765 -0.15347138 0.033826895 0.25422958 -0.11267313 -0.33375645 -0.12438897 -0.009354071 -0.18201147 0.30928686 -0.112642266 0.24214475
109 0.1399208 -0.2925386 -0.1376598 0.08598503 0.20286672 0.15943222 0.42093882 -0.14717105 0.03214659 0.03844849 -0.44776773 -0.12311105 -0.20552947 -0.39336428 -0.18288197 -0.2539918 -0.10167861 -0.041838188 -0.099669665 0.0703244 0.32370394 -0.19026317 -0.06601713 -0.2292199 0.0018906319 -0.23591447 -0.20736447 0.16731003 -0.18270239 0.07914144 -0.06299415 0.16711895
76 0.12849325 -0.38939893 -0.045486256 0.07653956 0.061089803 0.27073982 0.4630249 -0.060652755 0.12628116 0.16745207 -0.29117593 -0.04181062 -0.21642733 -0.3485551 -0.09515917 -0.3589848 -0.08254466 -0.039487425 -0.01602239 0.08445207 0.30929068 -0.21235749 -0.08538071 0.043299574 -0.024207154 -0.3040657 -0.1658138 0.08751517 -0.2290724 0.1993433 -0.027559372 0.10268444
59 -0.0002055011 -0.24054167 -0.2627875 0.22293678 0.13273002 0.27941796 0.40722778 -0.08877566 0.12662385 0.04991124 -0.46288922 -0.26940057 -0.15705082 -0.32835948 -0.048596833 -0.2480998 -0.13888673 -0.14616296 -0.12829188 0.06626739 0.42132202 -0.3843588 -0.13789968 -0.14835846 0.119966425 -0.065691836 -0.135423 0.13229589 -0.009662977 0.09091638 -0.24197753 0.20791109
38 0.09614367 -0.31961522 0.16263893 0.060702406 0.09927726 0.34607974 0.40991798 -0.10076805 0.19932528 0.15782444 -0.24244529 0.065383375 -0.21169835 -0.3444522 0.032535754 -0.45776173 -0.20281728 0.011902367 -0.027436849 0.15629855 0.4387552 -0.16119991 -0.114033796 -0.09378935 0.09177946 -0.36266676 -0.1529016 0.20726465 -0.23785177 0.1177191 -0.025321186 -0.033364166
25 0.055329937 -0.3317781 0.06257386 0.063148 0.12605101 0.3021808 0.37987337 -0.12561332 0.18137291 0.14587341 -0.2956716 0.041489165 -0.20624617 -0.3294667 0.0043403106 -0.43203226 -0.14283091 0.014420843 -0.035783626 0.14974336 0.4509145 -0.1747998 -0.16103049 -0.07161899 0.091566615 -0.34108227 -0.1309435 0.20617545 -0.20123583 0.12043671 -0.06028777 0.0018502097
118 0.1702109 -0.33591944 -0.2504168 0.105737664 0.2914024 -0.09883581 0.36651766 -0.3597512 -0.025593987 -0.07368277 -0.6235031 -0.36669958 -0.1726424 -0.54074717 -0.45405403 -0.11327931 -0.043074846 0.06356197 -0.2630735 -0.0150013855 0.16247433 -0.1283201 0.0020460703 -0.4178628 -0.07808044 -0.21657361 -0.3845886 0.127781 -0.3059679 -0.020977182 -0.068364955 0.44938913
9 0.043146275 -0.27009463 0.081830084 0.05726447 0.13890792 0.37410066 0.41314602 -0.10722325 0.2144956 0.17710088 -0.2858919 0.11793645 -0.21065362 -0.30293158 0.071287565 -0.4259386 -0.18552661 0.00079740846 -0.015995411 0.15203464 0.48234656 -0.19010963 -0.15951365 -0.09703542 0.12923728 -0.3569023 -0.13027231 0.2547206 -0.17481318 0.105581276 -0.020856924 -0.08881332
63 0.025490148 -0.3016047 0.04696096 0.10280341 0.104899056 0.3871882 0.40883043 -0.06611765 0.25736013 0.1914899 -0.24542184 0.038841005 -0.19811034 -0.3064059 0.12172358 -0.47983256 -0.18124458 -0.05553847 0.0010109196 0.16334935 0.48674947 -0.24540856 -0.1697263 -0.029722711 0.12266093 -0.3052943 -0.09771862 0.19918083 -0.12448036 0.18300626 -0.09873718 -0.04307638
56 -0.001857721 -0.23394251 -0.22184289 0.14767285 0.077200964 0.2530976 0.43533927 -0.0140034435 0.14633156 0.08618006 -0.38305777 -0.22151557 -0.21083543 -0.36519006 -0.06186527 -0.3177168 -0.14364928 -0.12327441 -0.06864162 0.07838611 0.40867856 -0.36019766 -0.14405875 -0.0859671 0.06923213 -0.14085145 -0.1255832 0.17095236 -0.018771453 0.1868038 -0.1782838 0.20197822
33 0.20382123 -0.39824858 0.00085780746 0.08558537 -0.0655022 0.14921738 0.3693296 0.09085433 0.15573664 0.1899789 -0.2592611 -0.10886198 -0.21939489 -0.47675425 -0.18949868 -0.44254932 -0.01857426 -0.051620193 -0.033063408 0.109519646 0.16447684 -0.13990156 0.053074043 0.1859921 -0.08242402 -0.3889062 -0.1701781 -0.0151020475 -0.2803029 0.23295659 -0.07345417 0.2504672
57 0.23891659 -0.40101779 0.01734949 0.05718472 -0.008496934 0.18331547 0.4263112 0.021607988 0.13936424 0.1919586 -0.26177898 0.03528022 -0.26494664 -0.47814807 -0.20111506 -0.4382798 0.022758335 -0.061321743 -0.0093798805 0.07265094 0.22664875 -0.05154803 0.04453489 0.10427353 -0.12269641 -0.42288336 -0.18249087 0.077825725 -0.28214818 0.25820574 0.023990748 0.1790619
51 0.002107435 -0.2404415 -0.20189846 0.19956392 0.06974458 0.46325713 0.49224198 0.0053999443 0.18867631 0.15650855 -0.30595493 -0.097961515 -0.1580524 -0.25356343 0.119926795 -0.36336184 -0.17660159 -0.19640137 -0.021185717 0.12778296 0.49315882 -0.3914874 -0.20345382 0.00641378 0.13041177 -0.12288546 -0.02587131 0.19739516 0.0719056 0.19542252 -0.18706928 0.030638257
34 0.06955603 -0.32783464 -0.11289982 0.16960569 0.07153878 0.32171145 0.46315852 -0.01919361 0.15665363 0.16152388 -0.29907617 -0.09431146 -0.17757513 -0.35408446 -0.047617953 -0.37423417 -0.15151475 -0.122081436 -0.07347867 0.090701066 0.3599143 -0.2960496 -0.13515264 0.005422514 0.038536083 -0.2191556 -0.13683295 0.12018865 -0.08309683 0.20252533 -0.13686545 0.069022104
29 0.166922 -0.33349347 0.13020137 0.010520648 0.1020229 0.2792643 0.40946656 -0.067977756 0.24061102 0.1883691 -0.26785365 0.08738658 -0.24404207 -0.41016692 0.00070158497 -0.4867958 -0.07220329 0.053055897 -0.016324954 0.11732129 0.32288077 -0.052475676 -0.07120993 -0.04831595 0.015817659 -0.44367394 -0.17493503 0.18897325 -0.26752 0.15085275 0.024690341 0.028049406
19 0.13966164 -0.2964523 0.05310128 0.06006319 0.10317686 0.25087264 0.42286763 -0.049213957 0.19958511 0.14878216 -0.29277274 0.02267951 -0.24325778 -0.39036354 -0.0033471086 -0.46551955 -0.121962726 0.038835462 -0.057891153 0.1178678 0.3409879 -0.1339968 -0.08209848 -0.058359697 0.052567825 -0.39337978 -0.18829368 0.17078261 -0.21900778 0.16039164 0.018696934 0.035081435
102 0.1727959 -0.34573954 0.15212162 0.03709233 0.010404508 0.25921652 0.42280367 -0.009641219 0.2036761 0.19346625 -0.24517748 0.049445156 -0.24878603 -0.43339995 -0.07503669 -0.4955756 -0.11062997 -0.014723879 -0.058589976 0.12902346 0.30761003 -0.10372226 -0.026945213 0.04380235 0.019231461 -0.46086067 -0.14911014 0.120372675 -0.31473115 0.12732151 0.0039948183 0.03442559
6 0.08911216 -0.33857584 0.1105913 0.0822681 0.06539619 0.38250223 0.4053829 -0.00122038 0.19949847 0.1879052 -0.2450065 0.0996001 -0.23182474 -0.32629195 0.030550044 -0.47854766 -0.19665581 -0.022911878 -0.034474198 0.15938012 0.44671047 -0.222782 -0.14078757 0.018988006 0.104779966 -0.35775292 -0.11763101 0.19210117 -0.21523401 0.118261375 -0.04251918 -0.08035612
10 0.20785671 -0.39487863 -0.08663499 0.117897026 -0.059577983 0.23933421 0.4683836 0.03994893 0.13252974 0.18108301 -0.22996444 -0.043907385 -0.23447478 -0.42981872 -0.11534786 -0.40749153 -0.032270472 -0.0993486 -0.06008607 0.0713652 0.21735068 -0.18827456 -0.035648923 0.14011681 -0.053880636 -0.3566182 -0.13732699 0.033001635 -0.2003036 0.21040343 -0.04737753 0.16611175
69 0.089386754 -0.2925574 -0.17520893 0.16734923 0.11601016 0.26867956 0.42441523 -0.03112397 0.14926314 0.11525808 -0.36262438 -0.14729717 -0.18862076 -0.35603768 -0.050648615 -0.35848162 -0.12957549 -0.12240278 -0.06469737 0.05537918 0.35527673 -0.26077405 -0.06005833 -0.012199337 0.024688385 -0.20471561 -0.12465409 0.10283744 -0.06989127 0.18222295 -0.16802047 0.1259477
119 0.060434867 -0.32578844 -0.26165268 0.16039102 0.27175322 0.037483275 0.39592364 -0.3562077 -0.0031993398 -0.029652819 -0.5217269 -0.3014539 -0.122504026 -0.44211403 -0.26103792 -0.14631318 -0.052017786 0.046198655 -0.25100657 0.072515056 0.27755564 -0.1946602 -0.08422822 -0.36335704 0.02340894 -0.14350304 -0.32434484 0.19363977 -0.22462612 0.0058334153 -0.13673684 0.35372764
15 0.16881682 -0.3473652 0.17222092 0.0459735 0.09506467 0.30257022 0.40634766 -0.0459132 0.20761748 0.17182995 -0.22777067 0.10421411 -0.2137493 -0.3844623 -0.019021507 -0.49346069 -0.12865807 0.010861233 -0.046813216 0.13663144 0.36601678 -0.09473442 -0.04587959 -0.052576527 0.03407084 -0.4444267 -0.16168278 0.16541523 -0.30250382 0.1567963 0.02963838 0.011926344
27 0.10053796 -0.26836044 -0.22912398 0.17032206 0.0417031 0.37686822 0.47852147 0.04961913 0.18527566 0.14131501 -0.24111731 -0.07926084 -0.18893501 -0.30880383 0.0773316 -0.44291395 -0.10830916 -0.14583358 -0.005525873 0.061691 0.3864658 -0.29608256 -0.11242225 0.09491269 0.08087888 -0.24024928 -0.03436476 0.14246652 -0.0066290824 0.21939129 -0.17714241 0.0738906
91 0.1960793 -0.30395576 -0.19169539 0.11039875 0.23345624 -0.0297589 0.31389296 -0.22666837 0.0076844264 -0.03574239 -0.53993094 -0.26638937 -0.19717231 -0.5244448 -0.3702556 -0.21201366 -0.033281412 -0.008546287 -0.21175861 -0.0073888996 0.20218763 -0.07816437 -0.008035066 -0.33661163 -0.025509227 -0.26110584 -0.3418317 0.13064286 -0.30910534 0.0070946035 -0.09080135 0.37091613
60 0.06058399 -0.25794792 -0.16726916 0.15432829 0.056026153 0.27932468 0.40382436 0.034119423 0.1938021 0.12421495 -0.34391776 -0.1458461 -0.21558331 -0.37085205 -0.049523063 -0.36112255 -0.116026424 -0.16802366 -0.069481045 0.10570435 0.38676018 -0.31932858 -0.08081704 0.022199491 0.056558535 -0.21269615 -0.124795325 0.12080258 -0.065723665 0.20145346 -0.19674294 0.17696755
13 0.08791449 -0.28718653 -0.04813462 0.090840474 0.13747199 0.38886622 0.46993425 -0.081208475 0.17102645 0.11831316 -0.3119963 -0.0010700239 -0.2128158 -0.29418465 0.044017844 -0.34847882 -0.14252225 -0.086280845 -0.014171184 0.12652476 0.46511143 -0.22685832 -0.13985732 -0.059738927 0.06868141 -0.26099297 -0.10257132 0.2066305 -0.112958156 0.1523567 -0.074479654 -0.012547378
97 0.14340958 -0.3268028 -0.14845803 0.13451421 0.1493538 0.014891497 0.38472268 -0.18912098 0.03362444 0.012116719 -0.4441145 -0.24585176 -0.18754387 -0.50532913 -0.31251058 -0.25668526 -0.010612765 -0.02169749 -0.1573328 0.033635452 0.19459406 -0.10980955 0.0045173336 -0.2019867 -0.030125296 -0.24190731 -0.24483092 0.10866751 -0.26322666 0.10455473 -0.09708062 0.3347269
22 0.111580275 -0.3229418 -0.22409816 0.14637052 0.24480064 0.043445338 0.38680097 -0.28568813 0.0062009585 -0.026722092 -0.5307628 -0.32955378 -0.15343444 -0.44619423 -0.31091776 -0.15070543 -0.022441102 -0.011519659 -0.1921703 0.040211216 0.23057632 -0.21092537 -0.035424266 -0.34551707 -0.0064251134 -0.1511446 -0.28644264 0.11161599 -0.21669187 0.023660371 -0.13284759 0.3993429
11 0.0478695 -0.27315786 -0.32154903 0.17327629 0.25743097 0.07783408 0.38560656 -0.25317717 -0.0028276073 -0.04312347 -0.5569344 -0.37131286 -0.16767292 -0.41033843 -0.31036073 -0.12584835 -0.055294354 -0.045413814 -0.207001 0.07983622 0.26018432 -0.32360908 -0.041665893 -0.31436723 -0.0126857245 -0.09230277 -0.2889723 0.09528323 -0.15311679 0.06587649 -0.15833119 0.419714
104 0.20504393 -0.41370186 -0.018553328 0.096749954 -0.13320544 0.17354129 0.45009044 0.12346915 0.1519869 0.21011811 -0.22138858 -0.08616917 -0.19280364 -0.48748296 -0.16284622 -0.49394315 -0.0077974964 -0.09547988 -0.011239074 0.10643083 0.12133331 -0.17244765 0.043862272 0.2713669 -0.10588228 -0.4054572 -0.1508984 -0.03781159 -0.31692457 0.27500015 -0.08431544 0.2510288
78 -0.018914491 -0.22869165 -0.19155918 0.21359788 0.016935183 0.34332108 0.441713 -0.040640414 0.18740533 0.11753857 -0.32945105 -0.21440963 -0.17294629 -0.362246 0.003611356 -0.36318922 -0.15313505 -0.18110089 -0.10231197 0.16155526 0.38393673 -0.40375742 -0.1827668 -0.0015912848 0.09849537 -0.14225934 -0.09968791 0.1642929 -0.008752864 0.20957384 -0.21464236 0.12972426
42 -0.04837597 -0.200042 -0.34456295 0.26125497 0.055547852 0.37871113 0.49951577 -0.005010607 0.14798443 0.09323792 -0.36109596 -0.25486588 -0.13708843 -0.27399632 0.05029784 -0.31574035 -0.12556173 -0.25249425 -0.059129544 0.1243701 0.45643803 -0.51080775 -0.21516761 0.000102313235 0.096779004 -0.02125809 -0.06384732 0.17751074 0.11567618 0.20976515 -0.27275395 0.13294983
98 0.01030065 -0.24357022 -0.121161684 0.1596718 0.10174767 0.37978178 0.43103456 -0.095755644 0.20887376 0.121952705 -0.33786678 -0.11247008 -0.18238617 -0.30295867 0.09989126 -0.36708343 -0.16957657 -0.07873444 -0.026461761 0.14543433 0.47189757 -0.3348752 -0.18273911 -0.044739388 0.11645707 -0.14973572 -0.104491755 0.2138114 -0.028159125 0.16768657 -0.1830637 0.044936445
1 0.15999414 -0.38724995 0.30331922 0.06269388 0.032665245 0.35944507 0.39971402 0.065983005 0.25607565 0.24723272 -0.14272301 0.2334685 -0.2353374 -0.36616457 0.045396388 -0.60075676 -0.17601247 0.038640615 0.027196972 0.2160739 0.38794953 -0.09609094 -0.060268525 0.09308296 0.100881055 -0.5529648 -0.14773604 0.1478457 -0.34532383 0.20496166 0.0494615 -0.137074
128 -0.089977115 -0.23020314 -0.271903 0.26137736 0.112504795 0.42004347 0.4930439 -0.10249494 0.12329169 0.094301015 -0.3599943 -0.25069892 -0.14895993 -0.28033173 0.025961664 -0.2577807 -0.16555217 -0.20095964 -0.12667501 0.1404714 0.4684294 -0.49898055 -0.22287552 -0.0637253 0.11934864 -0.009324496 -0.10683542 0.20554923 0.0564553 0.1790734 -0.27307475 0.14023726
101 0.072250344 -0.28803602 -0.16123715 0.08681995 0.28397092 0.06779416 0.36882728 -0.28743038 0.029701991 -0.0058389097 -0.52580076 -0.2832856 -0.1743134 -0.37853858 -0.28943163 -0.16155113 -0.055546667 0.0074184365 -0.18020219 0.09917395 0.2787565 -0.24907506 -0.059539143 -0.34934828 -0.024469152 -0.17235193 -0.29125357 0.17267548 -0.22934537 0.04421809 -0.06319876 0.299779
23 0.063356124 -0.2743299 -0.039602 0.117791064 0.108892865 0.3578604 0.43537772 -0.048134685 0.19778924 0.09780241 -0.26508054 -0.025137382 -0.18044923 -0.33712587 0.018600233 -0.44239938 -0.16412427 -0.069253184 -0.039907325 0.09619295 0.43280053 -0.24762899 -0.14263612 -0.022349436 0.10707447 -0.2987377 -0.11297822 0.1894597 -0.12802434 0.14845979 -0.08220516 0.024881424
17 0.07992064 -0.29520246 0.032327972 0.03408172 0.24632987 0.25137368 0.3704412 -0.16142711 0.07940052 0.078630336 -0.43212485 -0.024021387 -0.22327554 -0.381757 -0.097734734 -0.28748512 -0.1503632 0.029191302 -0.108361274 0.10233624 0.40406418 -0.17168175 -0.15694572 -0.29944214 0.060315426 -0.31556773 -0.1962238 0.22941783 -0.23470086 0.027348172 0.001164739 0.057333767
39 -0.052663106 -0.19183749 -0.18250737 0.21635999 0.03922543 0.32311025 0.40503764 0.0008510383 0.25177792 0.13472083 -0.3779715 -0.21361315 -0.17217778 -0.36081147 -0.0023094965 -0.33582425 -0.17537446 -0.16176799 -0.109751046 0.14244379 0.44338408 -0.38348693 -0.14704779 -0.055082675 0.12790093 -0.09130211 -0.11036386 0.15014963 0.010793702 0.18006958 -0.22402994 0.17123955
95 0.11325014 -0.31175405 0.16020261 0.061997216 0.10571267 0.34410256 0.39795807 -0.036315233 0.21240625 0.14310713 -0.27010036 0.057307985 -0.20561634 -0.3485793 0.021525532 -0.45775732 -0.18827966 -0.013739933 -0.05339973 0.16997531 0.42358086 -0.16683617 -0.13517088 -0.06418064 0.1133771 -0.3845366 -0.14891313 0.19618982 -0.25401214 0.09934384 -0.057020746 -0.045221183
52 -0.0450382 -0.24623838 -0.17702259 0.2241205 0.063779995 0.32071742 0.44148207 -0.09959253 0.16553727 0.10956582 -0.33171314 -0.27634677 -0.1264417 -0.34032932 0.023114316 -0.32097775 -0.15344337 -0.13819462 -0.10631529 0.19337319 0.41206613 -0.41857976 -0.1866697 -0.020955503 0.11767922 -0.07866762 -0.11395207 0.18788436 -0.0017779081 0.1813735 -0.2741832 0.1578633
41 0.17539227 -0.38734215 -0.14712238 0.06256087 0.18964837 -0.016010383 0.3919281 -0.16535963 0.029333094 0.02397735 -0.4532094 -0.18253434 -0.22520675 -0.50857794 -0.34596565 -0.2374954 0.022525799 0.053293157 -0.10261122 0.06419627 0.16171815 -0.06315553 0.04078919 -0.20425937 -0.12620139 -0.33538285 -0.2711896 0.104863934 -0.2943508 0.120112866 -0.0037925842 0.33923516
66 0.17867248 -0.29869813 -0.008008982 0.08210188 0.0989462 0.22093123 0.38140184 -0.013821167 0.22279842 0.12255173 -0.31284565 0.052655578 -0.22304846 -0.4458197 -0.025371669 -0.49897438 -0.07201689 0.023469841 -0.07890332 0.0536683 0.3121719 -0.05599676 -0.037314758 -0.025812078 0.023006214 -0.42065138 -0.178691 0.14922228 -0.23577459 0.14267007 0.0052315085 0.0553319
75 0.21305501 -0.42269555 0.006948403 0.09741675 -0.07022708 0.083306 0.36222658 0.016389994 0.15382057 0.16588224 -0.23705757 -0.1029577 -0.20280224 -0.526098 -0.21343601 -0.4387057 -0.0046837116 -0.007067989 -0.049300764 0.097239554 0.09931266 -0.081592694 0.036469776 0.13609172 -0.0954899 -0.404938 -0.22919421 0.0043407674 -0.33013207 0.23733142 -0.05325022 0.27649543
40 -0.02060363 -0.23368266 -0.13126175 0.19624048 0.084002145 0.32349518 0.41975692 -0.07329238 0.18314195 0.10345964 -0.3453397 -0.16602027 -0.11989451 -0.3209737 -0.007116551 -0.33023557 -0.15753181 -0.13484408 -0.10236876 0.14346597 0.4203581 -0.36715788 -0.14655451 -0.08089576 0.1281831 -0.15066294 -0.13392314 0.15782744 -0.047399815 0.14885794 -0.18479031 0.13003752
31 0.073111445 -0.24716417 0.086279206 0.015171283 0.17384286 0.32203153 0.4107024 -0.1145466 0.18532045 0.15213355 -0.3092999 0.113688655 -0.23746191 -0.32339758 0.07284583 -0.42894694 -0.16619815 0.016103495 -0.07493779 0.13578878 0.45814598 -0.14986257 -0.17973606 -0.15050389 0.114969075 -0.35231173 -0.14998133 0.25831378 -0.22114415 0.055315893 -0.003074608 -0.06521055
12 0.17216386 -0.30823907 0.12397474 0.019197928 0.16267863 0.33616656 0.4707394 -0.102400176 0.22816987 0.14895731 -0.27143064 0.09386148 -0.22462061 -0.35440987 0.031257637 -0.47991565 -0.14723398 0.052059937 -0.05834627 0.12352671 0.35892424 -0.08832374 -0.12906219 -0.14568986 0.052728593 -0.43246362 -0.1537729 0.22429392 -0.22964935 0.07616735 0.034255154 -0.05864512
48 0.19417624 -0.3569534 0.060525466 0.05891649 0.053295594 0.30285937 0.44420052 -0.011357189 0.1862867 0.20247081 -0.20378417 0.13024303 -0.2518701 -0.3532773 -0.035920706 -0.49256626 -0.13259113 -0.031230157 0.0068310867 0.12606682 0.34299588 -0.10887363 -0.05669874 0.09688614 -0.0030862356 -0.41358128 -0.10613999 0.14347935 -0.23829259 0.218644 -0.004718815 -0.03458863
14 0.19131963 -0.4066549 0.17591664 0.010841302 0.023200799 0.33980778 0.4575359 -0.020828482 0.19502625 0.23145114 -0.18453108 0.16828953 -0.22812551 -0.34877366 0.021153653 -0.5047464 -0.11145814 0.023378879 0.02722224 0.13146539 0.36557832 -0.11590293 -0.079199895 0.08063466 0.010176385 -0.46586925 -0.12355787 0.15700738 -0.27367744 0.19900434 0.03471347 -0.04455048
92 0.106967255 -0.28278753 0.049084418 0.051888768 0.22652374 0.23870227 0.3811853 -0.15244792 0.13249058 0.10083513 -0.39226943 -0.0026159857 -0.21802583 -0.38132063 -0.09902965 -0.33814994 -0.18682428 0.042220317 -0.11365391 0.12537153 0.37822342 -0.14388126 -0.13891235 -0.2508596 0.08811545 -0.3563987 -0.18243904 0.20583937 -0.2592019 0.008718713 0.012078225 0.02469236
7 0.13014078 -0.32902077 0.13384609 0.023754524 0.07326743 0.3128691 0.4078646 -0.04606778 0.22269952 0.16223463 -0.2341604 0.11693748 -0.22847974 -0.387697 0.020981364 -0.5098115 -0.17939672 0.018600244 -0.042194463 0.1445394 0.3966543 -0.15567046 -0.1260665 -0.064129174 0.09412464 -0.423734 -0.15323454 0.18864575 -0.27500743 0.12179835 0.00962025 -0.039825164
50 -0.08507986 -0.22146256 -0.25836337 0.21114191 0.13209374 0.35014004 0.4158209 -0.075782776 0.14606482 0.046652574 -0.41129628 -0.2725061 -0.15509267 -0.31455708 -0.0035104014 -0.24658093 -0.16742244 -0.1821101 -0.13009137 0.12897271 0.48051 -0.44533843 -0.17510384 -0.11793511 0.1611013 -0.03425778 -0.10411289 0.22581613 0.026159326 0.12936173 -0.23380996 0.14311273
82 0.15566929 -0.4064313 -0.01699881 0.06866001 -0.030880218 0.27376696 0.4465562 0.0033178541 0.1935471 0.20883675 -0.20885026 0.001292058 -0.2140947 -0.41577128 -0.077938296 -0.47690585 -0.09077866 -0.056373026 -0.023603778 0.10566824 0.2737698 -0.19468354 -0.05373111 0.11537198 -0.015577117 -0.35674235 -0.12985367 0.07942698 -0.24487102 0.20910013 -0.02605477 0.092799954
94 0.20007975 -0.34998307 -0.09706131 0.08410031 0.011609948 0.09402615 0.4210888 -0.02768419 0.121753186 0.1363296 -0.35689855 -0.14815243 -0.25234848 -0.50476867 -0.22432984 -0.37969318 0.02673193 -0.052061487 -0.06477805 0.07518029 0.14019033 -0.128246 0.05900286 0.06651179 -0.11691337 -0.3453816 -0.18780427 0.023630219 -0.24585462 0.22601186 -0.050860405 0.30093423
65 0.11725664 -0.2816752 -0.18156399 0.09280721 0.29480803 0.03457911 0.40177044 -0.3278437 0.004713639 -0.04022758 -0.5394977 -0.26288602 -0.18927166 -0.4284033 -0.30167755 -0.1267103 -0.049273465 0.060269486 -0.18635967 0.08126181 0.24735063 -0.20287415 -0.068961464 -0.38730046 -0.0097278 -0.17966028 -0.3336437 0.18343724 -0.25738597 -0.002557853 -0.03756193 0.32577676
89 0.22755043 -0.37841314 -0.17238803 0.11094074 -0.006322214 0.04851187 0.4131439 0.010602052 0.06306084 0.1108912 -0.33183107 -0.13877335 -0.21367885 -0.535986 -0.33250827 -0.37137738 0.02932673 -0.121177316 -0.0633756 0.016065495 0.1578915 -0.09032039 0.08065596 0.029407589 -0.13126786 -0.33407965 -0.21232788 0.031210704 -0.2595752 0.22471198 -0.048635554 0.31535095
32 0.22345996 -0.3716374 0.061462644 0.070867166 0.072065614 0.11528131 0.4071282 -0.016139654 0.1315439 0.12069353 -0.29097962 0.03600819 -0.24529527 -0.49535933 -0.21412627 -0.43721828 -0.014655079 0.025414849 -0.033566024 0.07477112 0.17914928 -0.034343645 0.051852584 0.019334132 -0.074506044 -0.45768386 -0.23154242 0.051019724 -0.37930933 0.19156432 0.037899233 0.14705281
43 0.087442964 -0.25181708 -0.14776978 0.18601088 0.043533716 0.36696348 0.47905448 0.04121791 0.20430043 0.14379822 -0.25097474 -0.036364187 -0.17117676 -0.35178405 0.083284296 -0.45733067 -0.17764208 -0.114082456 -0.025227675 0.10546439 0.4219464 -0.27680802 -0.127251 0.040089466 0.097143725 -0.2675132 -0.09803653 0.16907829 -0.04263836 0.183345 -0.15148564 0.0032666887
71 0.18865748 -0.33852303 -0.19283523 0.07897167 0.30294147 -0.038031336 0.3529408 -0.33706403 -0.020144783 -0.04176925 -0.5530149 -0.2922444 -0.2019911 -0.5089646 -0.40764245 -0.14536804 -0.023890635 0.056461543 -0.19101867 0.004653161 0.19825624 -0.112568796 -0.0036653406 -0.40597486 -0.028470477 -0.20751649 -0.37792295 0.12967074 -0.32224557 -0.011462999 -0.034118876 0.41724095
44 0.015341598 -0.29576933 -0.2269227 0.19104427 0.028160306 0.39931905 0.48021463 0.009724515 0.17908475 0.1567468 -0.3114906 -0.15968755 -0.1641708 -0.31810185 0.035710488 -0.3717853 -0.13572776 -0.17113367 -0.039286233 0.11561281 0.43666324 -0.3938682 -0.15217756 0.0882395 0.09244336 -0.1183391 -0.058791153 0.12653056 -0.010825711 0.23902442 -0.21610431 0.13191482
100 0.2075298 -0.3851033 -0.11686875 0.05434405 0.25789976 0.03595471 0.41872624 -0.26007527 -0.0122722 0.013555633 -0.5015334 -0.17438038 -0.2074235 -0.4672475 -0.31634638 -0.19501916 -0.0008331514 0.07109806 -0.12764792 0.03486827 0.20705025 -0.097203724 -0.00579169 -0.2874256 -0.03175138 -0.30629176 -0.32666436 0.13593945 -0.3330353 0.06422016 -0.02591124 0.28963888
49 0.04083497 -0.2911854 -0.22101659 0.19760172 0.071781784 0.35482097 0.46169895 -0.02422275 0.15309918 0.10720599 -0.3076346 -0.12178501 -0.1680672 -0.3404568 0.07296863 -0.39663005 -0.14450613 -0.09328669 -0.028369294 0.10646533 0.4504907 -0.34003398 -0.18197313 -0.0065349857 0.12590693 -0.17684019 -0.09685828 0.18049468 0.024873123 0.16944946 -0.20221859 0.03159962
106 0.14264838 -0.35391518 -0.123093605 0.09567234 0.2342569 -0.017791076 0.35030046 -0.25895727 0.04215101 0.00024333024 -0.51725346 -0.22726698 -0.203547 -0.49382702 -0.3356839 -0.21228991 -0.002147416 0.10324167 -0.17302537 0.045948032 0.22041465 -0.10924979 -0.025179131 -0.371023 0.015101306 -0.2851487 -0.36578408 0.15801373 -0.34941775 0.036127653 -0.0694629 0.35546616
74 0.26061296 -0.37307766 -0.04356274 0.07371092 0.022565061 0.10741007 0.395675 -0.026726246 0.13081701 0.12904228 -0.30385837 -0.023576733 -0.23040348 -0.505147 -0.23726113 -0.4005782 0.012794757 -0.03354141 -0.046502832 0.056923743 0.15983519 -0.025673112 0.064435 0.027737144 -0.10290161 -0.42077124 -0.2451961 0.06731031 -0.28556183 0.21042241 -0.0070281355 0.2845183
18 0.17048402 -0.40213883 -0.011649635 0.08407841 -0.0044180155 0.24943064 0.47478405 0.00985018 0.13823834 0.19330393 -0.23145567 0.019702863 -0.22506198 -0.3855059 -0.11903876 -0.44950128 -0.027508117 -0.072610356 -0.012420205 0.09937575 0.21523835 -0.13628782 -0.012254057 0.15828346 -0.076700605 -0.37021866 -0.1672711 0.03354948 -0.24522933 0.22955532 -0.027799234 0.116953954
24 0.0405939 -0.27329725 -0.14027014 0.13349503 0.28315952 0.17655264 0.34945902 -0.2686991 0.042131744 0.035536267 -0.47170824 -0.24002247 -0.14649533 -0.3308264 -0.19432394 -0.22236343 -0.13261214 0.023541575 -0.123710155 0.1253999 0.37583387 -0.2892587 -0.0983214 -0.29701194 0.085922845 -0.103464 -0.23862635 0.19595386 -0.170603 0.038263068 -0.13943668 0.22756948
3 0.13039827 -0.29921073 0.12918533 0.031185828 0.1261366 0.3766835 0.45932332 -0.06422295 0.18684693 0.16496502 -0.242982 0.16271806 -0.24241537 -0.35391647 0.056699328 -0.500391 -0.16239813 0.010025729 -0.05393716 0.1351234 0.42762017 -0.1611446 -0.15283887 -0.04381809 0.099447496 -0.43868986 -0.14064284 0.22693543 -0.24161603 0.0960943 0.05469623 -0.096793726
107 0.2172988 -0.3944648 0.009776539 0.057836983 -0.053169567 0.16830347 0.43928596 -0.01338812 0.16587944 0.14929454 -0.24387537 -0.07514525 -0.19198002 -0.48931175 -0.191954 -0.42559952 0.020654125 -0.05386031 -0.045092218 0.12145809 0.14298229 -0.120653614 0.034458485 0.086864434 -0.080559 -0.39297614 -0.18105449 0.004827429 -0.29515234 0.21989256 -0.025406998 0.28494003
111 -0.0013172954 -0.21597975 -0.18798804 0.2075493 0.14746748 0.30350202 0.37102097 -0.06146104 0.20268612 0.10186657 -0.3996222 -0.2199572 -0.19398573 -0.33724216 -0.029209072 -0.29011306 -0.18677169 -0.1423095 -0.09509553 0.10263563 0.45534745 -0.36993247 -0.14702225 -0.12475322 0.10479423 -0.1309416 -0.16630793 0.18717776 -0.010606676 0.12729348 -0.21145804 0.1465411
115 0.16480237 -0.37118533 -0.0076810922 0.096888304 0.16938154 0.05972396 0.3745029 -0.17400393 0.1040283 0.059801586 -0.37381247 -0.12108358 -0.16956516 -0.49226376 -0.24499786 -0.335996 -0.033720326 0.112285286 -0.14742778 0.07593001 0.22648889 -0.032280695 -0.045710806 -0.21220881 0.051413964 -0.3416415 -0.33813006 0.13911977 -0.34404767 0.028242867 -0.066265225 0.20108452
67 0.12829112 -0.3253283 -0.16635166 0.1248598 0.23926482 -0.019953579 0.368003 -0.2758334 -0.009021678 -0.029360618 -0.50040543 -0.27882934 -0.14110406 -0.47358796 -0.33198157 -0.14958102 -0.027735122 0.03258303 -0.21502787 0.041390166 0.20255037 -0.16441487 -0.020179218 -0.354898 0.027868684 -0.2125497 -0.36910954 0.15102008 -0.275464 -0.001102011 -0.08591357 0.3596104
120 0.2032525 -0.40335846 -0.16242239 0.095445685 0.1701705 -0.06149922 0.3310203 -0.27206284 0.009818077 0.0215294 -0.48688248 -0.28609568 -0.15981555 -0.5510699 -0.4135933 -0.18235168 -0.0033389262 0.06695577 -0.24601501 -0.009410558 0.13541481 -0.10316266 0.016410204 -0.27590188 -0.048497505 -0.2433204 -0.3612416 0.067421354 -0.33754683 0.041264515 -0.06157176 0.45391023
5 0.12992841 -0.30082875 0.13954735 -0.0031092332 0.16473398 0.34763086 0.45696515 -0.108514495 0.19760758 0.12815927 -0.3119741 0.14498337 -0.22316813 -0.35945317 0.01734896 -0.4691027 -0.17541072 0.05234052 -0.036327194 0.13407756 0.41185144 -0.13035007 -0.11509497 -0.15635605 0.05410575 -0.4249934 -0.17892401 0.24853396 -0.27214086 0.058671154 0.068106994 -0.04238192
46 -0.0021750221 -0.29016313 -0.034106694 0.1494668 0.11968442 0.32135522 0.40485796 -0.1505211 0.14070985 0.13711332 -0.3225739 -0.17321539 -0.12861995 -0.30439234 -0.0059855483 -0.34623104 -0.14413925 -0.04819468 -0.07314165 0.18806557 0.40240034 -0.35426834 -0.15198463 -0.081965335 0.115036786 -0.1464878 -0.1341879 0.18159631 -0.15414667 0.12461822 -0.19692543 0.12134286
55 -0.011384526 -0.2341941 -0.33387825 0.1828989 0.2575792 0.1600037 0.42015353 -0.23209152 0.046441644 -0.008697716 -0.5556962 -0.37969354 -0.14192168 -0.35686576 -0.23793331 -0.12094194 -0.08369842 -0.12416124 -0.19545254 0.089633904 0.32733333 -0.38618234 -0.13036592 -0.31661892 0.027495468 -0.00668174 -0.22603819 0.16503093 -0.027782755 0.08191386 -0.18712138 0.3387709
