128 32
4 0.11610843 0.21486329 0.010608498 -0.21893798 0.15524025 -0.1732459 0.11131596 -0.012770618 -0.22636047 0.10340188 0.09271611 0.05177465 -0.3541475 -0.3554928 -0.059157066 -0.405774 0.30946118 0.15162817 -0.08568308 0.18967772 -0.20475775 0.3668055 0.304037 0.03145167 0.15869553 0.41525385 -0.11921003 -0.061612345 0.07635522 0.06519304 0.17338273 -0.38142088
117 0.22380923 0.12778272 -0.13302696 -0.08406443 0.087092236 -0.3525396 0.25697201 -0.264085 -0.18134342 0.03901167 0.111790285 0.17649388 -0.26464173 -0.23026554 0.013689709 -0.29055667 0.1813803 0.18371561 -0.092630014 0.11534742 -0.10372751 0.2210541 0.38056856 0.1672986 0.012789489 0.465113 0.046848338 -0.036280543 0.049698126 0.110716335 0.1714807 -0.27816185
76 0.21116525 0.14237861 -0.07540675 -0.22896679 0.053513385 -0.17213662 0.21880713 -0.10407534 -0.28293744 0.05231642 0.12033693 0.041574914 -0.32820842 -0.32038075 -0.040489327 -0.3533777 0.30896792 0.22110854 -0.077365436 0.13119702 -0.14528416 0.38447052 0.24975887 0.026469061 0.16375397 0.48280713 0.008217973 -0.09254154 0.12360908 0.110425614 0.11174596 -0.35780573
123 0.13004188 0.13766772 0.06615047 -0.22450164 0.0035787332 -0.07461818 0.23525439 0.095784746 -0.27152473 0.1232593 0.17688526 0.095004514 -0.26718754 -0.38528568 -0.019940158 -0.45956656 0.2534386 0.07839865 -0.0065497654 0.25061822 -0.29583806 0.4306729 0.25730792 0.029735528 0.19675033 0.49970415 -0.16259761 -0.18620813 0.20133635 0.19201551 0.18980223 -0.39096254
68 0.19256532 0.13847265 -0.21822505 -0.039915454 0.16109024 -0.3846514 0.1781128 -0.28612432 -0.13327327 0.033248276 0.083362445 0.1783979 -0.33039144 -0.19239746 0.03467944 -0.27241993 0.14879985 0.2615056 -0.106339544 0.1576822 0.045646057 0.08775376 0.42006153 0.19198588 0.04257459 0.4258779 0.0811806 -0.003046111 -0.035348203 0.044146366 0.24711256 -0.27306795
43 0.3227065 0.11480039 -0.3037617 0.055231214 0.09936159 -0.451304 0.25779033 -0.38839442 -0.14318025 0.013234679 0.1130779 0.19165935 -0.316203 -0.15092172 0.017125446 -0.21973564 0.1293719 0.27624854 -0.101009525 0.123251975 0.00028214927 0.05553394 0.4035724 0.24416992 -0.00883865 0.4395426 0.1673099 0.013257629 0.0061695985 0.06554234 0.26127613 -0.2019694
15 0.085239 0.28838852 -0.17798777 -0.08902944 0.3382296 -0.35393572 -0.08474384 -0.17925584 -0.18145591 0.03812064 0.005870437 0.103847936 -0.50164044 -0.21742976 -0.07067743 -0.29052418 0.23665503 0.3093617 -0.12154781 0.09028561 0.122318886 0.2556648 0.36510536 0.017689599 0.14074546 0.32255453 -0.027431674 0.10946881 -0.08347417 -0.07141413 0.12725544 -0.3069487
40 -0.03288788 0.19171105 -0.07302585 -0.08592019 0.26454425 -0.41222435 0.17515402 -0.11279644 -0.098125726 0.060356423 0.14537175 0.16515051 -0.16398178 -0.14632483 0.15123428 -0.33630905 0.13136074 0.13152866 -0.16197605 0.2505106 -0.03820349 0.14400826 0.5081893 0.29344106 -0.08016254 0.3540604 -0.05112638 -0.050923552 -0.010564706 0.113492005 0.2465529 -0.3655688
44 0.05041486 0.14457592 -0.0853214 0.0013321583 0.23085448 -0.43825528 0.2547504 -0.122354284 -0.026096074 0.05787434 0.1466544 0.17513749 -0.10650539 -0.10667995 0.18157327 -0.32667774 0.06290142 0.09926895 -0.16596705 0.3584949 -0.10763959 0.06594751 0.53221714 0.36556363 -0.08580945 0.38214344 -0.074295856 -0.15382037 0.012322919 0.13904452 0.33595037 -0.35414824
83 0.20609331 0.12751448 -0.13337682 -0.074368395 0.10530059 -0.37727022 0.29311198 -0.22193037 -0.13721453 0.026898077 0.19201949 0.19781724 -0.20923685 -0.20940752 0.05331105 -0.31610772 0.12829457 0.15771575 -0.06391596 0.10876134 -0.09932787 0.19654518 0.40475574 0.22935069 -0.026101291 0.45599288 0.07303298 -0.026751187 0.06653306 0.16093901 0.23669414 -0.242436
29 0.14537644 0.21065745 -0.17902483 -0.077380694 0.2190262 -0.37804037 0.09459765 -0.2589053 -0.21190467 0.051369213 0.09983517 0.12771067 -0.38526934 -0.15920858 -0.032958806 -0.25452623 0.2357827 0.22983646 -0.11959952 0.08948922 0.06672406 0.23416777 0.3930243 0.12345105 0.00091225357 0.42246532 0.032183476 0.08584026 -0.036058813 0.012583954 0.11651125 -0.25686795
61 0.15239942 0.17335108 -0.19348523 -0.09538215 0.20347986 -0.34697425 0.1495526 -0.25018537 -0.16834593 0.06052314 0.07846824 0.1420719 -0.34240857 -0.21162525 -0.0041986913 -0.28345147 0.20806128 0.27433866 -0.08886898 0.18321587 -0.005762711 0.15095122 0.41346872 0.15085241 0.050997064 0.3689174 0.05469537 0.014283307 0.010149741 0.048727877 0.22796537 -0.31194308
47 -0.024552159 0.19508907 -0.027906476 -0.11239073 0.25732002 -0.38152087 0.22437067 -0.063142985 -0.036412 0.039474986 0.13614464 0.14330995 -0.12416608 -0.16102898 0.17992592 -0.36372027 0.12379109 0.062846996 -0.14051193 0.33807686 -0.12679659 0.11990133 0.48954934 0.26425025 -0.058365114 0.3772671 -0.11295911 -0.15544559 0.0473717 0.14609127 0.33717167 -0.36789495
85 0.22426456 0.10598231 -0.19655561 -0.080294676 0.12992685 -0.34446192 0.2654543 -0.28748906 -0.14362839 0.028719153 0.109693274 0.13038574 -0.29534045 -0.19451241 0.03617315 -0.2763473 0.1815826 0.24128193 -0.074490935 0.11671679 -0.035367142 0.17805108 0.39941168 0.19399935 0.012849191 0.4431938 0.11994562 0.021633394 -0.00041837298 0.06990246 0.24732825 -0.272093
55 0.08815341 0.27792844 -0.12608415 -0.183646 0.3082025 -0.24930915 -0.047643736 -0.1104865 -0.20051241 0.07705695 0.07023118 0.06284462 -0.50038046 -0.25916177 -0.08145836 -0.3240925 0.30207917 0.27283704 -0.10175282 0.077382766 0.015700344 0.30729023 0.3236616 -0.019874088 0.13073942 0.35102406 -0.0511448 0.06675041 -0.026707146 -0.04782744 0.108513154 -0.32272384
72 0.18112218 0.14306465 -0.15926133 0.024920687 0.20569625 -0.41165826 0.22088055 -0.2555906 -0.06331513 0.05350521 0.10507846 0.16061829 -0.22857907 -0.18978624 0.03292868 -0.3126056 0.14909756 0.18731366 -0.12749575 0.20058736 -0.07340757 0.051699553 0.45395312 0.2432683 -0.0006343764 0.4117779 0.049366593 -0.00736532 0.01247385 0.07064568 0.31175599 -0.2762749
23 0.0034108376 0.2572994 -0.043124165 -0.15745486 0.35991806 -0.31931832 0.025271134 -0.0974888 -0.15996543 0.09264716 0.08386367 0.116208166 -0.34905952 -0.17561145 0.016343249 -0.33574238 0.22300561 0.19927011 -0.12762527 0.24462871 0.012210658 0.24641933 0.4450585 0.1277222 0.038052037 0.34558424 -0.109474406 -0.020497994 -0.040796816 0.008429219 0.19988962 -0.35360706
34 0.0006591476 0.2255879 -0.015023585 -0.17486691 0.2369201 -0.30851918 0.14587969 -0.045663353 -0.17644924 0.11641972 0.11862072 0.0962321 -0.24932455 -0.19678172 0.07367868 -0.3408401 0.20416412 0.17562044 -0.15076968 0.2363847 -0.10950045 0.24863212 0.40979493 0.15895028 0.065990955 0.37992117 -0.07352862 -0.0895737 0.017687926 0.088045225 0.17857908 -0.3781512
104 -0.012509785 0.27572942 -0.033634625 -0.16914932 0.36276832 -0.2583976 -0.042461704 -0.055688497 -0.16657925 0.05680977 0.1118005 0.11214194 -0.41752863 -0.23014751 0.014513205 -0.38393313 0.228793 0.17682935 -0.10346747 0.18684463 -0.018204123 0.28960228 0.40551296 0.061599866 0.048126742 0.3441967 -0.12546997 -0.0030641223 -0.0032651273 0.009365866 0.15421207 -0.32659236
52 -0.091939785 0.2367858 0.00027999672 -0.12765324 0.32861197 -0.39524147 0.11584687 -0.014559545 -0.05442864 0.03329063 0.17989811 0.18788278 -0.19536196 -0.14193496 0.1654519 -0.38814148 0.10433792 0.052318662 -0.14805555 0.31461036 -0.03144295 0.14198203 0.5060687 0.26496693 -0.10268223 0.384075 -0.13605638 -0.09218347 0.0014041561 0.13106178 0.2680304 -0.3740804
9 0.115425065 0.18391311 -0.115178935 -0.099995375 0.2035063 -0.3181551 0.14535734 -0.16464563 -0.13836798 0.06749579 0.12134471 0.13888282 -0.32239053 -0.20839009 0.03244066 -0.32641283 0.20716292 0.16227931 -0.09848658 0.19023558 -0.08419325 0.20958973 0.41383144 0.15075995 0.051097814 0.42370003 -0.04396371 0.0017231529 -0.003924671 0.038704313 0.21239083 -0.31633842
54 -0.04535472 0.17507046 -0.031237008 -0.0319341 0.2784035 -0.33628798 0.20818412 -0.03772735 -0.053047232 0.10051806 0.15229316 0.1574343 -0.15585801 -0.15667915 0.14213523 -0.3872159 0.11499906 0.108326145 -0.1614212 0.34695056 -0.091633596 0.16741717 0.49728888 0.26007023 -0.07049823 0.3645522 -0.06986856 -0.13212354 0.052947342 0.1401297 0.30223134 -0.41249394
36 -0.00381343 0.18411575 -0.06828729 -0.08370139 0.29915586 -0.41086873 0.1865166 -0.12581241 -0.066732086 0.07730109 0.12236432 0.14373916 -0.15672141 -0.12536786 0.14985748 -0.35486218 0.12660864 0.12050044 -0.16049092 0.30102196 -0.065345846 0.08284426 0.5059224 0.27486032 -0.048140045 0.37448895 -0.08952361 -0.08080782 -0.021951267 0.11847697 0.31300122 -0.34645283
37 -0.049918815 0.15514523 -0.031264026 -0.09683165 0.26654357 -0.4134551 0.26602882 -0.031109253 -0.009040446 0.049259245 0.21997821 0.19405888 -0.072225586 -0.14566948 0.25534642 -0.3802723 0.052037008 0.03156125 -0.15284282 0.38242462 -0.1440732 0.08962662 0.5577495 0.37979612 -0.13871057 0.39592144 -0.14721729 -0.1840802 0.070516296 0.21122128 0.38535637 -0.3842221
113 0.12441472 0.16265497 0.015873207 -0.21831042 0.092770554 -0.15518759 0.18949062 -0.016778106 -0.2548039 0.09341026 0.10766307 0.07342398 -0.25227743 -0.32737908 0.019541452 -0.38898 0.2738366 0.16495094 -0.05797546 0.17161344 -0.2015995 0.3866031 0.30363336 0.0379641 0.141031 0.45192808 -0.05386824 -0.10299368 0.12597941 0.17050718 0.16241702 -0.37053132
20 0.2612018 0.16197138 -0.24658377 -0.019131837 0.14889292 -0.38978463 0.18436307 -0.34510297 -0.14894181 0.024254395 0.10930515 0.09949293 -0.36477965 -0.20835014 -0.0543286 -0.25025767 0.2365055 0.27220488 -0.073625654 0.029868077 -0.0126102185 0.16801651 0.38729313 0.14344852 0.013295871 0.44914353 0.12438253 0.07717121 -0.015460466 0.04496659 0.17999482 -0.22739471
128 0.11218715 0.22770528 -0.09735039 -0.16575122 0.2896372 -0.28182513 0.05378445 -0.15946782 -0.22700843 0.11200291 0.07268749 0.11243725 -0.38794452 -0.22599937 -0.057052795 -0.27642575 0.25156394 0.2514469 -0.10081277 0.14205232 -0.028853389 0.29085293 0.37630302 0.02838574 0.14056484 0.35539696 -0.014025575 0.024417302 -0.032266553 0.015883196 0.106128395 -0.33156326
62 0.026861843 0.15912476 -0.106405154 -0.015575163 0.26820952 -0.4588755 0.23364764 -0.12386865 0.0156244645 0.07314899 0.18822879 0.15770668 -0.11756674 -0.08544796 0.18546824 -0.36942485 0.1108147 0.1028346 -0.14332779 0.3242507 -0.10091147 0.0441803 0.54747224 0.350993 -0.13202581 0.39451486 -0.097933635 -0.12553494 0.020924287 0.13544147 0.33858314 -0.35896826
91 0.25627097 0.17846385 0.007933325 -0.26711428 -0.02044835 -0.058692195 0.19686191 0.021772442 -0.3118974 0.11384636 0.09207918 0.043186676 -0.39417332 -0.4483625 -0.089467674 -0.42292342 0.30280876 0.18232983 -0.02975032 0.13751006 -0.25699705 0.43304223 0.18134631 -0.04691886 0.2710814 0.4652151 -0.10059159 -0.12098367 0.18975239 0.14082329 0.16696577 -0.35447416
89 0.26481646 0.0914614 -0.2094184 -0.06420402 0.09968126 -0.3427872 0.32666865 -0.32597515 -0.18073077 0.040903088 0.13109535 0.1813524 -0.2702134 -0.21860746 0.0012332683 -0.2731032 0.18656883 0.25422814 -0.08995961 0.09588121 -0.06301988 0.13997413 0.37646294 0.19833906 -0.028267315 0.44135204 0.13164033 -0.00014682036 0.07021015 0.087687165 0.22358894 -0.2597541
124 0.19121101 0.1967965 -0.09813111 -0.25326943 0.10977207 -0.18928073 0.13607445 -0.13493599 -0.32045975 0.096939854 0.04690463 0.036594357 -0.37718266 -0.3465992 -0.07333265 -0.30439076 0.30756316 0.3077369 -0.1025125 0.08988365 -0.066753685 0.34995088 0.2627203 -0.0017935218 0.21751769 0.43454382 0.036228456 -0.0018749584 0.03718166 0.07636608 0.1073154 -0.3465768
10 0.17630392 0.11674257 -0.21379027 -0.030351486 0.16961063 -0.39241958 0.23039198 -0.30987832 -0.13792463 0.0069897454 0.1416195 0.17529202 -0.3232959 -0.20022385 0.03078234 -0.323333 0.14978616 0.22116083 -0.07267243 0.1369008 -0.0016809897 0.1173525 0.4138747 0.18904562 -0.0783789 0.42836654 0.10231685 0.017892202 -0.0062810774 0.08194902 0.25501564 -0.26797786
57 0.30789047 0.102246776 -0.23575163 0.019382618 0.03405461 -0.34187958 0.2739239 -0.29319546 -0.15415752 0.01929831 0.11364509 0.18808061 -0.33099034 -0.24423216 -0.03937302 -0.29582173 0.16898093 0.2279267 -0.070671484 0.09594278 -0.084836744 0.17886236 0.3703782 0.1565433 0.050684944 0.46226212 0.10964922 -0.005439987 0.082355455 0.08531346 0.21914554 -0.24989985
74 0.2758509 0.14162572 -0.2326545 -0.01270101 0.1553355 -0.38805425 0.20642647 -0.3349624 -0.14443734 0.033304226 0.12563401 0.1825613 -0.34039143 -0.17427531 -0.015091145 -0.25517303 0.1548183 0.24808672 -0.089172035 0.059236612 -0.00937554 0.17589408 0.41132164 0.14913781 0.03269993 0.4373653 0.118334666 0.060147744 0.009617728 0.0507225 0.19553205 -0.21778332
8 0.13736798 0.27507678 -0.19302522 -0.13670118 0.26717946 -0.32556137 0.035148796 -0.21782996 -0.21645774 0.06415466 0.030469984 0.076519996 -0.5018215 -0.25546664 -0.10910829 -0.283763 0.31298876 0.30855495 -0.11832344 0.08092412 0.061843786 0.27426836 0.3400532 0.011188312 0.124113224 0.35312057 0.01205029 0.104065016 -0.028727608 -0.012709317 0.078472584 -0.27702564
97 0.17644116 0.15955679 -0.10150644 -0.108833954 0.19858523 -0.3261125 0.16533376 -0.17181118 -0.12939915 0.053073302 0.13197483 0.14705381 -0.32188976 -0.21971582 0.0018787216 -0.35744688 0.18591203 0.21012506 -0.121503755 0.14125802 -0.10545946 0.1921969 0.39203203 0.12393419 0.036534656 0.40496385 0.015324641 -0.016389247 0.056313343 0.058514614 0.25925657 -0.30016047
112 0.21592805 0.15550262 -0.16218273 -0.041274633 0.12719247 -0.2977936 0.1195151 -0.2265819 -0.21596837 0.037638042 0.10966256 0.15282871 -0.35163647 -0.24227831 -0.0401742 -0.32192743 0.1558301 0.24880633 -0.05890824 0.119709596 0.009888667 0.21534924 0.40105605 0.13757694 0.09303426 0.43769243 0.039767943 0.002028282 0.03168363 0.07080888 0.20720488 -0.27119786
45 0.01605316 0.20965616 0.009892192 -0.05211621 0.28893158 -0.33027768 0.1785595 -0.063259766 -0.09206833 0.091345005 0.18898813 0.21451478 -0.18650168 -0.15180448 0.08707075 -0.3545509 0.17429347 0.07467644 -0.13569383 0.2547916 -0.13109544 0.21943411 0.4890741 0.23415539 -0.05125788 0.37387013 -0.1376791 -0.106565006 0.03313916 0.10846828 0.23592006 -0.3354547
99 0.14211096 0.19028515 -0.09131188 -0.16375884 0.22008443 -0.30410874 0.16529861 -0.11282696 -0.1779948 0.09870776 0.07842814 0.059192233 -0.31909922 -0.26018128 0.0046364088 -0.30268183 0.2511373 0.23427635 -0.1311914 0.20208846 -0.05852372 0.26288232 0.34528574 0.117428385 0.06563865 0.40039378 -0.0008313003 -0.049806796 0.02323596 0.07538364 0.16664918 -0.33013928
5 0.101414375 0.21914175 -0.22359377 -0.11436589 0.27751738 -0.38907704 0.0357569 -0.22231196 -0.13540837 0.017054582 0.04491801 0.06029748 -0.38125664 -0.18048748 0.009906926 -0.2918151 0.22259982 0.28485742 -0.13266131 0.16370392 0.07448724 0.14513724 0.40366352 0.1056847 0.08938341 0.36257663 0.0070259934 0.0039868266 -0.06041289 -0.028098268 0.19864611 -0.32013044
50 0.033234406 0.15887885 -0.06371349 -0.09541715 0.2311771 -0.3408506 0.2087237 -0.08428819 -0.08132338 0.082549065 0.112691216 0.09922262 -0.17009626 -0.1732027 0.0794482 -0.3346948 0.2102667 0.1815195 -0.18106946 0.3192568 -0.078555934 0.12989911 0.4474683 0.22835672 -0.032525636 0.39165774 -0.06590323 -0.11263671 -0.00094723515 0.09457563 0.28172547 -0.40423882
95 0.2538416 0.14601374 -0.07866405 -0.24981925 0.032910824 -0.17477912 0.1880438 -0.105225705 -0.32695127 0.08888331 0.04676439 0.008579629 -0.37743208 -0.36497357 -0.124862626 -0.2915059 0.32953116 0.28261587 -0.06863614 0.111312106 -0.15990621 0.39562201 0.23020871 -0.03238803 0.20752658 0.46637616 -0.038641844 -0.02163379 0.08824479 0.08840181 0.07648769 -0.35067743
53 0.036864832 0.19200824 -0.110238045 -0.006411752 0.28023013 -0.41311955 0.21578011 -0.16426446 -0.0003673475 0.032554083 0.15415695 0.1925531 -0.19566844 -0.104053885 0.148225 -0.35960045 0.10562529 0.11985246 -0.13019647 0.27822006 -0.1032406 0.041529417 0.51336694 0.32884225 -0.12835866 0.41365987 -0.0690426 -0.10562341 0.038809173 0.13292357 0.32957676 -0.31325725
6 0.121756546 0.3291524 -0.15848875 -0.14253679 0.34350383 -0.29144695 -0.10844908 -0.19973814 -0.24628554 0.05685776 0.042959943 0.07468311 -0.57797194 -0.27172413 -0.099083215 -0.27207893 0.26789686 0.28447407 -0.11824096 0.1104603 0.12492312 0.26045465 0.37444213 -0.017508151 0.1815147 0.31924912 -0.061468482 0.10252843 -0.08372296 -0.096242905 0.11115664 -0.2909862
48 0.08559284 0.2480144 -0.09013694 -0.19368427 0.27518466 -0.30832428 0.017315624 -0.10549986 -0.21411128 0.090301596 0.04193814 0.0722542 -0.40986025 -0.25432053 -0.07653688 -0.31932262 0.28065476 0.26266038 -0.16842842 0.17247841 0.029873356 0.27110806 0.33742937 0.04116411 0.12898603 0.34430936 -0.04257742 0.04251744 -0.025898363 -0.034275003 0.09764268 -0.33543268
105 -0.03312684 0.1851962 -0.013634495 -0.09018038 0.26568407 -0.3647903 0.2206861 -0.05627265 -0.056183588 0.065566525 0.14486034 0.17530026 -0.12036423 -0.15637468 0.16372474 -0.35600653 0.121611305 0.07888053 -0.17657724 0.30777344 -0.1477767 0.16652876 0.49630806 0.29405493 -0.05686245 0.35983437 -0.09697669 -0.16137157 0.066814 0.13009366 0.32254496 -0.3783975
13 0.14517066 0.27709642 -0.17861694 -0.104085684 0.33508173 -0.36308324 -0.043826863 -0.19581357 -0.20742792 0.08931338 0.019417593 0.11240974 -0.45727736 -0.22493836 -0.08310025 -0.25547537 0.2613624 0.3160485 -0.1389532 0.14836664 0.11307902 0.24939294 0.4119893 0.034873173 0.14399576 0.3573266 -0.045469377 0.09376087 -0.10314685 -0.032595884 0.10552489 -0.3043447
90 0.3067845 0.1364977 -0.2500481 -0.028195221 0.11318479 -0.3525153 0.250976 -0.38467276 -0.1820597 0.02071623 0.07268546 0.14159863 -0.37795508 -0.2071705 -0.048328932 -0.24688709 0.21578862 0.29741654 -0.058971774 0.05532852 -0.022135692 0.11986651 0.39744124 0.16785562 0.02158297 0.46610305 0.09996341 0.056973647 -0.0161086 0.045979023 0.19649969 -0.20249622
115 0.2090014 0.16480765 -0.029585268 -0.21946453 0.016059464 -0.14303137 0.23832633 -0.06810484 -0.25348958 0.10222497 0.12544964 0.06269714 -0.3288091 -0.37672547 -0.04728896 -0.3736431 0.2651442 0.1680213 -0.029695025 0.13230503 -0.27423245 0.3825941 0.2669314 0.0035788896 0.18410638 0.46607473 -0.033782694 -0.0999673 0.16399974 0.15793954 0.16214742 -0.30397704
93 0.38384756 0.14207576 -0.22703238 -0.063569054 0.0665985 -0.30901676 0.27376524 -0.3492724 -0.26054984 0.048662316 0.08288235 0.14163288 -0.40238196 -0.2646727 -0.11577542 -0.22996917 0.27133402 0.34011668 -0.09051189 0.008595859 -0.026951898 0.23579983 0.3296142 0.08534733 0.10938684 0.45309585 0.19377191 0.056301463 0.06960604 0.042716153 0.11488158 -0.25102797
21 0.054753408 0.28621206 -0.10733501 -0.14326811 0.34697783 -0.2940102 -0.045071457 -0.12440882 -0.14600821 0.060247466 0.060197987 0.05193552 -0.406041 -0.22135481 0.005623273 -0.32506302 0.25363484 0.23112173 -0.16417678 0.18259966 0.03782908 0.19002663 0.41892502 0.061363373 0.11572024 0.3509256 -0.07780391 0.032735426 -0.029558243 -0.033131745 0.16460694 -0.32407773
96 -0.14455906 0.17198639 -0.022748291 -0.0529082 0.3040627 -0.43525487 0.22833851 -0.00803837 0.013488955 0.043364074 0.22195466 0.20267352 -0.023972062 -0.06522739 0.27969968 -0.4064513 0.051109932 0.0022862745 -0.17279242 0.4343368 -0.10469302 0.076548584 0.5759014 0.39966583 -0.17739518 0.40005052 -0.158708 -0.1890041 0.034167305 0.19747336 0.375447 -0.41423813
102 0.07139912 0.15527406 -0.044567663 -0.049519327 0.20216233 -0.33886707 0.17830296 -0.058417097 -0.06505954 0.07009194 0.16228245 0.12682964 -0.15129548 -0.17248783 0.09829789 -0.37199992 0.15713786 0.11715243 -0.1305232 0.31659502 -0.1449907 0.12741993 0.46304163 0.26199108 -0.03502557 0.42604014 -0.12208819 -0.15545021 0.04991292 0.12717424 0.31179187 -0.3596189
38 0.17629905 0.26194212 -0.20826156 -0.075206324 0.31878537 -0.38807422 -0.0030082643 -0.23205256 -0.18847276 0.052911837 0.030740038 0.101150565 -0.47956097 -0.21263306 -0.07303679 -0.25834212 0.23023456 0.29642293 -0.10707588 0.09486806 0.10192979 0.22693104 0.3989341 0.08128787 0.102901906 0.33872056 -0.029500965 0.10595765 -0.07969413 -0.044524323 0.14136626 -0.2687512
66 0.1600876 0.22668636 -0.16149986 -0.15050411 0.2645344 -0.36173615 0.017458403 -0.25451487 -0.24160326 0.044092447 0.03015793 0.10340397 -0.39974448 -0.20790023 -0.05900428 -0.25060108 0.2507565 0.30869797 -0.13918175 0.13343821 0.08351241 0.25054857 0.3700529 0.06591609 0.104473405 0.39236715 -0.025906906 0.07505732 -0.09233878 0.0039278283 0.06858218 -0.3021494
98 -7.9904916e-05 0.16507816 -0.04127325 -0.031015923 0.26905653 -0.39962876 0.16767645 -0.12138011 -0.083037734 0.06251937 0.21651424 0.22650912 -0.1496884 -0.14756255 0.15255977 -0.37710053 0.06597789 0.062354933 -0.11296058 0.31108811 -0.10051541 0.16265176 0.5393841 0.30362204 -0.09726748 0.40696502 -0.08356625 -0.09797385 0.016487624 0.13067243 0.31309587 -0.31462154
127 0.11728408 0.20040435 -0.06339692 -0.13068508 0.19508514 -0.24102348 0.19476712 -0.10860472 -0.15312828 0.10497115 0.06280601 0.100862704 -0.27267855 -0.2497228 0.04141291 -0.31907257 0.23479733 0.21260223 -0.10606281 0.24445997 -0.1659654 0.22237748 0.35227415 0.107025415 0.07845611 0.4104572 -0.081201985 -0.06890902 0.049561318 0.11749771 0.20602033 -0.37674293
65 0.028196804 0.1874537 -0.042358268 -0.074635744 0.22467627 -0.34202766 0.1807139 -0.08303748 -0.11198611 0.08651096 0.11933027 0.17753525 -0.18228951 -0.156588 0.08272135 -0.36456287 0.16788149 0.13131888 -0.1379308 0.26106942 -0.09687733 0.14537738 0.45899108 0.24892902 -0.021424556 0.38178685 -0.059131965 -0.07637912 0.026720168 0.10436588 0.2741869 -0.37002122
109 0.16031563 0.16324732 -0.04138667 -0.1990156 0.13782503 -0.16992483 0.20692216 -0.056063797 -0.23420283 0.10458248 0.077505976 0.06494265 -0.2737399 -0.3192663 -0.0029162655 -0.31514505 0.28861025 0.18571207 -0.12520316 0.17230637 -0.16989426 0.32516405 0.2917627 0.048696533 0.13020128 0.44863427 -0.04522427 -0.07689887 0.10324577 0.121833354 0.1567725 -0.36535707
11 0.1779372 0.117543876 -0.0629949 -0.18163899 0.057581887 -0.22128698 0.22321881 -0.10844606 -0.23013654 0.068270326 0.13940519 0.090531126 -0.32866916 -0.300997 -0.016160062 -0.37073418 0.24476361 0.17573363 -0.07064321 0.14733204 -0.13587858 0.30721113 0.31206653 0.08977995 0.06822252 0.47569957 -0.00841123 -0.06333844 0.10369314 0.13752025 0.15563622 -0.32221922
39 0.17518747 0.18627582 0.10494011 -0.25436512 0.087292895 -0.09720399 0.22197777 0.05648794 -0.23475239 0.09425346 0.15638462 0.08680367 -0.33519974 -0.38690993 -0.0005873336 -0.42721483 0.23857719 0.091956675 -0.028610438 0.17016304 -0.33288547 0.46069252 0.265245 0.022164825 0.17255369 0.45683026 -0.10480599 -0.17960583 0.19461511 0.20366086 0.18653129 -0.32813406
106 0.18497153 0.16487709 0.06282024 -0.24902378 -0.019218488 -0.078597605 0.22566545 0.04551926 -0.28654346 0.08950899 0.16129787 0.07710868 -0.35709223 -0.40021077 -0.03188789 -0.43352503 0.24745946 0.09876649 -0.014952062 0.15787655 -0.3230977 0.46305266 0.22933047 -0.0077643935 0.21834026 0.47639373 -0.11120311 -0.17620984 0.20290121 0.17093897 0.17411084 -0.32355312
16 0.03736977 0.29656938 -0.10519902 -0.20303412 0.34223512 -0.32983777 -0.023791093 -0.11013005 -0.19373365 0.049836632 0.049739778 0.07383962 -0.4162833 -0.21364015 -0.01697115 -0.32127878 0.26676726 0.25752544 -0.15755278 0.16948763 0.029286608 0.2752237 0.35810876 0.027835904 0.121367685 0.34988427 -0.061058283 0.020906974 -0.024467124 -0.025134386 0.10706824 -0.32164097
110 0.0821027 0.15336455 0.01510106 -0.17569557 0.12170714 -0.16828714 0.19703189 0.012807157 -0.19567767 0.08129035 0.14072803 0.09841593 -0.2521177 -0.3187243 0.055538923 -0.4083803 0.17863101 0.11823472 -0.06503262 0.23737068 -0.2206364 0.34480724 0.33469024 0.10571021 0.12868528 0.46497506 -0.07372307 -0.15664239 0.12444043 0.16809389 0.2106104 -0.33855364
86 0.2815888 0.161515 -0.23221308 -0.090901196 0.111201294 -0.3521966 0.2472841 -0.3372858 -0.233243 0.051847573 0.043242585 0.12625955 -0.37366077 -0.22800244 -0.054182213 -0.24679081 0.23799832 0.31384513 -0.117178015 0.042653713 0.0011020035 0.162777 0.36255047 0.11737829 0.07701184 0.42222473 0.13744435 0.056809053 -0.0078032063 0.02325889 0.19210996 -0.25469583
33 0.21654515 0.1244349 -0.12941541 -0.08149203 0.12957563 -0.3735719 0.3202271 -0.22514695 -0.11229598 0.067300305 0.14788227 0.15679148 -0.24485202 -0.19570342 0.054465223 -0.27920032 0.14205214 0.20570898 -0.13588099 0.116124384 -0.13447566 0.15810014 0.41665938 0.21547474 -0.01694974 0.41240522 0.105726875 -0.05675207 0.0727847 0.11952828 0.25936684 -0.2916042
111 0.16100658 0.16095096 -0.2176049 -0.04001091 0.23528463 -0.44212306 0.24177606 -0.2399702 -0.0904714 0.004490264 0.13238135 0.17238219 -0.2299156 -0.103936665 0.102771215 -0.29408097 0.10838187 0.23081817 -0.13462253 0.1963294 -0.028876657 0.06733293 0.47308224 0.2534575 -0.06152074 0.4224156 0.04112381 -0.03223474 -0.016930925 0.08660799 0.2918046 -0.28770563
28 0.20589481 0.20489323 -0.18177243 -0.097479425 0.23546705 -0.32222503 0.034332167 -0.19775592 -0.19934608 0.046984974 0.034983166 0.101263925 -0.4111244 -0.25262687 -0.03064693 -0.24818024 0.26311064 0.30909675 -0.1284487 0.1380815 0.0508507 0.21358456 0.3783877 0.077275924 0.15031798 0.37201014 -0.036934875 0.05524489 -0.04768149 -0.035554983 0.17722273 -0.32029495
79 0.07065596 0.2871281 -0.120996326 -0.16505052 0.35086307 -0.3203399 -0.023098838 -0.14105624 -0.17396438 0.03662429 0.058329523 0.044407077 -0.44175693 -0.24915673 -0.030425692 -0.30121157 0.2868934 0.24727324 -0.11470078 0.099616654 0.06806022 0.23565222 0.37411064 0.028887726 0.06394165 0.3460336 -0.047130495 0.07407607 -0.017585425 -0.021924116 0.13298737 -0.30130216
26 0.16420367 0.21457344 -0.05420627 -0.14579861 0.20029455 -0.22099744 0.11857104 -0.14458464 -0.22697426 0.042570524 0.11493274 0.15725394 -0.34372374 -0.28973138 -0.014163499 -0.3306932 0.21641469 0.16508228 -0.08063247 0.15176341 -0.1070879 0.28666338 0.35460803 0.08868159 0.11113723 0.43048507 -0.06955436 -0.0033444972 0.03392554 0.033340618 0.17506981 -0.3050942
78 -0.0065962058 0.14820002 -0.115786076 -0.025190575 0.2523596 -0.44886905 0.23421913 -0.15063334 -0.025642818 0.03042446 0.1647716 0.20059402 -0.124989085 -0.08835461 0.19171841 -0.34160227 0.06917141 0.11813334 -0.1404447 0.29360107 -0.06949573 0.050415006 0.53659827 0.33748388 -0.117980875 0.41247854 -0.0746375 -0.113073304 -0.021597965 0.13499156 0.34756708 -0.3549124
18 0.014630848 0.13281998 -0.02465147 -0.086596854 0.17441642 -0.3599032 0.25680867 -0.034442768 -0.062857784 0.057410244 0.19231445 0.16497806 -0.102908954 -0.14365971 0.15999784 -0.37171048 0.12310877 0.049448073 -0.14473276 0.2921297 -0.14191595 0.16377677 0.46249238 0.2953767 -0.075720415 0.41980374 -0.10631685 -0.17244798 0.08074594 0.18915766 0.28984043 -0.3770053
19 -0.020777252 0.30200937 -0.14326431 -0.13599835 0.4002647 -0.33682996 0.024028398 -0.09337333 -0.051589046 0.038287584 0.13018693 0.08208398 -0.3411987 -0.1647615 0.06425042 -0.35988194 0.22102702 0.19269522 -0.11143279 0.23005114 -0.004402861 0.14899284 0.44350314 0.14192472 -0.021586984 0.33805716 -0.111295745 -0.037418578 -0.045890965 0.006800028 0.23207076 -0.33243296
119 0.20391384 0.14811401 -0.10419554 -0.11574547 0.093646094 -0.2549322 0.28255105 -0.13682042 -0.20413466 0.09102223 0.12937449 0.1374393 -0.2337559 -0.26597595 0.009564217 -0.33779463 0.18172523 0.2059381 -0.053877283 0.13602279 -0.16132212 0.24674915 0.36999035 0.15690532 0.070711784 0.47001305 0.04132954 -0.068070546 0.09223399 0.1567227 0.23118159 -0.28455043
25 0.24654484 0.12160124 -0.2762326 0.045508675 0.15188456 -0.446538 0.2591218 -0.38606215 -0.07376121 0.026413511 0.09564507 0.20994824 -0.26999035 -0.13740921 0.049133476 -0.23292387 0.12811798 0.26390934 -0.10914711 0.13831796 0.012883828 0.04989212 0.48902714 0.28543973 -0.05400317 0.42297494 0.11400834 0.03641021 -0.02486105 0.04538281 0.308166 -0.2552987
92 0.24340218 0.1514952 -0.20242502 -0.088284895 0.14873712 -0.31208006 0.16318712 -0.2950909 -0.24423546 0.06210487 0.051133968 0.113056935 -0.38477218 -0.22686283 -0.11711685 -0.23699507 0.28458354 0.32288307 -0.0999487 0.08910378 0.03796322 0.20750935 0.33935764 0.07850498 0.0828606 0.4389212 0.11350021 0.07522538 -0.017848596 0.033836544 0.10775497 -0.28380102
24 0.1104002 0.19912449 0.18157786 -0.20319298 0.079249814 -0.09057222 0.30309975 0.12650073 -0.19229567 0.094401196 0.22498082 0.13682501 -0.20563868 -0.36702996 0.03527075 -0.4836268 0.2192517 -0.012389471 -0.061181564 0.20581667 -0.4210358 0.3952614 0.33029506 0.10309271 0.096175745 0.48127303 -0.19845118 -0.25314394 0.24080694 0.2116318 0.21649727 -0.34896907
71 0.110474266 0.2117383 0.09588879 -0.24512194 0.09556264 -0.10407637 0.19966967 0.085813805 -0.2557972 0.108649135 0.15105057 0.06614639 -0.29921812 -0.3824696 -0.024075879 -0.41101468 0.2216945 0.07407458 -0.024228115 0.20933677 -0.30517036 0.46200234 0.27311742 0.04907924 0.19453871 0.47631726 -0.15838139 -0.14610352 0.18237375 0.18431385 0.1356282 -0.3033874
67 0.27684414 0.12968902 -0.031068109 -0.19256201 -0.01341862 -0.121622145 0.285134 -0.071379624 -0.29908916 0.12373414 0.13024466 0.07937044 -0.31922457 -0.39165705 -0.05885189 -0.37210208 0.27697375 0.18828596 -0.024999155 0.15433267 -0.26220298 0.3938608 0.22021197 0.018356686 0.2210096 0.48458618 -0.031360175 -0.11892603 0.17017557 0.14828803 0.16423155 -0.3092068
59 0.025322428 0.17941059 0.002447525 -0.13432093 0.24053738 -0.31202856 0.11189144 -0.014440956 -0.13613826 0.07927574 0.13619204 0.17095219 -0.20247342 -0.20729607 0.106345765 -0.37629765 0.15142967 0.096031874 -0.118977584 0.31002298 -0.085128225 0.23758233 0.46419078 0.17224498 0.020505687 0.41682762 -0.11738257 -0.117358945 0.056157254 0.096100956 0.2178597 -0.34926
101 0.14446342 0.23126516 0.00033185896 -0.2818986 0.1054171 -0.19276321 0.1239726 -0.037675127 -0.31163606 0.086930886 0.07785571 0.04562498 -0.36355627 -0.31150484 -0.045601826 -0.3431613 0.29952887 0.21165629 -0.11342147 0.17710653 -0.13301483 0.39430082 0.22753766 -0.009419227 0.2001954 0.43793288 -0.11148247 -0.09793848 0.08288792 0.08260876 0.055344667 -0.37255064
49 -0.09818425 0.18237777 -0.044285476 -0.078752905 0.2848074 -0.3730653 0.12893084 -0.048180208 -0.016303757 0.06338566 0.13454756 0.14060928 -0.17814657 -0.118392125 0.17226501 -0.4282817 0.087351404 0.10291866 -0.12700003 0.3691356 -0.09944545 0.13222913 0.52515405 0.25095177 -0.06703286 0.3942548 -0.15231983 -0.14751905 0.007860254 0.13280405 0.30091557 -0.4195123
108 0.18562318 0.20397623 -0.105224915 -0.112799846 0.18657482 -0.22005065 0.18957095 -0.11185797 -0.15305714 0.09418604 0.1262831 0.10120859 -0.36804244 -0.26690754 -0.021885417 -0.33781046 0.23591933 0.21169434 -0.050454415 0.13686264 -0.12260694 0.2565964 0.34934604 0.058440972 0.077822395 0.42668298 -0.04650187 -0.079910725 0.06134536 0.06646899 0.19973129 -0.30501607
122 0.2884293 0.06258648 -0.2508647 -0.04503592 0.07073781 -0.38152453 0.30895534 -0.4124055 -0.21051516 0.033099763 0.08263123 0.17740327 -0.28862265 -0.19900647 -0.013533121 -0.21178563 0.20399188 0.2759982 -0.11074815 0.011939935 0.030577578 0.11019842 0.39955935 0.21543284 -0.017867185 0.4856836 0.1691005 0.07820641 0.009769744 0.070574895 0.17331867 -0.22717975
125 0.056242075 0.2517198 -0.09565265 -0.16499247 0.28028515 -0.29817116 0.022530561 -0.12605928 -0.22962113 0.08820628 0.102405675 0.13771854 -0.3697072 -0.23349358 -0.0012454683 -0.3145775 0.19088651 0.1745855 -0.10401177 0.20313199 0.0065952255 0.26283175 0.40349564 0.098421365 0.053197496 0.3989561 -0.11257884 0.015360553 -0.04647512 0.05651482 0.14883989 -0.32084832
46 -0.016082617 0.18857928 -0.08257127 0.007174929 0.33501482 -0.4842189 0.29238832 -0.10447355 0.087031454 0.0066900407 0.23958538 0.2518459 -0.047833174 -0.05356903 0.25535566 -0.3760932 0.041069023 0.013997933 -0.12884234 0.3473863 -0.15368174 0.0047764285 0.6028739 0.42735672 -0.23902667 0.40560454 -0.11020927 -0.1662553 0.021822603 0.18782748 0.40343103 -0.31236747
94 0.2608394 0.09409981 -0.2817775 0.0459599 0.13134627 -0.43824172 0.23988238 -0.37989873 -0.14714628 0.026918907 0.058741644 0.13692181 -0.33884358 -0.17314851 -0.039713494 -0.25002074 0.19056071 0.28857332 -0.100321636 0.124261655 0.057597857 0.033484727 0.4526257 0.24198256 -0.05490956 0.4223096 0.16875751 0.05292855 -0.036567338 0.043289885 0.26484305 -0.23119174
27 -0.0816532 0.18695904 -0.054469623 -0.10371049 0.26816648 -0.34889692 0.11350924 -0.020421105 -0.042923376 0.0751475 0.15869501 0.14537238 -0.19288756 -0.16207805 0.15025897 -0.4180758 0.15043849 0.07238799 -0.11384049 0.3617237 -0.09866857 0.17093872 0.48256576 0.2461827 -0.061185423 0.38349208 -0.16412768 -0.11446421 0.025979677 0.16022871 0.30508745 -0.3772216
32 0.10071585 0.23074646 -0.13047434 -0.16152689 0.306453 -0.30348092 0.023608899 -0.18259713 -0.18777095 0.018473277 0.10353087 0.12185131 -0.44637096 -0.20915502 -0.03673709 -0.32148254 0.2349599 0.28100023 -0.10660707 0.1814423 0.056986786 0.24619506 0.3949578 0.041262586 0.081559315 0.36183918 -0.050079264 0.05882066 -0.05513463 -0.0034893358 0.15966515 -0.32180685
3 0.0075600296 0.3269941 -0.12843038 -0.21375453 0.42404372 -0.34124333 -0.11481997 -0.11990421 -0.16179027 0.06365124 0.03771241 0.006095243 -0.5024127 -0.23535615 -0.050374486 -0.28699142 0.33844835 0.2658847 -0.15658894 0.16469711 0.13152885 0.2754944 0.3625289 0.0049501983 0.09418582 0.30198765 -0.05988617 0.07795988 -0.073283225 -0.08111472 0.111025676 -0.31905198
107 0.24253352 0.1560768 -0.17440207 -0.0836965 0.16516928 -0.3851267 0.27369568 -0.2873152 -0.17005843 0.0064659193 0.10188674 0.124540694 -0.27970135 -0.17170875 0.0049002743 -0.2970343 0.21423979 0.24605858 -0.11549251 0.085183874 -0.07073367 0.1576993 0.3707263 0.17511375 -0.02038377 0.4541022 0.092960715 0.027771067 0.022302145 0.10547111 0.22033912 -0.2420293
116 0.20568117 0.19694118 -0.02651375 -0.22227293 0.059675626 -0.12611139 0.1702392 -0.07508715 -0.30681738 0.12364759 0.08102129 0.018908268 -0.3656651 -0.37905166 -0.06554457 -0.33129796 0.29750216 0.24697943 -0.05722769 0.1528908 -0.16473807 0.38709307 0.2559282 -0.019007713 0.23564681 0.43428886 -0.0326205 -0.094266124 0.083968416 0.11823543 0.11931214 -0.38261247
126 0.17634387 0.15961672 -0.07709375 -0.19222142 0.04856169 -0.19663225 0.1625594 -0.04226906 -0.2492764 0.10196802 0.09368499 0.047376767 -0.3369887 -0.3027683 -0.041895963 -0.34339496 0.2531063 0.20131701 -0.03716452 0.17778035 -0.15025447 0.33102268 0.323696 0.069641225 0.16693363 0.45470163 -0.08712819 -0.11553015 0.097310275 0.102911815 0.15496631 -0.3682868
31 0.11708929 0.24767202 -0.055922817 -0.18658309 0.21023671 -0.24139957 0.030096019 -0.058304965 -0.20664448 0.08124545 0.097523935 0.06981497 -0.44795284 -0.2963314 -0.020735856 -0.35813516 0.25378475 0.1737722 -0.06053213 0.15270425 -0.06931772 0.33475232 0.3259439 0.013465031 0.1796726 0.39061096 -0.08711083 -0.04132317 0.022041487 0.011647141 0.18530893 -0.34187356
35 0.19768631 0.14264387 -0.14555615 -0.014423109 0.13721767 -0.39120838 0.26241782 -0.28453434 -0.107078075 0.06539224 0.15688351 0.17943652 -0.24833873 -0.15810548 0.037822086 -0.30620962 0.16253856 0.18349549 -0.12027542 0.14594753 -0.09555145 0.14343433 0.4341967 0.24959728 -0.051252905 0.42293587 0.070021786 -0.016216282 0.037800286 0.10671435 0.20319848 -0.26062262
2 -0.024595112 0.20184736 -0.03132881 -0.07500724 0.30743688 -0.3737087 0.1931571 -0.030120263 -0.07244293 0.09988148 0.11280884 0.1431089 -0.17595352 -0.13445163 0.1281099 -0.34287003 0.105536774 0.083187155 -0.1756858 0.32796225 -0.11931681 0.14929779 0.4782138 0.2820605 -0.030600123 0.39217073 -0.14181925 -0.104353346 0.01868276 0.112692386 0.26352826 -0.3706872
22 0.11841038 0.24611107 -0.050894853 -0.11988537 0.25791353 -0.27008024 0.13281067 -0.10503072 -0.14275777 0.0564379 0.12666655 0.13696702 -0.3720245 -0.24052018 0.0030493615 -0.35229018 0.21480139 0.14218287 -0.11912832 0.1519188 -0.12596826 0.24976136 0.3772641 0.091846876 0.037383825 0.38215607 -0.066077985 -0.020091662 0.043821625 0.03730941 0.1701783 -0.30332378
1 0.050545927 0.292233 -0.16109787 -0.13401629 0.35121834 -0.325483 -0.055909157 -0.13731432 -0.13852035 0.077086985 0.08403507 0.03816357 -0.48278505 -0.20895989 -0.076616235 -0.32224593 0.31793475 0.30330262 -0.11561671 0.14277683 0.07523832 0.2393972 0.37460357 0.0074937255 0.09228069 0.34677023 -0.031706598 0.06405714 -0.018763898 -0.059015717 0.13663463 -0.30201486
114 0.25316212 0.10231415 -0.26226854 0.021566303 0.12206768 -0.40742958 0.25027162 -0.3701859 -0.106711775 0.0003741858 0.12333727 0.20523092 -0.32869968 -0.19201694 0.025346158 -0.27791134 0.18353496 0.2572447 -0.08481113 0.058926202 -0.0013575946 0.07441266 0.43113187 0.21403965 -0.04886633 0.47555918 0.10836974 0.061973736 0.0016574495 0.06848183 0.2512079 -0.25180408
70 0.16390435 0.13519199 -0.22022949 0.032878045 0.17822027 -0.4423734 0.16780293 -0.2915161 -0.10470341 0.0069124955 0.106196806 0.19737718 -0.25398597 -0.1181481 0.058983777 -0.27316394 0.111707404 0.21596934 -0.0943932 0.1652425 0.042430237 0.12088466 0.46047458 0.25061005 -0.015764788 0.42180973 0.0923223 -0.0123109035 -0.011522042 0.061128717 0.27544886 -0.28541642
56 0.056788385 0.21715926 0.13650276 -0.20621637 0.16556706 -0.16147813 0.18598916 0.10702841 -0.19004305 0.099173225 0.19926797 0.17903817 -0.21419297 -0.31847122 0.05302285 -0.46833447 0.14260155 -0.011421776 -0.07286477 0.25486428 -0.29073313 0.36739585 0.3549045 0.12706478 0.065505736 0.4539992 -0.17805402 -0.19864738 0.17286572 0.20867473 0.22943513 -0.33555916
80 0.23108348 0.13645522 -0.22194774 -0.004476255 0.19270428 -0.38163745 0.22089553 -0.32316142 -0.13322103 0.038739376 0.04478606 0.12269592 -0.269984 -0.15170982 0.0032530995 -0.25797883 0.23643745 0.2992855 -0.1276574 0.16447838 0.020127365 0.11831435 0.43290102 0.21135563 -0.0015132139 0.4288437 0.105025105 0.032056414 -0.020662613 0.037127543 0.22799772 -0.3209512
118 0.22555032 0.13645127 -0.025010627 -0.132465 0.026072273 -0.20552568 0.27085003 -0.11361522 -0.18713221 0.051397815 0.16511163 0.17384511 -0.2493258 -0.28812185 0.028285269 -0.39116374 0.15325212 0.11350605 -0.045739748 0.15541312 -0.21717988 0.30080274 0.37333325 0.13419162 0.08755452 0.4707483 -0.032129895 -0.0785487 0.13980187 0.15897977 0.22833136 -0.2768523
63 0.21752675 0.21483003 -0.18679495 -0.17449073 0.23345914 -0.33885697 -0.021392567 -0.27552947 -0.2491616 0.0844438 -0.0063758483 0.06776755 -0.4319908 -0.23890309 -0.12594365 -0.22129607 0.3153371 0.38114265 -0.15853107 0.11286045 0.111094974 0.26703325 0.33584595 0.011786676 0.17108548 0.3666396 0.011754322 0.09535716 -0.095640264 -0.050673116 0.06373241 -0.32732162
103 0.17622899 0.24963816 -0.026693258 -0.21487002 0.13362512 -0.1475705 0.11964175 -0.06546086 -0.26243332 0.1077257 0.10373394 0.07011342 -0.41474783 -0.34030563 -0.09402831 -0.34132886 0.31809267 0.19192773 -0.06773279 0.10399069 -0.13714708 0.38603088 0.2644593 -0.032599356 0.21587814 0.42656794 -0.06355223 -0.0378917 0.08627023 0.079793885 0.105892465 -0.31709993
17 0.08418602 0.28704873 -0.08658895 -0.16904424 0.3428778 -0.28766137 0.015530471 -0.13175857 -0.18654174 0.08479959 0.085036054 0.046257243 -0.4516229 -0.27264854 -0.05463236 -0.2884335 0.30177125 0.23743676 -0.13328692 0.10894028 0.0077189095 0.3225516 0.3784076 0.04108724 0.11543868 0.35721353 -0.026685758 0.054596275 -0.046472434 0.0139383515 0.113496095 -0.3088888
120 0.20570455 0.18472524 0.10857172 -0.20858686 0.04712895 -0.12612844 0.28839836 0.07697013 -0.22802567 0.100471735 0.185221 0.13984008 -0.27520913 -0.37745145 -0.026748132 -0.45909458 0.18830353 0.031112995 -0.0518345 0.14081615 -0.39059272 0.39059672 0.29393366 0.05894954 0.12507571 0.48310566 -0.109156005 -0.1774093 0.22231656 0.18098396 0.18793787 -0.28699076
14 0.12150323 0.25662312 -0.21703298 -0.091851816 0.33154947 -0.3507881 0.08019132 -0.21818717 -0.08896984 0.037867878 0.09991927 0.06780762 -0.37070394 -0.18594292 0.010671683 -0.29755527 0.24194574 0.28912765 -0.13230863 0.18826218 0.037291355 0.17236081 0.41435662 0.1179225 0.06326033 0.34158272 0.010151443 0.035332914 -0.05144983 -0.0037659404 0.20835502 -0.33896986
41 0.17956288 0.16604176 0.087892756 -0.20544945 0.031291492 -0.062376928 0.21047772 0.10670928 -0.24865 0.14369279 0.1370491 0.058698818 -0.28969973 -0.4029462 -0.04016591 -0.45345563 0.25866994 0.090855986 -0.015210265 0.19615012 -0.32535696 0.39740184 0.27197975 0.030306261 0.18614873 0.48869565 -0.14247407 -0.19037338 0.22596267 0.18102033 0.18560918 -0.34056368
121 0.21829784 0.17655371 -0.1860612 -0.08511831 0.1852328 -0.36193958 0.15532485 -0.23911731 -0.19728792 0.018297354 0.075616136 0.1425454 -0.34485546 -0.20397437 -0.009467517 -0.3014292 0.1732058 0.2442036 -0.1300321 0.11383291 0.020285737 0.18264027 0.3818357 0.13861056 0.04440491 0.4183638 0.020319311 0.04415535 0.016156496 0.055310193 0.17043696 -0.28129405
82 0.18958052 0.12714797 -0.14822774 -0.10921268 0.1072191 -0.346489 0.2755962 -0.23831695 -0.19693725 0.0821335 0.10181661 0.1111328 -0.258119 -0.17106247 -0.013968086 -0.27928624 0.17210507 0.24181968 -0.11434906 0.14667742 -0.08726285 0.1490165 0.38810337 0.19086158 -0.0012944062 0.4636355 0.0745931 -0.007906178 0.053187314 0.13114144 0.20990309 -0.25843945
100 0.1334976 0.13460027 0.013113627 -0.21753673 0.07082114 -0.1566068 0.20508814 0.02254684 -0.2106645 0.11314977 0.14824033 0.07552849 -0.30386502 -0.34448072 0.03205915 -0.41291907 0.19329481 0.13733652 -0.076367475 0.20839544 -0.21094124 0.32061422 0.30441096 0.05554597 0.16239348 0.44065288 -0.071610406 -0.17657499 0.13297899 0.13203469 0.22423792 -0.34318596
60 -0.058793463 0.13436496 -0.016643114 -0.05279883 0.2328167 -0.3870691 0.21782997 -0.046835195 -0.06520981 0.046370465 0.23037526 0.22779633 -0.117697075 -0.1544121 0.213286 -0.41029534 0.08337825 0.039261155 -0.1288286 0.32453048 -0.096020274 0.16954222 0.5154251 0.29710212 -0.13276634 0.43099478 -0.08758426 -0.16968785 0.07016306 0.18613085 0.3023589 -0.35839248
87 0.16507111 0.20803958 0.008928662 -0.18754987 0.14342383 -0.16283514 0.10947604 -0.008882404 -0.27415723 0.07687768 0.11734484 0.07930319 -0.39778468 -0.36294764 -0.03620341 -0.36867413 0.21290773 0.15445118 -0.07378777 0.1720756 -0.15282837 0.3854812 0.31464747 0.030947803 0.16231623 0.4188264 -0.061245155 -0.089403294 0.12543315 0.092578486 0.16930039 -0.3113824
42 0.071370974 0.2159713 -0.12161235 -0.044370905 0.3085958 -0.46010143 0.2261492 -0.14657317 0.010231017 0.02322293 0.18477379 0.16836068 -0.18325748 -0.13337047 0.17084461 -0.34262687 0.13313948 0.107328564 -0.17139502 0.3033791 -0.07522228 0.030729521 0.4932651 0.30733183 -0.12585618 0.3819353 -0.08532822 -0.115748934 -0.012997156 0.092349656 0.34055936 -0.31759983
75 0.20790346 0.22609603 -0.27781463 -0.086158626 0.23823091 -0.41183934 0.092078045 -0.31755772 -0.20226502 0.028158486 0.084346734 0.075243495 -0.4431085 -0.21021694 -0.05278556 -0.21845323 0.2529517 0.3222151 -0.08234378 0.08012356 0.10556499 0.16365154 0.39748648 0.13101746 0.015874116 0.3962314 0.10339051 0.08952973 -0.04149552 0.016969947 0.17186321 -0.24540192
73 0.106594175 0.20837831 -0.097797945 -0.112183765 0.24430865 -0.28393164 0.111938655 -0.09994512 -0.14779282 0.07613575 0.09836015 0.09871092 -0.3126677 -0.23372264 0.005572964 -0.3175085 0.22865643 0.22996318 -0.087916695 0.18004605 -0.075844534 0.21493179 0.36575237 0.117041364 0.07122061 0.38953403 -0.08030383 -0.06037193 0.02691715 0.06742389 0.20216262 -0.35677713
51 0.11661641 0.18950713 -0.12601839 -0.14366333 0.20983493 -0.3515215 0.088763 -0.16703331 -0.20356251 0.088946536 0.053910982 0.10319786 -0.34370455 -0.18770686 -0.022560803 -0.25921813 0.20541911 0.27107686 -0.1260426 0.17631315 -0.0040597785 0.20872901 0.41002887 0.11063823 0.10333306 0.39755893 -0.029144414 -0.009084964 -0.03152941 0.055531137 0.14227857 -0.32257378
84 0.24505676 0.109865166 -0.272772 0.025733106 0.18866242 -0.41838586 0.24787734 -0.3377881 -0.094021656 -0.00016684752 0.12201016 0.17566937 -0.2982563 -0.14489327 0.05773668 -0.27590618 0.14817831 0.28029424 -0.1165778 0.09690422 0.0053486507 0.06303171 0.44645408 0.20996267 -0.0495113 0.43297818 0.11386173 0.006947153 -0.033822812 0.04724214 0.27070612 -0.24284054
12 0.16978753 0.28470105 -0.17225239 -0.12967525 0.325381 -0.3694533 -0.11240944 -0.23581937 -0.21992692 0.04254393 0.005325864 0.1038606 -0.48084927 -0.2337017 -0.081241645 -0.2299808 0.2744888 0.3378604 -0.13420598 0.11432018 0.1453835 0.24964477 0.3872679 0.0315495 0.18297166 0.3379947 -0.04793059 0.13812539 -0.12437525 -0.09304747 0.11054532 -0.31711268
77 0.16866075 0.12860525 -0.13800097 -0.112695396 0.12630855 -0.32226825 0.2332758 -0.21299012 -0.14967223 0.054387122 0.09393633 0.16437519 -0.3042302 -0.21427386 0.011166215 -0.3367037 0.15641887 0.24121423 -0.087198175 0.16020389 -0.061479535 0.13863494 0.37496474 0.17025311 -0.00048255452 0.42485163 0.03362958 -0.016880669 0.029263858 0.08834226 0.239402 -0.30557397
58 0.29554006 0.09295506 -0.12862846 -0.1703798 -0.036587164 -0.18307674 0.2628185 -0.1902629 -0.2896145 0.109029785 0.11402775 0.086767495 -0.37696534 -0.37230328 -0.092540555 -0.35515666 0.29929054 0.24807113 -0.034967065 0.09004695 -0.13507581 0.31533012 0.24218586 0.057327993 0.1878448 0.48174793 0.042582124 -0.06513749 0.09444678 0.13467184 0.15447442 -0.32014114
30 0.11259194 0.19253089 -0.054718092 -0.07537571 0.19328369 -0.2571579 0.14813966 -0.07267612 -0.09508543 0.082321644 0.09657604 0.10370211 -0.25324 -0.23095761 0.013490388 -0.3783575 0.20387983 0.16051948 -0.115641914 0.24866615 -0.12888154 0.1584059 0.4265011 0.15221488 0.08332949 0.40933818 -0.0743075 -0.10479171 0.08503073 0.07012237 0.26548195 -0.33713397
7 0.14826074 0.29806393 -0.18613634 -0.19157109 0.31613722 -0.29839063 0.00741051 -0.21558271 -0.2634385 0.0610403 0.043209784 0.03102671 -0.44498038 -0.25434935 -0.08632512 -0.24660644 0.34092376 0.33097738 -0.112758785 0.059413888 0.07551954 0.27895367 0.33980843 0.024922997 0.11135703 0.35361552 0.058935303 0.08912131 -0.047743835 -0.033028852 0.12017954 -0.34170905
64 0.34799868 0.09281275 -0.27463686 0.0053501823 0.07754005 -0.40981516 0.3130557 -0.4302001 -0.20948754 0.03684039 0.08764658 0.18487762 -0.358496 -0.20741016 -0.054142363 -0.20013775 0.17497513 0.3306868 -0.0788963 0.020310631 -0.007082546 0.110706784 0.375013 0.18098733 -0.021889789 0.46385437 0.18684043 0.10414305 0.0033122755 0.07227369 0.18901752 -0.18055518
69 0.10397476 0.18439333 -0.19826154 0.017851757 0.30318373 -0.44572324 0.18154825 -0.2707511 -0.05659623 0.024286548 0.11216794 0.19269697 -0.2639555 -0.097019725 0.056202047 -0.25589567 0.13685183 0.19709712 -0.10717106 0.23296203 -0.010284842 0.08293414 0.49320942 0.27656716 -0.06795626 0.3987474 -0.024314258 -0.016552197 -0.075248405 0.057848852 0.29147604 -0.28267562
81 -0.042896055 0.24737786 -0.08390148 -0.08803963 0.393389 -0.4320914 0.19725755 -0.056877986 -0.0032735784 0.016717609 0.24606179 0.14868164 -0.18675174 -0.09517949 0.21098211 -0.372513 0.10190622 0.05520101 -0.15995167 0.2974489 -0.06422396 0.08404987 0.54454887 0.3196492 -0.16958673 0.39181578 -0.14061505 -0.114859454 -0.011796269 0.102137655 0.32646912 -0.3221459
88 0.24282771 0.12575988 -0.14601628 -0.05040664 0.14797173 -0.35804895 0.24931407 -0.24037671 -0.1429509 0.03852823 0.14311193 0.18674077 -0.25690892 -0.2088234 0.035069317 -0.32335725 0.106863074 0.19935459 -0.06403982 0.106810726 -0.1369042 0.15756519 0.4194569 0.19226919 -0.02995492 0.43559164 0.05788959 -0.045552876 0.08248089 0.09992876 0.27255964 -0.2284524
