128 32
35 0.29606712 0.30548513 -0.29922673 0.32903022 0.38400045 -0.16294774 0.21151525 -0.18948466 -0.14067355 -0.40245888 -0.06010993 -0.0004506861 -0.11748904 -0.19929734 0.113248914 0.09654846 -0.5043955 0.23993057 0.1873175 0.030910691 -0.11876628 -0.09261559 0.01902361 0.025418717 -0.013956867 0.26599535 -0.07898999 0.050125487 0.21904843 -0.18291716 0.18824407 -0.029732058
73 0.19421576 0.2829836 -0.20057568 0.22845767 0.33027437 -0.22513995 0.05823645 -0.034416065 -0.011763642 -0.36696014 -0.09246905 -0.17988402 -0.19685194 -0.03739008 0.10149054 0.055698223 -0.48526332 0.11522172 0.20834516 0.122373 -0.1850687 -0.03711392 -0.088679545 0.2692503 -0.113957584 0.21783595 -0.088992335 0.09836237 0.37097907 -0.08801256 0.2567319 -0.11055954
17 0.18844636 0.2913585 -0.2696018 0.17093322 0.36446697 -0.21808086 0.03170712 -0.13171805 -0.055247474 -0.30176142 -0.19298925 -0.17988096 -0.1356564 -0.11951739 0.15744637 0.15168704 -0.48328727 0.17957845 0.269685 0.08478293 -0.16303518 0.035543174 -0.020107502 0.16699444 -0.121730015 0.26248413 -0.09284652 0.13120502 0.41192937 -0.1604716 0.25618234 -0.1168563
87 0.35592303 0.37181813 -0.18995959 0.26456887 0.36736077 -0.060252912 0.018954985 -0.007905917 -0.026059201 -0.46619457 0.16145715 -0.11470962 -0.37632447 0.2645205 -0.14154807 -0.08186801 -0.3482621 0.012607573 0.15744245 0.12879717 -0.15959401 -0.07817548 -0.09647923 0.32266134 -0.08608806 0.12198259 -0.12062176 -0.009059214 0.24002439 -0.108468324 0.31997877 0.100380026
128 0.25053218 0.3045598 -0.24842885 0.20152414 0.32295537 -0.1729112 0.106451795 -0.08154427 -0.009057128 -0.32279173 -0.10202123 -0.13218936 -0.17748927 -0.08978947 0.0539458 0.083563685 -0.45324925 0.14352281 0.20509046 0.080101006 -0.16834956 -0.072049744 -0.08603144 0.24441889 -0.09743022 0.21306397 -0.14780384 0.081469916 0.42390388 -0.061592348 0.18770808 -0.10305463
102 0.21231577 0.28106332 -0.24130167 0.15970235 0.2996025 -0.21077964 0.025172394 -0.093954675 0.037319344 -0.2966 -0.12117471 -0.18319644 -0.15985681 -0.059500862 0.12474509 0.09189132 -0.48460096 0.18065187 0.17175524 0.14389929 -0.1865653 -0.014885275 -0.13827807 0.26072997 -0.085170105 0.14713983 -0.14704342 0.10088883 0.50586057 -0.072366744 0.24872862 -0.12071125
26 0.3904817 0.39966956 -0.18883115 0.21589789 0.43874782 -0.08048672 0.008656578 0.028145393 -0.019478362 -0.45744914 0.15591033 -0.1342073 -0.38483667 0.31167 -0.17270504 -0.11940645 -0.27781817 0.00528002 0.16490902 0.15558451 -0.1488355 -0.08122272 -0.15573142 0.36263832 -0.098807365 0.11785401 -0.165958 0.02076325 0.2621166 -0.098789506 0.30082428 0.11305433
12 0.13846117 0.27232873 -0.27590856 0.2269418 0.33244002 -0.28817856 0.08042883 -0.09654024 -0.05784967 -0.34958154 -0.23985766 -0.18870439 -0.12455867 -0.20562905 0.16511981 0.18429196 -0.54923916 0.16983403 0.2585018 0.07999359 -0.2224523 0.025720818 -0.09351691 0.17829598 -0.11321837 0.2753764 -0.047350388 0.1550192 0.39818892 -0.13841806 0.19303373 -0.22204879
9 0.18564467 0.3192635 -0.22628021 0.20733657 0.33080104 -0.152904 0.05239949 -0.041224845 -0.013580999 -0.3849387 -0.12585063 -0.1672936 -0.2099456 -0.0024783262 0.14686856 0.10480461 -0.5128351 0.06615047 0.18568993 0.12148467 -0.18944962 0.009051448 -0.04204548 0.27757314 -0.11123674 0.24830937 -0.08027601 0.115486406 0.37469876 -0.14918992 0.25153723 -0.10508367
113 0.31934348 0.3538803 -0.15141088 0.25707233 0.365372 -0.10551905 0.018414456 0.008032461 -0.04787857 -0.45235333 0.098981634 -0.12896098 -0.31149027 0.22067621 -0.034189392 -0.059839632 -0.38501585 0.010146972 0.16823094 0.13908093 -0.17566061 -0.06011977 -0.09665722 0.32153082 -0.067209415 0.14707333 -0.109947346 0.04791642 0.28299218 -0.12270459 0.2801533 0.0349605
117 0.32767403 0.333808 -0.24107574 0.39122945 0.4384514 -0.18035577 0.21357194 -0.10677127 -0.17617472 -0.4730262 -0.021912336 0.00607315 -0.11813536 -0.082814746 0.08276255 0.06815349 -0.43376243 0.10406653 0.20499316 0.0026010047 -0.088015035 -0.05645185 0.0764376 0.10662678 -0.06873245 0.3466176 -0.06948641 0.064415395 0.091452844 -0.18133964 0.22932963 -0.02944048
91 0.44201636 0.36659124 -0.18868063 0.3166033 0.3277011 -0.14612752 0.058918122 0.040882178 -0.034870148 -0.41754264 0.16598916 -0.1214696 -0.33419642 0.18581475 -0.1714155 -0.121056005 -0.32426074 0.13021068 0.18716007 0.1137643 -0.16934451 -0.13992116 -0.14631182 0.30443504 -0.0016851536 0.014856569 -0.1274826 -0.06550289 0.29600415 -0.062118534 0.33729014 0.0664002
67 0.38456255 0.3502491 -0.18041417 0.2658626 0.37094304 -0.060932335 0.008993092 0.021964254 -0.020481847 -0.4151155 0.15175742 -0.16337924 -0.33850998 0.23601301 -0.12515357 -0.08560814 -0.3513365 0.060249716 0.18713018 0.08341835 -0.1954339 -0.09082012 -0.09712102 0.31615907 -0.07482574 0.081579275 -0.14437829 -0.012408327 0.3049566 -0.1021723 0.34117037 0.07720063
120 0.3671851 0.34218267 -0.1705916 0.23541754 0.37796354 -0.08619966 0.03110797 0.041599922 -0.025440082 -0.4737601 0.16809171 -0.15368594 -0.3553124 0.2380731 -0.16554171 -0.10267938 -0.30401582 0.0044376515 0.14441377 0.14060707 -0.2129139 -0.123378865 -0.12649536 0.3576196 -0.10438687 0.10462439 -0.17773826 -0.0050305156 0.34068078 -0.02922094 0.29319727 0.070886284
2 0.3214414 0.32788777 -0.18932125 0.26703754 0.3740341 -0.23231879 0.02934732 -0.07364055 -0.0089258645 -0.31487536 -0.09481273 -0.06283604 -0.23192592 -0.11201731 -0.06575163 -0.052511387 -0.39114794 0.27093467 0.23457535 0.12193789 -0.099943645 -0.043395367 -0.14045344 0.13153927 -0.035075646 0.0681758 -0.16450813 -0.077745914 0.3514054 -0.06933317 0.33580664 0.019265851
88 0.26128668 0.29543927 -0.28269184 0.30044082 0.39642823 -0.14869224 0.19867006 -0.109017886 -0.15934618 -0.4180685 -0.066696174 -0.06827206 -0.16753492 -0.08094879 0.13973092 0.16566326 -0.51763797 0.0920959 0.1689857 0.04948399 -0.13424703 -0.06290641 0.06539458 0.1412987 -0.07804237 0.35917756 -0.07122769 0.14959377 0.23719554 -0.18887271 0.16845429 -0.044797085
30 0.36120692 0.34703714 -0.24944024 0.27010256 0.31394345 -0.15163963 0.08549626 -0.16185331 -0.0033732713 -0.27206242 -0.049890473 -0.06476128 -0.20423484 -0.12156403 0.0004678062 0.009809544 -0.4413473 0.26595998 0.20246479 0.11794449 -0.11223984 -0.041108757 -0.07565744 0.07464905 -0.02260108 0.074763484 -0.14598425 -0.0650438 0.37648705 -0.09071978 0.27782306 0.051115826
53 0.44965357 0.37738776 -0.15236291 0.29115644 0.3377666 -0.1808821 0.012613997 -0.047575567 0.0072550513 -0.3297395 0.083695516 -0.06946244 -0.30183363 0.02262183 -0.17774433 -0.17369132 -0.338278 0.2103005 0.17216918 0.16241838 -0.15913248 -0.06735652 -0.1770688 0.22725607 -0.0008753182 -0.047715016 -0.16958763 -0.15195274 0.32871 -0.03193844 0.36835492 0.12395901
93 0.31540865 0.2885919 -0.29151028 0.3150927 0.42244193 -0.18975063 0.1969898 -0.09192584 -0.12998177 -0.40516028 -0.011006438 -0.044891667 -0.24017708 -0.066676736 -0.0363913 0.046361834 -0.42946392 0.17950112 0.17974696 0.048954528 -0.106814854 -0.09449437 -0.057320185 0.13724254 -0.0449386 0.21991616 -0.12592912 0.04400132 0.19808589 -0.1598873 0.17475557 -0.019011581
31 0.28022668 0.30753013 -0.24897917 0.24830335 0.34043038 -0.20492445 0.01661196 -0.14598659 0.0045407554 -0.24349074 -0.13468483 -0.14171726 -0.17538902 -0.07339535 0.071385585 0.04915936 -0.4464664 0.1976751 0.24560042 0.064532176 -0.17854372 -0.03277394 -0.13101736 0.16294427 -0.033836547 0.13943823 -0.12965767 0.057808854 0.43343386 -0.089569844 0.25518274 -0.076967716
21 0.2176844 0.29585245 -0.23385403 0.2094772 0.36091524 -0.24845089 0.06432629 -0.05463384 -0.015814858 -0.4095226 -0.18445352 -0.12416901 -0.11000426 -0.11956794 0.14352609 0.12615705 -0.4662621 0.15857095 0.19338268 0.11810647 -0.115257844 -0.028543115 -0.0896924 0.25454646 -0.12586449 0.2554502 -0.10273308 0.10088207 0.34204856 -0.10343873 0.2020146 -0.1287421
23 0.27088505 0.31752098 -0.19585304 0.19856584 0.33250886 -0.23912683 -0.04084942 -0.08506172 0.028540967 -0.23894705 -0.08759598 -0.1752627 -0.1810874 -0.05448575 0.06647619 0.024770906 -0.43960956 0.16224678 0.25172958 0.14784361 -0.17740913 -0.009168427 -0.16019791 0.21628532 -0.057824805 0.06270822 -0.107515246 0.032296713 0.47312683 -0.058715176 0.30904818 -0.07415752
118 0.37702358 0.35623872 -0.17290331 0.23125331 0.42800042 -0.09084257 -0.015583363 0.031569228 -0.040534757 -0.43738717 0.1156322 -0.15588963 -0.4185161 0.3235252 -0.17536516 -0.17132871 -0.2805839 0.004292833 0.15286858 0.14717571 -0.18138368 -0.051366635 -0.15746824 0.35076085 -0.07883467 0.08521321 -0.14214294 0.0019393536 0.2753422 -0.1326038 0.33181864 0.076015174
60 0.4468253 0.347058 -0.22496343 0.2043755 0.2934408 -0.12346085 0.019425627 -0.05483707 0.047910023 -0.23868026 0.11748613 -0.14327069 -0.36124834 0.07959283 -0.19934389 -0.17817888 -0.39302695 0.19616623 0.18261707 0.18114878 -0.219114 -0.13188729 -0.19108652 0.20403224 0.04884819 -0.06600924 -0.19891657 -0.09499451 0.46127623 -0.045331784 0.30600458 0.06788765
42 0.48660865 0.37082884 -0.22243117 0.2870823 0.32536173 -0.16544168 0.024686236 -0.054436665 0.034415122 -0.22808568 0.08974864 -0.0831018 -0.3449118 0.040208753 -0.18206316 -0.19728693 -0.35350668 0.26545098 0.14649965 0.161627 -0.14663066 -0.15095858 -0.19939816 0.1546728 0.08656439 -0.1037651 -0.1610524 -0.13550712 0.39626548 -0.049336027 0.3262242 0.12645026
108 0.3591957 0.38539195 -0.13504066 0.3027836 0.3790359 -0.10138011 0.05355019 -0.0057943226 -0.08959091 -0.4507323 0.10017792 -0.13945045 -0.28974375 0.22175168 -0.057437822 -0.035990253 -0.3490582 0.02633049 0.21264008 0.061057545 -0.09890493 -0.04323768 -0.06818769 0.31464162 -0.09510947 0.16444089 -0.09393859 -0.0027975484 0.21097837 -0.12888946 0.3085937 0.025940333
69 0.3929917 0.329118 -0.27952272 0.21990003 0.32787842 -0.21947998 0.06355933 -0.12086445 -0.010372699 -0.20066866 -0.03119032 -0.056296285 -0.24863546 -0.12388312 -0.15968834 -0.051597964 -0.3857518 0.30625004 0.19026193 0.10362784 -0.1652189 -0.12875234 -0.19568466 0.15345317 0.028869964 -0.024902074 -0.18792051 -0.030096125 0.44044518 -0.040340886 0.24443248 0.015042915
29 0.27578425 0.30172965 -0.21774004 0.22839305 0.37075415 -0.2222037 0.04172797 -0.08066895 -0.048472036 -0.3166197 -0.123644695 -0.16802812 -0.17375734 -0.11206769 0.0801532 0.10521666 -0.44512135 0.16440879 0.27494037 0.06229055 -0.17787436 -0.021534814 -0.103969604 0.21465033 -0.09575272 0.1767048 -0.12665133 0.07469906 0.3964685 -0.10610624 0.25654185 -0.12021245
110 0.3466638 0.3246585 -0.26102778 0.2837644 0.29693133 -0.21763024 0.09200968 -0.12722203 0.019933453 -0.2609807 -0.040778026 -0.07195757 -0.22652619 -0.1592918 -0.08129444 -0.03640576 -0.41514635 0.30552703 0.18641865 0.1381793 -0.15217198 -0.08265417 -0.13070083 0.109639786 0.023076832 0.028520733 -0.13337955 -0.09949287 0.40880153 -0.032540455 0.25781932 0.048896648
49 0.38091192 0.33759636 -0.21823142 0.31726804 0.31498328 -0.23178999 0.089179575 -0.09473954 0.04192333 -0.2576063 -0.051380336 -0.028629566 -0.24061824 -0.17131758 -0.06931523 -0.06391571 -0.41371238 0.35538977 0.12343624 0.15447508 -0.10074338 -0.1249969 -0.10673439 0.10442966 0.06627173 -0.00574032 -0.16613036 -0.13836308 0.38280562 -0.04392365 0.2995315 0.072038144
45 0.30104083 0.2965357 -0.20474532 0.22675435 0.36981246 -0.18056001 0.030995103 -0.061215043 0.0075162556 -0.3572743 -0.109871954 -0.118186936 -0.21188696 -0.061092086 0.0016460349 0.019190319 -0.41531876 0.21642381 0.20155667 0.0795797 -0.11240766 -0.059892572 -0.12643649 0.20548102 -0.080996975 0.14148444 -0.13741527 -0.020822061 0.36428404 -0.070285015 0.2674172 -0.035179555
56 0.4236293 0.3615441 -0.23375428 0.27030867 0.28248346 -0.1887422 0.012138106 -0.09336639 0.06634989 -0.2218874 0.0636631 -0.09553982 -0.29721463 -0.02081339 -0.12534009 -0.18910024 -0.41873175 0.2896312 0.12065303 0.155853 -0.13662246 -0.11746043 -0.20341507 0.17103188 0.075044796 -0.0684394 -0.19086482 -0.1358861 0.44679442 -0.011691235 0.3230528 0.06831177
109 0.3237713 0.34239548 -0.18515357 0.25468957 0.34071934 -0.12244233 0.07035321 -0.045195546 -0.021254433 -0.37797484 0.03562902 -0.15370525 -0.31462345 0.09489361 -0.022369504 -0.040559694 -0.41622138 0.12707996 0.15697767 0.095996365 -0.16269532 -0.10308078 -0.11417707 0.29491743 -0.028738614 0.107230105 -0.10229532 0.024047675 0.33857507 -0.072193585 0.25928333 0.016587112
95 0.43474773 0.3682637 -0.17609839 0.2795039 0.3366243 -0.09622616 0.030397274 0.05581894 0.01237929 -0.41091052 0.24806038 -0.12796737 -0.38206574 0.21866703 -0.27844673 -0.14580192 -0.27127263 0.11410302 0.162215 0.13888854 -0.2128395 -0.17643052 -0.14503016 0.32497838 -0.006020668 -0.02776518 -0.1775155 -0.094449475 0.3533501 0.010951744 0.3396383 0.10546574
89 0.27137816 0.30598804 -0.20808408 0.2383369 0.31451017 -0.22115925 0.179773 -0.036122553 -0.031413604 -0.37535957 0.01869815 -0.094247006 -0.22502966 -0.13732351 0.017346445 0.012890546 -0.45814764 0.16802554 0.1925654 0.072630964 -0.2425997 -0.12304451 -0.06605541 0.20971058 -0.024031252 0.21285488 -0.10980537 0.067865655 0.32608035 -0.07394138 0.17607899 -0.11521007
19 0.40279913 0.387451 -0.13482562 0.25192475 0.40659744 -0.08267855 0.0052560577 0.007241472 -0.0041287993 -0.40990287 0.058767524 -0.12657018 -0.34965053 0.21649931 -0.13170666 -0.14288962 -0.32709637 0.08503978 0.18375313 0.118831486 -0.08541742 -0.056999035 -0.14601433 0.32920033 -0.09283417 0.038456675 -0.14677215 -0.08924971 0.32280535 -0.087134816 0.34315246 0.12088705
13 0.22350885 0.31012082 -0.23455065 0.23271593 0.3619644 -0.22642432 0.059592906 -0.0014160944 -0.0064373673 -0.389244 -0.13782945 -0.1760832 -0.18469328 -0.06911382 0.063767225 0.11970387 -0.46960345 0.14567776 0.15456964 0.08084402 -0.15242808 -0.08995739 -0.07342024 0.25048542 -0.08782893 0.20340008 -0.11716344 0.05490947 0.3484705 -0.111177795 0.2527954 -0.10178403
57 0.28579003 0.30265218 -0.21784106 0.28139055 0.3550346 -0.24621092 0.15583603 -0.044563353 -0.06689174 -0.35165653 0.007265055 -0.10503297 -0.16469398 -0.14222483 0.03207727 0.03400966 -0.44951048 0.17881179 0.22519194 0.010094567 -0.21973611 -0.13568492 -0.14028983 0.17618428 0.027756197 0.1296345 -0.107337825 0.06119693 0.33177802 -0.046532594 0.20247775 -0.19368406
99 0.29119635 0.3847522 -0.18617862 0.30353943 0.37873644 -0.079373576 0.13403536 -0.022739524 -0.13934532 -0.49710804 0.05998031 -0.05203912 -0.25321177 0.14448367 0.0694204 0.083536565 -0.45004943 -0.00048360124 0.14730848 0.057206325 -0.10446246 -0.039256517 0.013797232 0.2397303 -0.12410662 0.31477427 -0.07922438 0.10781965 0.12991218 -0.225085 0.22985661 0.031014739
78 0.44869944 0.34426373 -0.21285579 0.30167627 0.3659299 -0.17672388 0.045150325 -0.063174546 -0.018158993 -0.2977046 0.080604084 -0.045090612 -0.30313092 0.027698204 -0.196709 -0.167015 -0.33524895 0.22150493 0.17051613 0.11443349 -0.16088626 -0.108114175 -0.16284636 0.20709202 0.00973008 -0.03164735 -0.1721497 -0.09426307 0.3674866 -0.06487596 0.332234 0.12218052
126 0.37740096 0.37793562 -0.17915827 0.23619533 0.3895456 -0.0967311 0.019353317 0.00022037214 -0.04681162 -0.41688246 0.12175968 -0.10546738 -0.33232534 0.19541335 -0.11543466 -0.10090302 -0.36439383 0.043702804 0.18216908 0.13653702 -0.14361717 -0.061645065 -0.09625804 0.2574927 -0.07937459 0.093919136 -0.1258675 -0.01308093 0.27117956 -0.13276999 0.3096691 0.058800314
97 0.2353261 0.27291423 -0.27720344 0.311594 0.41818187 -0.22928707 0.20682624 -0.15833141 -0.1534157 -0.3754619 -0.16295075 -0.03923686 -0.112247944 -0.23874994 0.17695373 0.16837882 -0.5065513 0.19215617 0.23759063 0.0047363974 -0.10123785 -0.016418735 0.02221854 0.056700964 -0.07143688 0.29230312 -0.05064091 0.12944889 0.2597005 -0.15139185 0.17981085 -0.13976482
122 0.22956702 0.28964758 -0.31499332 0.29486302 0.3538235 -0.10724526 0.24810845 -0.12563112 -0.14532432 -0.46063083 -0.03100488 -0.10610481 -0.19508767 -0.06765117 0.12993458 0.15755954 -0.52997595 0.15103303 0.14938322 0.023662448 -0.18260387 -0.06065911 0.038785905 0.12387064 -0.0811255 0.33464548 -0.05067076 0.12363798 0.23969445 -0.17270762 0.15744829 -0.12360294
84 0.27824047 0.3171695 -0.3227719 0.3147419 0.3875438 -0.15442835 0.26340473 -0.13329124 -0.15185156 -0.43162894 -0.042015746 0.03780148 -0.09394032 -0.2191454 0.11362168 0.14972681 -0.5121942 0.18855876 0.15934233 0.0005568224 -0.0868432 -0.12096194 0.082588136 0.084614545 -0.024504036 0.31235754 -0.07584201 0.104531504 0.21543434 -0.20220637 0.15280081 -0.08138475
38 0.23094642 0.27015096 -0.19931148 0.15015437 0.32798514 -0.2387787 0.025357967 -0.04969325 0.045272026 -0.36283866 -0.11410195 -0.23489548 -0.1575227 -0.05578841 0.09512012 0.07316045 -0.4623377 0.11470302 0.2211292 0.111748904 -0.20945509 -0.03144669 -0.13650532 0.3241588 -0.11642409 0.16153297 -0.124544315 0.089875564 0.4611926 -0.037783172 0.24454874 -0.1731633
11 0.37874758 0.38408834 -0.20044994 0.23240772 0.31885338 -0.023883212 0.008770735 -0.018561041 -0.031375688 -0.43480918 0.13336647 -0.17375922 -0.35002944 0.2720868 -0.080520965 -0.073003896 -0.3644017 0.019071953 0.15075026 0.12867717 -0.13348493 -0.059132963 -0.07583599 0.32762 -0.08987021 0.12349606 -0.14091139 0.0015506728 0.2872149 -0.13239852 0.32388514 0.09174675
36 0.39515907 0.32974574 -0.2467718 0.2282841 0.31394273 -0.1552664 0.047206208 -0.05736962 0.047004215 -0.26641572 0.049928192 -0.12809789 -0.29296464 -0.017647494 -0.12503791 -0.13890512 -0.37956148 0.23950458 0.14686698 0.10876875 -0.20806071 -0.15284355 -0.14794672 0.20423678 0.030116636 -0.02318193 -0.18036896 -0.062345788 0.4467755 -0.033174813 0.30049172 0.04267655
10 0.21187824 0.27354282 -0.26335448 0.3135165 0.39262176 -0.26380727 0.21839839 -0.067186534 -0.120642304 -0.39286986 -0.12326862 -0.10538325 -0.13570955 -0.20318218 0.12331577 0.16557719 -0.49796697 0.13372189 0.23373707 -0.023480333 -0.1807027 -0.07311291 -0.016004935 0.12536646 -0.044161588 0.32413474 -0.05170974 0.12494318 0.24344148 -0.13351904 0.16492337 -0.22709696
58 0.32618946 0.38697797 -0.19280842 0.30976444 0.3312595 -0.056811865 0.10967565 -0.0037973863 -0.06659596 -0.46993077 0.17075227 -0.16396828 -0.36007795 0.26722276 -0.045943663 -0.017253753 -0.38221794 -0.020308936 0.16163948 0.0917766 -0.14787263 -0.08367594 -0.029280817 0.31396124 -0.052287146 0.22620095 -0.050240446 0.05619652 0.21354564 -0.11907202 0.28325886 0.032348484
59 0.37263486 0.32060233 -0.2293393 0.26280218 0.34610152 -0.31243342 0.08675646 -0.063076794 0.03697218 -0.27875286 -0.038404327 -0.07352272 -0.24642682 -0.13650493 -0.112401165 -0.09123691 -0.38267013 0.26302835 0.1492125 0.121157534 -0.17929243 -0.14016823 -0.19072363 0.1766877 0.041673403 0.016831059 -0.15203345 -0.06848841 0.36932316 -0.023788797 0.23287717 -0.013036671
82 0.23894706 0.28531757 -0.32515106 0.3116752 0.4093019 -0.15530398 0.22898613 -0.13196397 -0.15585494 -0.43535015 -0.07367907 -0.034679998 -0.14303215 -0.13919723 0.08762564 0.13785392 -0.48653647 0.17710933 0.1585335 -0.032121286 -0.121688396 -0.086819835 0.059886746 0.098157875 -0.069076695 0.3091948 -0.060603745 0.070618555 0.21676101 -0.16135299 0.19287062 -0.11308497
81 0.37314156 0.35080248 -0.2320053 0.26878914 0.32010585 -0.124235116 0.12855686 -0.09885328 -0.017184375 -0.3867831 0.04152055 -0.040223226 -0.27538168 0.0049536796 -0.012552149 -0.07816161 -0.3929194 0.17584606 0.11479077 0.12857676 -0.117908984 -0.15057719 -0.018056683 0.18863864 0.012441784 0.12682837 -0.08623776 -0.040654358 0.30459973 -0.11419752 0.280602 0.08881583
40 0.41182247 0.3453627 -0.20784798 0.17046279 0.30179787 -0.15586154 -0.018443368 -0.101729035 0.075550765 -0.20293805 0.019968078 -0.14786763 -0.30253154 -0.039513398 -0.14601654 -0.14868931 -0.37670153 0.2689048 0.17935543 0.16759582 -0.18125308 -0.112924345 -0.20200837 0.18287537 0.008632569 -0.08033622 -0.18341613 -0.10363981 0.47889933 -0.04899466 0.3423035 0.07590956
76 0.4362713 0.39767143 -0.19039182 0.24728996 0.32344392 -0.08563192 -0.040423304 0.010923611 0.0016267647 -0.3705411 0.17565706 -0.16480337 -0.390718 0.26112422 -0.17610736 -0.14788057 -0.3191293 0.10133119 0.14851516 0.1737922 -0.18419904 -0.0957473 -0.16738945 0.3148077 -0.0056253937 -0.015140218 -0.13890757 -0.07879655 0.36498573 -0.06627967 0.3658503 0.107773915
14 0.2316445 0.32407033 -0.23855345 0.23303662 0.3079523 -0.24341103 0.10426583 -0.05552852 0.01684255 -0.32539293 -0.10369204 -0.12822533 -0.19109643 -0.11693673 0.11504617 0.07432534 -0.48872176 0.19480301 0.16476329 0.13295259 -0.14137657 -0.05881495 -0.09134613 0.1675155 -0.02552772 0.14784323 -0.12480122 0.063911594 0.41166452 -0.11198964 0.24890302 -0.09359122
7 0.26909104 0.31664863 -0.2773884 0.24023098 0.33567503 -0.1714218 0.13141571 -0.098195665 -0.03468108 -0.34825954 -0.05271501 -0.076917715 -0.21499978 -0.08273069 0.087580904 0.06693411 -0.4953723 0.15278915 0.15983841 0.12799422 -0.17283742 -0.058452733 -0.03864467 0.14235222 -0.04934799 0.20251715 -0.10129227 0.08205601 0.34989917 -0.13169277 0.19490165 -0.056096897
77 0.22504224 0.2996294 -0.35767347 0.2855774 0.3606694 -0.19398114 0.25827625 -0.14257649 -0.12447237 -0.41682103 -0.05610352 0.009104217 -0.11797515 -0.20293519 0.11304274 0.17405002 -0.50168055 0.16303656 0.13810486 0.068250515 -0.17762244 -0.14364268 0.07904782 0.10525334 -0.024556786 0.35034952 -0.09455113 0.14643344 0.27862367 -0.1633642 0.11730772 -0.10154153
101 0.37365288 0.35594246 -0.16546367 0.21544781 0.32366398 -0.08616522 -0.05593856 0.016713912 -0.014736952 -0.4132132 0.09362396 -0.1395369 -0.3150542 0.23424159 -0.15155192 -0.099202566 -0.32657433 0.08709457 0.21990211 0.12801263 -0.20385972 -0.062354352 -0.1355285 0.3665785 -0.10320385 0.07158154 -0.15835263 -0.0063044485 0.33472177 -0.07278724 0.35983568 -0.003438388
33 0.2441722 0.31301978 -0.30094495 0.27975568 0.35949257 -0.13247803 0.19641113 -0.10856236 -0.10243337 -0.44050354 -0.03432214 -0.05420586 -0.16264984 -0.11490857 0.14122279 0.117631756 -0.52374166 0.13578038 0.1839132 0.08919463 -0.13641348 -0.06516907 0.07741447 0.08338953 -0.05103601 0.28974453 -0.056879375 0.04755924 0.26615378 -0.1927108 0.23049973 -0.04942228
103 0.377158 0.39875615 -0.20176174 0.24906948 0.32039776 -0.09659884 0.0056353956 -0.09622462 -0.027570799 -0.2924906 0.0674265 -0.1265188 -0.34292474 0.14086786 -0.15391716 -0.08786574 -0.39509502 0.14185198 0.1788727 0.095471635 -0.10989775 -0.018188909 -0.16349967 0.19197725 -0.06569271 -0.005083264 -0.18275851 -0.020152168 0.38396597 -0.10003806 0.29780278 0.09338861
18 0.39047462 0.33045563 -0.31155825 0.286651 0.30474207 -0.118222065 0.14593531 -0.15435223 -0.04634786 -0.25212774 0.07491313 -0.0887781 -0.2852991 -0.04322748 -0.10037261 -0.056362227 -0.45716175 0.22375381 0.14029945 0.06646545 -0.15816489 -0.15698239 -0.08353815 0.09472771 0.05038832 0.041588195 -0.13822682 -0.054619297 0.3574996 -0.10807723 0.23612534 0.032390457
50 0.40044084 0.3478749 -0.28003415 0.24142599 0.30927992 -0.114041075 0.1207863 -0.120739326 -0.027793173 -0.31705955 0.08360913 -0.07040028 -0.275495 -0.02144283 -0.12002493 -0.048362553 -0.39933002 0.22418568 0.12788165 0.14607957 -0.137439 -0.124686696 -0.08668421 0.1569868 0.024706911 0.024162943 -0.13416098 -0.072955646 0.3540626 -0.079437375 0.2672869 0.103110544
125 0.26054484 0.33221406 -0.21357988 0.19666718 0.3065326 -0.1291985 0.026448542 -0.053827606 -0.013864628 -0.3105197 -0.05160218 -0.19525076 -0.23140876 0.02341143 0.01197475 0.06639763 -0.43711233 0.11376492 0.24155498 0.06715659 -0.20399284 -0.021691123 -0.10339998 0.24234998 -0.11409673 0.17928882 -0.12989682 0.07233427 0.39692155 -0.10949116 0.31026107 -0.04821178
64 0.2916331 0.30569696 -0.30993268 0.33718562 0.39923048 -0.10695827 0.22161917 -0.12096545 -0.080832005 -0.3705943 -0.026245732 -0.050701685 -0.16529736 -0.13033502 0.111179814 0.12163235 -0.514242 0.20658104 0.15724799 0.049426876 -0.074340776 -0.10894661 0.12465922 0.032739747 -0.0020388893 0.26147735 -0.061702263 0.0075404504 0.2680494 -0.19418693 0.2392603 0.020085394
96 0.287524 0.30532217 -0.22713006 0.21164238 0.28772914 -0.11557607 0.036050316 -0.06548221 -0.0042411177 -0.32126653 0.0586771 -0.18174787 -0.32714844 0.05976295 -0.025043473 -0.021189017 -0.471832 0.13755688 0.15416119 0.116122276 -0.20692609 -0.08140071 -0.12766236 0.22658522 -0.0094986865 0.09337282 -0.09652202 0.033117797 0.36063343 -0.11513708 0.26842946 -0.026572322
79 0.2265783 0.32270202 -0.1811219 0.14402322 0.26874065 -0.20955455 0.037853993 -0.06545739 0.07678039 -0.32305455 -0.15617597 -0.18861325 -0.17486228 -0.08722777 0.09054102 0.026571034 -0.4795781 0.17079814 0.16735622 0.15099686 -0.16720115 -0.031771444 -0.13196386 0.2789938 -0.10711728 0.13740401 -0.13693357 0.03182186 0.51168984 -0.017922211 0.2605482 -0.11907957
111 0.41108358 0.34889743 -0.20688927 0.29422393 0.31297588 -0.21994859 0.047528505 -0.09599733 0.04295419 -0.29698223 0.06361924 -0.04837843 -0.27932993 -0.059235394 -0.18620373 -0.14491777 -0.39183378 0.27582118 0.16216755 0.1718947 -0.14620817 -0.12025434 -0.19066386 0.17524874 0.048709795 -0.058910508 -0.1506978 -0.16782294 0.39370266 -0.00048687012 0.3236696 0.13006227
107 0.28688774 0.30824894 -0.32001007 0.28286633 0.37591133 -0.15981969 0.24197131 -0.09198863 -0.100591555 -0.4527343 0.019119196 -0.040919475 -0.17196602 -0.13537323 0.087299325 0.09311334 -0.50823164 0.13456708 0.13529754 0.051540893 -0.15254901 -0.11581758 0.058345284 0.091467194 -0.02009376 0.26957378 -0.074135 0.08770125 0.23655121 -0.18013248 0.15810774 -0.07863789
80 0.2082913 0.32983348 -0.19653377 0.22264767 0.32234257 -0.29228908 0.005012364 -0.046912547 0.05171785 -0.30717692 -0.1404209 -0.16100372 -0.20627685 -0.10423188 0.093381956 0.05689886 -0.4667811 0.2016905 0.19588432 0.12391825 -0.20254745 -0.038528815 -0.12703568 0.21949676 -0.031604867 0.11858926 -0.07475189 0.05695746 0.4289923 -0.08677992 0.25971788 -0.17758858
44 0.38722867 0.30922747 -0.25225967 0.21787679 0.29284644 -0.19286308 0.047699355 -0.10086409 0.010895093 -0.21003947 -0.034766477 -0.11294672 -0.2981146 -0.0733533 -0.10964317 -0.09648889 -0.4270301 0.30950272 0.15903425 0.13811268 -0.15251723 -0.12779622 -0.1779573 0.12317162 0.06906401 -0.039046895 -0.14056681 -0.06889486 0.45584866 -0.071995735 0.27714366 0.037292548
8 0.3071664 0.32366246 -0.25139624 0.21688934 0.29950932 -0.12059521 0.03177751 -0.09572096 0.0037122432 -0.29466596 0.0069557065 -0.15134409 -0.23142257 -0.0359032 0.0053226477 0.03710451 -0.45392257 0.17071733 0.19562373 0.11045136 -0.1905077 -0.045108285 -0.061341513 0.1708151 -0.08921355 0.083779074 -0.14877406 0.021624697 0.42536184 -0.10221137 0.25778684 -0.03506625
32 0.18431297 0.30075243 -0.27690837 0.17661527 0.31832433 -0.18607421 0.01693532 -0.11077676 -0.032977555 -0.30931008 -0.19583917 -0.1603912 -0.17416173 -0.14830104 0.041353717 0.109363556 -0.4844512 0.2232082 0.23752905 0.10724387 -0.22131671 0.0019166158 -0.09060394 0.1950087 -0.08242585 0.19415872 -0.109750345 0.09379873 0.44964483 -0.11892563 0.28450915 -0.14678572
127 0.37477207 0.37188917 -0.12961107 0.23973626 0.32506526 -0.13074352 0.02381835 0.067215644 -0.004034944 -0.4670547 0.15731807 -0.14718403 -0.3492304 0.21583325 -0.13803661 -0.121636175 -0.3411641 -0.0022238109 0.1981846 0.12667479 -0.20185359 -0.063968435 -0.12618156 0.37495786 -0.10371862 0.14438114 -0.15715759 -0.006759379 0.29207012 -0.088560306 0.31295678 0.03357209
104 0.28130063 0.3166221 -0.27064258 0.24206641 0.34822038 -0.1728959 0.080656454 -0.10608552 -0.04875146 -0.27799165 -0.09604908 -0.13661352 -0.19351026 -0.09050752 0.060462147 0.06177332 -0.4792058 0.17005882 0.19702788 0.05325533 -0.1554677 -0.023481954 -0.08563702 0.13784254 -0.095335156 0.16447006 -0.11541714 0.047118742 0.3782572 -0.1483796 0.2571814 -0.051914603
71 0.3251346 0.35202757 -0.17505911 0.27080536 0.36638322 -0.12388748 0.06797725 0.028883243 -0.036740046 -0.470466 0.13196471 -0.137761 -0.31245145 0.19687445 -0.1024304 -0.04089467 -0.32320768 0.021814577 0.1726613 0.09764123 -0.1965458 -0.08043706 -0.103177905 0.3572869 -0.06279916 0.13104136 -0.10514082 0.0036236753 0.28454316 -0.062307905 0.31834552 -0.014679656
16 0.15855911 0.29892644 -0.20505518 0.24821508 0.38284156 -0.25671977 0.030013993 -0.066106945 -0.028330466 -0.37694934 -0.18425588 -0.14109375 -0.1774174 -0.11352982 0.16566932 0.14138213 -0.49362954 0.19180317 0.25543368 0.047226563 -0.16970538 -0.001223914 -0.050934445 0.19557571 -0.090277135 0.26056314 -0.06262502 0.081783116 0.35785133 -0.1464508 0.22113639 -0.14747591
55 0.39180994 0.33659363 -0.22544265 0.27020776 0.32956323 -0.15689975 0.056488816 -0.15088055 -0.018800192 -0.2405017 -0.0077262945 -0.051655103 -0.23771654 -0.11630147 -0.09117201 -0.09909362 -0.4282956 0.28416955 0.20457785 0.08550221 -0.09150445 -0.08954129 -0.118597694 0.09043429 -0.0008745057 0.011011483 -0.14732578 -0.12373425 0.38145474 -0.069369905 0.3234817 0.10256157
74 0.31931776 0.2851786 -0.33622542 0.3211606 0.38822544 -0.171791 0.25568214 -0.17214587 -0.15335733 -0.39971995 -0.05071747 -0.0052819126 -0.11117649 -0.18260375 0.11762437 0.10589818 -0.48307002 0.2103927 0.17974825 0.025515469 -0.12246576 -0.11035274 0.054740764 0.045647696 -0.05684086 0.28524718 -0.061152015 0.089521706 0.20390804 -0.18214224 0.16218075 -0.07426841
114 0.2565024 0.27990058 -0.311207 0.272053 0.38287476 -0.25836346 0.21389629 -0.10631221 -0.0988319 -0.3401271 -0.1525661 -0.036707815 -0.12514614 -0.22739375 0.088391006 0.17410131 -0.47702378 0.24276482 0.16604653 0.032438546 -0.1433691 -0.092989706 -0.043696303 0.1517461 -0.04591365 0.25710773 -0.10556401 0.085781366 0.32564917 -0.14436631 0.14926966 -0.15549949
85 0.28888634 0.31349665 -0.22652085 0.32382274 0.39851004 -0.15633257 0.19781627 -0.052246597 -0.08373651 -0.4560722 0.007007335 -0.067441404 -0.18925445 -0.042776745 0.054718222 0.098609805 -0.45484504 0.14904112 0.16412435 0.016793925 -0.12919116 -0.13910164 0.011864924 0.17343877 -0.045363016 0.26224306 -0.074611396 0.10714889 0.24161093 -0.13222174 0.1938522 -0.062504575
37 0.29219976 0.3413123 -0.2856468 0.23136176 0.32634816 -0.14647005 0.18767469 -0.11589963 -0.083168544 -0.4256046 0.023820592 -0.08403949 -0.19124842 -0.02660257 0.11963499 0.0853794 -0.502742 0.044280373 0.116762415 0.119464785 -0.13976197 -0.06343939 0.044766 0.17165427 -0.06774617 0.25856465 -0.065684624 0.12301628 0.2854221 -0.19042176 0.20585434 -0.013409576
61 0.18888979 0.3062941 -0.20896234 0.2810966 0.37314767 -0.2595062 0.053673394 -0.10710919 -0.038904812 -0.34475315 -0.23306863 -0.1412961 -0.11786712 -0.15152094 0.16690642 0.17643082 -0.4773026 0.21279587 0.2556518 0.06601056 -0.15436438 0.02819738 -0.087462366 0.15478998 -0.12839335 0.24842006 -0.05942985 0.09114374 0.34321323 -0.13192368 0.24551167 -0.14097306
70 0.37897658 0.37820637 -0.16420762 0.22032668 0.36316398 -0.036308 0.043837786 0.025987092 -0.06599795 -0.5244235 0.20681734 -0.12982686 -0.3775471 0.25827834 -0.09505852 -0.10737946 -0.3366402 -0.024762062 0.13208996 0.12342935 -0.1918532 -0.10403832 -0.053298194 0.32841602 -0.07636764 0.12832813 -0.12746347 0.0016322619 0.25020173 -0.12370435 0.27704325 0.05330457
5 0.12759691 0.27467215 -0.18577409 0.19709171 0.33201212 -0.2848868 -0.0014466025 -0.06192724 -0.04033988 -0.35026342 -0.2596607 -0.1968536 -0.16094187 -0.15400618 0.1732392 0.17351045 -0.5531121 0.16328575 0.2881359 0.10559866 -0.15496024 0.024929233 -0.09834697 0.19886136 -0.15047798 0.2808407 -0.06305637 0.124012254 0.40522015 -0.1475523 0.22507961 -0.15960455
105 0.43263906 0.37760055 -0.19236107 0.3143533 0.29815647 -0.16127042 0.13406567 -0.020409402 0.032620765 -0.35710406 0.17363916 -0.056094095 -0.27749744 -0.008452157 -0.164465 -0.13026467 -0.34531453 0.22800864 0.11462814 0.13560492 -0.16127811 -0.18468238 -0.1258263 0.19390081 0.07207926 -0.025121197 -0.13017257 -0.12632814 0.34688938 -0.03911746 0.30649114 0.06329726
34 0.3996566 0.33332542 -0.32333118 0.21152419 0.3143333 -0.17459334 0.08649989 -0.16305453 -0.04100378 -0.1919453 -0.004376345 -0.07129814 -0.24042733 -0.17727125 -0.13473833 -0.022456849 -0.44892162 0.36287045 0.20734863 0.08961067 -0.12367834 -0.11006138 -0.1311695 0.044988893 0.023383494 -0.030545093 -0.13491698 -0.04723182 0.4369565 -0.058164455 0.261302 0.074377656
90 0.21796645 0.32443124 -0.3132443 0.29180056 0.38236976 -0.15989196 0.2824305 -0.066772476 -0.13641031 -0.46643832 -0.07076459 -0.0058744866 -0.15370667 -0.17326015 0.096623205 0.121635385 -0.48669982 0.13809617 0.17339541 0.018758148 -0.16964947 -0.093381725 0.05000404 0.14538811 -0.09182094 0.374743 -0.042796645 0.0845719 0.23023258 -0.17212376 0.18523522 -0.14515589
94 0.23746234 0.31712455 -0.24746588 0.27836508 0.37124068 -0.1518497 0.1915251 -0.0850817 -0.09196532 -0.43087572 -0.010632619 -0.08962167 -0.14456429 -0.09746677 0.07956939 0.10202362 -0.47213113 0.1062662 0.18336037 0.019260066 -0.15538225 -0.069972225 -0.012042882 0.20034577 -0.06518202 0.275503 -0.09282296 0.10179966 0.258802 -0.1060443 0.19242851 -0.114942275
72 0.296359 0.27397695 -0.29295492 0.25289592 0.41933498 -0.21720624 0.12997353 -0.13311577 -0.104990974 -0.34469807 -0.14458722 -0.04409412 -0.10147972 -0.2048354 0.083944224 0.12825003 -0.45276535 0.27818808 0.23494244 0.0010188279 -0.13910112 -0.09109756 -0.0009210211 0.09284741 -0.08083209 0.23499782 -0.08577825 0.09647994 0.30829412 -0.12985717 0.21692795 -0.11658443
43 0.3281378 0.30717176 -0.2947965 0.3340331 0.4056922 -0.1127851 0.20047276 -0.12289493 -0.1402725 -0.41476953 0.0069008316 -0.01571456 -0.1949984 -0.10489324 0.06431873 0.051521026 -0.4474641 0.16457163 0.17839304 0.04374768 -0.108743146 -0.11593111 0.07084538 0.04729394 0.006029229 0.25444508 -0.08233448 0.026147567 0.21741213 -0.1659094 0.18578613 0.026600523
28 0.21826449 0.29824516 -0.23272489 0.19857182 0.30925843 -0.19287984 0.09899605 -0.079984136 0.02360922 -0.34683216 -0.087827854 -0.14049056 -0.22243571 -0.10278571 0.038817354 0.02771089 -0.46296296 0.1408217 0.18426245 0.12714396 -0.17994937 -0.06535609 -0.13419472 0.2577532 -0.054983452 0.16362268 -0.13962999 0.032198448 0.4346317 -0.030746356 0.19067746 -0.09923947
115 0.31320018 0.34619555 -0.1355206 0.23541129 0.3796636 -0.07557625 -0.00037269422 -0.008546613 -0.08554186 -0.5000462 0.062764235 -0.14884758 -0.32602027 0.25361118 -0.012626332 -0.028627181 -0.4103692 -0.02955135 0.18809567 0.09607866 -0.16874558 -0.019539937 -0.08553571 0.3205914 -0.12113256 0.20794754 -0.09760486 0.05970101 0.25448355 -0.14447467 0.31089652 0.046964403
22 0.36849788 0.33823198 -0.15504743 0.24257691 0.3828865 -0.10422033 0.015196552 0.009236807 -0.034617152 -0.47032842 0.13003206 -0.09373239 -0.32109004 0.21959461 -0.091206945 -0.1075968 -0.34762087 0.0373064 0.17499049 0.11846253 -0.16275781 -0.06822331 -0.123373955 0.32930416 -0.08288444 0.13570817 -0.15059985 0.011168222 0.2815283 -0.07846523 0.30497882 0.06894401
25 0.32907552 0.33246619 -0.24537489 0.3593445 0.43123573 -0.14085785 0.16771325 -0.16527233 -0.10521902 -0.3955165 -0.10969306 0.0014817215 -0.19103934 -0.1308556 0.04314895 0.060088 -0.44587982 0.2508413 0.1817922 0.018814977 -0.02421234 -0.057851855 -0.010977482 0.089685336 -0.073759906 0.25510824 -0.070881754 0.009327923 0.22119844 -0.15846048 0.2178271 0.043654546
51 0.3544564 0.33809072 -0.20782216 0.28808445 0.4031353 -0.043493852 0.13023153 -0.047702864 -0.14619926 -0.46421838 0.08562233 -0.06037955 -0.32710606 0.19081238 -0.02519529 -0.057228155 -0.41408953 0.04383829 0.13355324 0.11308341 -0.08257122 -0.0460103 -0.03801866 0.2318315 -0.08311021 0.22832136 -0.07634423 0.05734778 0.16102403 -0.21283737 0.27005845 0.0710113
124 0.41169256 0.37812752 -0.17901747 0.30089694 0.33940977 -0.05742834 0.13256082 0.05903642 -0.04579119 -0.47839108 0.28644368 -0.123669416 -0.3258849 0.23429908 -0.16061099 -0.102311686 -0.36571696 0.044244092 0.1510357 0.10025443 -0.16683705 -0.15704086 -0.032127198 0.3177114 0.008872715 0.13789622 -0.111886874 -0.05833391 0.20875755 -0.08647675 0.31541336 0.10389486
83 0.19890504 0.307424 -0.23722528 0.33027598 0.38221422 -0.19872072 0.17813604 -0.06967447 -0.1270473 -0.44119433 -0.12678692 -0.11754463 -0.16484942 -0.1642352 0.12239653 0.1709875 -0.49102086 0.14291157 0.25954583 -0.030723594 -0.17854357 -0.048553776 0.015085734 0.14644417 -0.10433124 0.35920972 -0.06979161 0.07845185 0.24407467 -0.12660843 0.20604083 -0.13260674
20 0.22978668 0.26980755 -0.33725175 0.3065653 0.40566334 -0.19573644 0.29028708 -0.13035959 -0.12083164 -0.4216721 -0.08206398 -0.0074014068 -0.1375616 -0.22745657 0.13424452 0.16117218 -0.53435975 0.1401822 0.11018793 0.012847369 -0.13017873 -0.13308835 0.050282154 0.09816202 -0.031641804 0.3335497 -0.05648271 0.11264296 0.23619989 -0.13487124 0.12804206 -0.13599259
15 0.33634564 0.31030434 -0.27798936 0.2710286 0.39326596 -0.1360467 0.26191184 -0.047457192 -0.12148098 -0.442498 0.09449036 0.0072098537 -0.18269733 -0.0834803 -0.036426492 0.049999658 -0.39774647 0.1478488 0.16323818 0.015057185 -0.17139901 -0.17778791 0.024200622 0.1581307 -0.029462859 0.23594084 -0.12391539 0.03856063 0.24545321 -0.13630709 0.1662716 -0.0767263
123 0.33598995 0.35945627 -0.15665379 0.23463985 0.38779253 -0.13419166 -0.0032746743 0.030661106 0.0036072307 -0.43458205 0.13117199 -0.17645931 -0.2862799 0.19154316 -0.09555871 -0.11020396 -0.3606679 0.028804297 0.16056733 0.12093152 -0.22360012 -0.107576184 -0.14830182 0.3419221 -0.060837932 0.083111994 -0.14969234 -0.0003374159 0.32074374 -0.08288611 0.33580902 0.0070711165
112 0.2822009 0.303321 -0.30285853 0.34233683 0.42599946 -0.117687285 0.26911673 -0.1326952 -0.18448554 -0.45063573 -0.06236387 0.00034468123 -0.17086208 -0.09869011 0.15830262 0.16143133 -0.5162903 0.09262184 0.11865536 0.0022563909 -0.055787217 -0.10106667 0.08157295 0.09849054 -0.07217306 0.36476725 -0.06552478 0.11715158 0.1410165 -0.22784783 0.13984445 -0.02673415
63 0.32020307 0.3223385 -0.14844537 0.17866853 0.29715225 -0.1957352 0.01551072 -0.014522876 0.086105116 -0.37433466 0.021043384 -0.16500145 -0.23260319 0.06326559 -0.03907852 -0.07419824 -0.40875068 0.099449806 0.14283557 0.17763247 -0.1795018 -0.105322056 -0.17588812 0.37357113 -0.05242954 0.08516109 -0.1514947 -0.0030442355 0.45440063 -0.016029928 0.27619666 -0.0614738
54 0.41474465 0.39050984 -0.18631831 0.3050816 0.345836 -0.16271563 0.030347703 -0.071879864 0.029498074 -0.367232 0.08224786 -0.078400314 -0.293995 0.06952867 -0.12219705 -0.1189159 -0.36009738 0.20944029 0.123887494 0.1657043 -0.08620346 -0.13476874 -0.11989722 0.21808022 0.01735544 0.0092421165 -0.132785 -0.10436304 0.35594505 -0.051390547 0.3164458 0.13453983
52 0.41102457 0.37237033 -0.25884938 0.19177207 0.31631565 -0.12755856 -0.011783903 -0.047136735 0.019133499 -0.28265563 0.066736355 -0.15722403 -0.3689103 0.091379836 -0.19620486 -0.12976182 -0.32752565 0.21155584 0.16252814 0.1448528 -0.17865652 -0.14461532 -0.1945377 0.22870351 0.038102765 -0.044299267 -0.1567399 -0.050529115 0.42210534 -0.06212662 0.30978122 0.033159427
68 0.23845983 0.27920225 -0.27512583 0.30145904 0.3886624 -0.19361274 0.2129554 -0.1121987 -0.1383274 -0.38511056 -0.086510025 -0.05075777 -0.1348874 -0.20803747 0.16302992 0.14738998 -0.5099462 0.15000509 0.21197355 -0.015494976 -0.15560459 -0.05749583 0.021262204 0.10077932 -0.046879094 0.3177428 -0.07009777 0.106653415 0.24224384 -0.16037843 0.18084106 -0.11417366
3 0.32474837 0.3181445 -0.24263787 0.20144178 0.34309107 -0.18410365 -0.017905248 -0.017394762 -0.0064181318 -0.27652133 -0.06625966 -0.18261868 -0.23496161 0.0080850255 -0.07830292 0.014986962 -0.36141616 0.22014345 0.21553092 0.12848046 -0.19912663 -0.09044259 -0.1668604 0.25235465 -0.06786858 0.048285425 -0.17574908 0.013048515 0.430043 -0.05768171 0.31358823 -0.046346758
47 0.4416836 0.3344036 -0.28695208 0.2236344 0.27490583 -0.14105745 0.08637304 -0.10133459 -0.007564699 -0.18279105 0.114402875 -0.085753866 -0.29856846 -0.05734922 -0.19498406 -0.14171007 -0.3896006 0.2990048 0.17349154 0.08970213 -0.21402924 -0.18611048 -0.19780022 0.14223804 0.08415517 -0.101918384 -0.19056255 -0.065693446 0.4553711 -0.045503825 0.27204102 0.055508066
65 0.3046386 0.3096689 -0.21989258 0.23455307 0.30799115 -0.2615199 0.034987587 -0.09089587 0.028288119 -0.2702384 -0.10284993 -0.107973315 -0.24609141 -0.13551185 -0.0019012281 -0.0017647878 -0.42682675 0.25285342 0.23658094 0.13161603 -0.21099219 -0.057330187 -0.18254994 0.20234273 0.001646865 0.07685041 -0.108250774 -0.021516813 0.44671443 -0.055715248 0.24998999 -0.026049955
48 0.2032568 0.3091352 -0.28720886 0.16971426 0.3398799 -0.19750784 0.023172405 -0.12485547 0.012761142 -0.3055798 -0.17278877 -0.16130897 -0.15938373 -0.11339144 0.14140539 0.13013867 -0.5189031 0.16478883 0.21554245 0.11602451 -0.16555673 0.02183724 -0.047057796 0.15585405 -0.112864636 0.19738697 -0.09705701 0.06832524 0.4271112 -0.13280648 0.27295324 -0.0992232
39 0.36288792 0.35733244 -0.2494666 0.21661708 0.3282839 -0.09238363 0.05819373 -0.026854767 -0.055191126 -0.38623184 0.08108608 -0.10093102 -0.27955782 0.11571372 -0.11745444 -0.022964936 -0.37562048 0.11514356 0.16889411 0.08286631 -0.17151643 -0.11797701 -0.07455395 0.28611016 -0.053343948 0.13069022 -0.15519084 0.0052010617 0.31566 -0.105119295 0.25916204 0.0088375285
121 0.22739306 0.3054157 -0.31052476 0.36518735 0.48590198 -0.21906857 0.30096334 -0.15470736 -0.18544985 -0.48594034 -0.19600955 0.051862992 -0.0118805505 -0.28421748 0.2182032 0.25075808 -0.5304645 0.20398061 0.19533132 -0.023584224 -0.02790908 -0.08221047 0.1292484 0.0560541 -0.11830137 0.42255867 -0.051634926 0.1571256 0.1346734 -0.20362653 0.14399077 -0.10145013
66 0.2164667 0.30669537 -0.2545098 0.29141986 0.37417164 -0.36018103 0.104593225 -0.102137595 -0.04235817 -0.3038251 -0.26878953 -0.12813075 -0.13845745 -0.28299788 0.098208725 0.14926006 -0.50097764 0.22894023 0.2744584 0.062222287 -0.1492145 -0.04641534 -0.12350334 0.12348509 -0.07387236 0.19099158 -0.05638464 0.038635973 0.36079207 -0.07419498 0.22134727 -0.15371856
6 0.16813157 0.30370814 -0.25455928 0.2659138 0.38543063 -0.18648559 0.07862546 -0.12412094 -0.07268946 -0.3665578 -0.23658606 -0.15279114 -0.113692164 -0.15816969 0.16268311 0.19518413 -0.49809557 0.18587418 0.2767286 0.050342485 -0.15057416 0.033296995 -0.006122086 0.13646409 -0.12802905 0.27211976 -0.056279648 0.08226846 0.34898102 -0.1859228 0.280367 -0.09663766
46 0.4031695 0.3357551 -0.2728563 0.27295557 0.27838144 -0.17686993 0.06706384 -0.13010883 0.002634311 -0.19472153 0.044482615 -0.116918616 -0.26956782 -0.09386502 -0.108134285 -0.0867063 -0.43786067 0.26497167 0.19346578 0.107569024 -0.20723529 -0.092717536 -0.19731131 0.10828189 0.065307915 -0.04624894 -0.17225106 -0.05400029 0.4387951 -0.04844908 0.2710804 0.00638137
62 0.3319028 0.33911756 -0.3006813 0.25130293 0.32797912 -0.19291095 0.089014314 -0.06585777 -0.006793152 -0.3179969 -0.06322484 -0.11675576 -0.25525057 -0.061703812 -0.05856472 0.034529723 -0.40383238 0.2288252 0.1595713 0.10750149 -0.12627609 -0.16105968 -0.094256386 0.19608615 0.0013743185 0.12324834 -0.10663094 -0.0004299148 0.33400324 -0.0751202 0.23470417 -0.025243595
24 0.40422603 0.37752244 -0.16648564 0.21051562 0.37386897 -0.035770956 -0.013220504 0.0344617 -0.015767934 -0.418325 0.18585578 -0.13858128 -0.45831442 0.33493212 -0.23583966 -0.21892437 -0.28730735 0.025484908 0.13740075 0.18238299 -0.22783872 -0.10520934 -0.18644635 0.3492405 -0.03269257 0.0066095726 -0.16471098 -0.060601 0.3383537 -0.08280275 0.35503897 0.13360327
86 0.40025523 0.34049302 -0.1949989 0.25333875 0.31654948 -0.11507409 0.036978625 -0.06868173 -0.01197618 -0.334373 0.09349263 -0.10893584 -0.34253347 0.089917116 -0.13063191 -0.14399186 -0.37671486 0.19508855 0.14110401 0.13438526 -0.18689188 -0.09790859 -0.17446963 0.20724176 -0.0080316 0.0105472 -0.16271107 -0.06368576 0.35441446 -0.069315 0.26790243 0.08056983
1 0.23154269 0.36624056 -0.15631521 0.28334996 0.31841466 -0.28161892 0.028984178 -0.0071073445 0.027795214 -0.29464927 -0.09273789 -0.16283865 -0.22001027 -0.012973375 0.04295019 0.04195966 -0.4353119 0.151968 0.2011164 0.13042492 -0.1545046 -0.04401088 -0.094466254 0.2586018 -0.06482938 0.14698692 -0.10480393 0.016465226 0.3736819 -0.102014266 0.27299002 -0.08224711
92 0.29932937 0.33476126 -0.22060566 0.13630214 0.3186829 -0.17886615 0.06928807 -0.044071916 0.041229278 -0.34274864 -0.014753822 -0.16731657 -0.2419 -0.049925264 -0.026885802 -0.03010473 -0.4288889 0.13804002 0.16561298 0.15404391 -0.21660404 -0.11430021 -0.10625667 0.28445554 -0.07762307 0.13877603 -0.15530619 0.021657914 0.4493275 -0.064313054 0.26559097 -0.05755658
98 0.3994649 0.33180588 -0.23990282 0.27407187 0.34378517 -0.15261094 0.10706781 -0.10234897 -0.049861837 -0.2538884 0.09490395 -0.083801664 -0.26910943 -0.109545395 -0.1471919 -0.07068015 -0.42144918 0.27328244 0.1707766 0.072537355 -0.15856382 -0.13038105 -0.12823865 0.13485079 0.06833806 -0.009276661 -0.15506008 -0.024617493 0.3427647 -0.065780796 0.25473043 0.0028576048
116 0.36596972 0.371472 -0.16669257 0.27796268 0.36302954 -0.18059337 -0.037366446 0.022318566 0.019228652 -0.36638853 -0.0042905617 -0.17384234 -0.2856668 0.13412026 -0.11161937 -0.0733813 -0.31773093 0.16464357 0.2195983 0.10305844 -0.15267351 -0.07010698 -0.19743058 0.3229791 -0.08570302 0.053486876 -0.16736339 -0.024005188 0.33842054 -0.05241863 0.33601812 0.01891503
119 0.2971296 0.3157946 -0.27285644 0.28307682 0.36475283 -0.04693923 0.11710304 -0.09290176 -0.07751384 -0.4365645 0.08196416 -0.13742886 -0.33612654 0.13857813 -0.018305233 0.031063795 -0.43648955 0.0677648 0.17041947 0.03552428 -0.17633675 -0.05677856 -0.012477333 0.22250615 -0.043426376 0.19531648 -0.07884095 0.045152504 0.26593527 -0.13164465 0.23421764 0.054851674
106 0.40250868 0.40606242 -0.1902879 0.25944996 0.382893 -0.12351123 0.024457194 0.057323214 -0.0047460054 -0.44825435 0.1885883 -0.115455076 -0.38237044 0.24969514 -0.24411345 -0.15214805 -0.2677 0.049364638 0.12876868 0.13860244 -0.17227387 -0.16476701 -0.16684122 0.33399284 0.003072121 0.036733713 -0.14977145 -0.048257913 0.32646284 -0.08732298 0.3187502 0.071380354
27 0.32967293 0.34785566 -0.24131088 0.22197437 0.2727369 -0.08808371 0.078766406 -0.056605108 0.010735503 -0.32135528 0.030424893 -0.13769747 -0.3063846 0.033664294 -0.050121818 -0.045486216 -0.4195441 0.14502804 0.1412833 0.13972238 -0.21580833 -0.08800747 -0.10848534 0.23026128 0.0148107875 0.080126695 -0.11888204 -0.0048803366 0.4159125 -0.10693967 0.26667023 0.01241046
41 0.37646365 0.37673056 -0.18885475 0.20557599 0.39442465 -0.08637405 0.04954227 0.03860308 -0.029441526 -0.4430323 0.1379856 -0.1111514 -0.35219845 0.19640394 -0.16372597 -0.13764937 -0.30265394 0.06581265 0.1403161 0.11781879 -0.19621685 -0.12632303 -0.15896232 0.31188494 -0.069684595 0.08734538 -0.13403432 -0.016647939 0.31695488 -0.059707336 0.31223133 0.0744917
4 0.232436 0.3450815 -0.2312145 0.28348896 0.3504856 -0.2630155 0.025936631 -0.031510763 -0.03709779 -0.325897 -0.18514039 -0.13110025 -0.19571953 -0.04463381 0.04846635 0.117262706 -0.4243408 0.19412817 0.19265963 0.09254761 -0.13605542 -0.06970244 -0.12137788 0.238595 -0.10566139 0.15802124 -0.108483665 0.03863356 0.3525292 -0.07431779 0.24057253 -0.110707216
75 0.26362115 0.2928625 -0.30442223 0.28186157 0.3545621 -0.12506126 0.1638627 -0.122005224 -0.09144753 -0.36586726 -0.03444806 -0.09322161 -0.23667236 -0.101648614 0.0395788 0.06541577 -0.4958967 0.18590325 0.14541906 0.051230732 -0.14784601 -0.06349688 -0.022101471 0.10645315 -0.046892274 0.22270912 -0.09504038 0.058061343 0.2962863 -0.15001376 0.15245287 -0.06101638
100 0.3087995 0.31404388 -0.2784404 0.40778595 0.4358655 -0.16969006 0.25150102 -0.12803897 -0.17948051 -0.46024427 -0.06601585 0.05492194 -0.106993996 -0.1037796 0.11007187 0.15088744 -0.46869487 0.16886036 0.16002117 0.0024220604 -0.011992749 -0.07432221 0.090994276 0.11384177 -0.04794017 0.40747306 -0.058546994 0.075219356 0.078873046 -0.17926079 0.20314798 -0.0325316
